         834           2
        741   0.463001795539E+07   0.318728553607E+07   0.100940604038E-01   0.889054839359E-02   0.477997957083E-02
        750   0.463251610674E+07   0.318610315983E+07   0.132714103589E-01  -0.122909218903E-02  -0.132143734359E-01
        754   0.463123101790E+07   0.318921004234E+07   0.602172383599E-01   0.317379265322E-01   0.511744058601E-01
        629   0.461869262832E+07   0.318177107465E+07   0.846589685142E-01  -0.213605729763E-01  -0.819198808105E-01
        609   0.461606312089E+07   0.318323567471E+07   0.826567285891E-01   0.190982940832E-02  -0.826346618114E-01
        600   0.461771607854E+07   0.318018424336E+07   0.128078535950E+00  -0.994792438698E-02  -0.127691621384E+00
        535   0.461583614639E+07   0.317628363820E+07   0.193306634491E+00  -0.568284445263E-01  -0.184764668784E+00
        513   0.461536194138E+07   0.317529394330E+07   0.184132503974E+00  -0.798714612999E-01  -0.165907590814E+00
        514   0.461622538316E+07   0.317501939237E+07   0.230050852825E+00  -0.857544815271E-01  -0.213470287824E+00
        679   0.462233777128E+07   0.319435869975E+07   0.687939731036E-01   0.221884370387E-01   0.651174630737E-01
        650   0.462094209961E+07   0.319483505759E+07   0.115442507403E+00   0.470603704781E-01   0.105414866342E+00
        676   0.462174764828E+07   0.319266754129E+07   0.687134739359E-01   0.306596710290E-01   0.614941141308E-01
        644   0.463411086824E+07   0.317417353579E+07   0.534206644185E-01   0.413584909626E-02  -0.532603242495E-01
        672   0.463291531443E+07   0.317563723705E+07   0.478941193616E-01  -0.421300573624E-03  -0.478922663407E-01
        643   0.463350599702E+07   0.317374384420E+07   0.483471451428E-01  -0.610283184251E-03  -0.483432932049E-01
        727   0.462780363713E+07   0.318651562580E+07   0.127168183850E-01   0.100066193022E-01   0.784761364857E-02
        729   0.462768109438E+07   0.318957030388E+07   0.305889750208E-01   0.163080966712E-01   0.258791687615E-01
        686   0.463486036721E+07   0.317779255351E+07   0.437343317713E-01   0.265214822377E-01  -0.347750306312E-01
        675   0.463454569642E+07   0.317676200066E+07   0.527258675393E-01   0.475789426547E-02  -0.525107565165E-01
        659   0.463579431272E+07   0.317580147128E+07   0.503367634254E-01   0.544016948910E-02  -0.500419255032E-01
        453   0.459719425163E+07   0.319317890036E+07   0.175562158264E+00  -0.412588266752E-01   0.170645189313E+00
        469   0.459832161216E+07   0.319231128249E+07   0.166945537819E+00  -0.144992716942E-01   0.166314712873E+00
        454   0.459759738095E+07   0.319375633136E+07   0.189204269382E+00  -0.361074591023E-01   0.185726968826E+00
        122   0.456111757527E+07   0.317732588704E+07   0.154473893830E-01  -0.117067589827E-01  -0.100783745154E-01
        102   0.456162788486E+07   0.317519823206E+07   0.284244278972E-01  -0.145499840156E-01  -0.244181503482E-01
        123   0.456273674152E+07   0.317512986369E+07   0.302927869054E-01  -0.210614276251E-01  -0.217731303420E-01
        602   0.462346843555E+07   0.317539816016E+07   0.438978827056E-01  -0.338690923636E-01  -0.279268453015E-01
        630   0.462288013289E+07   0.317737152588E+07   0.588292466734E-01  -0.449789667843E-01  -0.379179747769E-01
        601   0.462247084728E+07   0.317607908203E+07   0.509691315910E-01  -0.453692494756E-01  -0.232267857690E-01
        742   0.462897321614E+07   0.319064231150E+07   0.506065394878E-01   0.282964001192E-01   0.419563532642E-01
        751   0.463443783683E+07   0.318442857053E+07   0.259269262610E-01  -0.965436724157E-02  -0.240623917870E-01
        736   0.463494269979E+07   0.318267524856E+07   0.235605177039E-01  -0.118549389449E-01  -0.203607076765E-01
        739   0.463587164041E+07   0.318259712823E+07   0.224672018918E-01  -0.694560104449E-02  -0.213666512813E-01
        437   0.460771850819E+07   0.317759540259E+07   0.707663144532E-01  -0.158778252774E-01  -0.689620614958E-01
        458   0.460685999522E+07   0.317800765004E+07   0.684752027812E-01  -0.233860253419E-01  -0.643579615481E-01
        436   0.460757769810E+07   0.317709747511E+07   0.636075405894E-01  -0.248199391203E-01  -0.585652613919E-01
        414   0.459776047068E+07   0.317964491753E+07   0.603324667855E-01  -0.186687108515E-01  -0.573714718616E-01
        413   0.459611491969E+07   0.317974489056E+07   0.560596906015E-01  -0.168053813385E-01  -0.534814740672E-01
        402   0.459809267633E+07   0.317773987149E+07   0.586362634944E-01  -0.105664292287E-01  -0.576763553802E-01
        179   0.456545624188E+07   0.318082398986E+07   0.242062610305E-01   0.297635177180E-02   0.240225811105E-01
        197   0.456789360560E+07   0.317837240406E+07   0.112125248363E-01  -0.776399336525E-02  -0.808956860581E-02
        198   0.456730837696E+07   0.318096446312E+07   0.317139864380E-01   0.460004485465E-02   0.313785997636E-01
        502   0.460189348034E+07   0.318976383514E+07   0.112704191455E+00  -0.124568297138E-01   0.112013669545E+00
        504   0.460174050937E+07   0.319216610711E+07   0.178933666655E+00  -0.171630813467E-01   0.178108634550E+00
        486   0.460035032951E+07   0.319216162870E+07   0.192292786040E+00  -0.951786416379E-02   0.192057090015E+00
        266   0.458049498803E+07   0.317404184832E+07   0.705222916538E-01  -0.162172869703E-01  -0.686323045178E-01
        247   0.458050358076E+07   0.317225330237E+07   0.938469793884E-01  -0.382025973844E-01  -0.857194090823E-01
        248   0.458161576404E+07   0.317225583822E+07   0.819913604596E-01  -0.188384022824E-01  -0.797978557949E-01
        355   0.458598461835E+07   0.318895142205E+07   0.122705230212E+00  -0.159799356308E-01   0.121660244857E+00
        340   0.458527857686E+07   0.318899769553E+07   0.165191741175E+00  -0.474001615542E-01   0.158245176978E+00
        354   0.458589589574E+07   0.318782995792E+07   0.982106392523E-01  -0.130990362443E-01   0.973331645012E-01
        276   0.457513459671E+07   0.318387854460E+07   0.904099978695E-01   0.263447155904E-01   0.864865519906E-01
        291   0.457732644624E+07   0.318223296248E+07   0.596707199483E-01   0.241092660897E-01   0.545833134554E-01
        278   0.457612065493E+07   0.318447856826E+07   0.974102529581E-01   0.294851544918E-01   0.928406325159E-01
        263   0.457462019636E+07   0.318552879217E+07   0.157549724863E+00   0.498822810540E-01   0.149444551059E+00
        244   0.457364687758E+07   0.318640870583E+07   0.232361896486E+00   0.583771613626E-01   0.224909221621E+00
        260   0.457337515398E+07   0.318556917281E+07   0.122705706911E+00   0.412961744987E-01   0.115547896910E+00
        527   0.460539399726E+07   0.319596555232E+07   0.229685725265E+00   0.815899092666E-01   0.214705889757E+00
        509   0.460465881231E+07   0.319756099026E+07   0.305677189745E+00   0.159272134015E+00   0.260904066003E+00
        508   0.460413917789E+07   0.319670584120E+07   0.266684499373E+00   0.138771363088E+00   0.227734782132E+00
        468   0.459798231903E+07   0.319139059336E+07   0.167937370300E+00  -0.141983607098E-01   0.167336089642E+00
        752   0.463757096730E+07   0.318287591282E+07   0.277677735197E-01   0.243663656554E-02  -0.276606588585E-01
        764   0.463795480017E+07   0.318378216484E+07   0.144449908956E-01   0.725817999635E-02  -0.124890586161E-01
        768   0.463632772206E+07   0.318527081637E+07   0.158901363421E-01   0.115471653112E-01  -0.109160160428E-01
        662   0.463605180110E+07   0.317903197810E+07   0.300476579280E-01   0.293033285281E-01  -0.664655430521E-02
        688   0.463586333143E+07   0.317971940900E+07   0.397366938845E-01  -0.115265565714E-03   0.397365267068E-01
        687   0.463525198886E+07   0.317958086625E+07   0.379649402055E-01   0.379558786608E-01   0.829433477070E-03
        753   0.463581641033E+07   0.318412703848E+07   0.242244339743E-01  -0.412838135918E-02  -0.238700579959E-01
        740   0.463688110917E+07   0.318232840691E+07   0.360911754697E-01  -0.116056703161E-01  -0.341742792652E-01
        848   0.464203987378E+07   0.318695931343E+07   0.113403174677E+00   0.327766695875E-01   0.108563207201E+00
        813   0.464088329503E+07   0.318642581727E+07   0.348500946739E-01   0.133748044719E-01   0.321814186157E-01
        814   0.464224794097E+07   0.318527759585E+07   0.440502454300E-01   0.117270717160E-01   0.424605689012E-01
        728   0.463051956435E+07   0.318400127409E+07   0.208957144817E-01   0.121846809623E-01  -0.169754067270E-01
        767   0.463400758662E+07   0.318685317243E+07   0.106061929911E-01   0.103815352372E-01   0.217141794306E-02
        769   0.463299464477E+07   0.318948563092E+07   0.956410319737E-01   0.531336504208E-01   0.795237209263E-01
        723   0.463472853518E+07   0.318174215858E+07   0.118781230034E-01  -0.437522068058E-02  -0.110429728824E-01
        735   0.463370183043E+07   0.318362281433E+07   0.307037484714E-01  -0.330794509984E-02  -0.305250334874E-01
        722   0.463355775895E+07   0.318239478479E+07   0.302989683866E-01   0.854350045457E-02  -0.290695043865E-01
        706   0.463426925131E+07   0.318089447999E+07   0.186422974334E-01   0.155590528461E-01  -0.102689399710E-01
        642   0.462852007888E+07   0.317589273566E+07   0.498333182451E-01  -0.956800817309E-02  -0.489061634860E-01
        619   0.462937901957E+07   0.317413772367E+07   0.465034752076E-01  -0.184011469295E-01  -0.427079734718E-01
        641   0.462994815725E+07   0.317500855224E+07   0.445835446891E-01  -0.179774619041E-01  -0.407983249721E-01
        660   0.463624241524E+07   0.317641200095E+07   0.383864502351E-01   0.158702310806E-01  -0.349521862993E-01
        622   0.463283993108E+07   0.317332284770E+07   0.369877698383E-01  -0.500229580409E-02  -0.366479488417E-01
        645   0.463122527756E+07   0.317473706149E+07   0.342720532247E-01  -0.141509318521E-01  -0.312141756251E-01
        621   0.463208123180E+07   0.317309412477E+07   0.247726655714E-01  -0.722374816990E-02  -0.236960423254E-01
        607   0.462661950553E+07   0.317387368668E+07   0.525490107042E-01  -0.144494801345E-01  -0.505233713229E-01
        606   0.462535867456E+07   0.317521629873E+07   0.493542633581E-01  -0.183499352437E-01  -0.458161891494E-01
        584   0.462527982225E+07   0.317372293701E+07   0.465108750854E-01  -0.108023124867E-01  -0.452390489085E-01
        531   0.462112303315E+07   0.317506754891E+07   0.323231718641E-02  -0.285697807897E-02   0.151180377360E-02
        533   0.462096030569E+07   0.317565413172E+07   0.383261069380E-01  -0.352583070351E-01  -0.150247215628E-01
        511   0.462048012512E+07   0.317552982608E+07   0.216975466752E-01   0.216546778582E-01  -0.136325294101E-02
        638   0.461619873383E+07   0.319112537279E+07   0.561613838992E-01   0.373279136999E-01   0.419610283512E-01
        667   0.461907719159E+07   0.318718966341E+07   0.205074175612E-01   0.199437303473E-01   0.477512249726E-02
        668   0.461855126722E+07   0.319115418787E+07   0.631121367963E-01   0.318086129795E-01   0.545101270529E-01
        576   0.462221988369E+07   0.317512431733E+07   0.349533991815E-01  -0.263984781860E-01  -0.229098333431E-01
        560   0.462146797528E+07   0.317567791683E+07   0.411638904339E-01  -0.371719146819E-01  -0.176837392690E-01
        554   0.462160153638E+07   0.317499925308E+07   0.207230472729E-01  -0.199542943013E-01  -0.559203247603E-02
        526   0.460456043888E+07   0.319500273947E+07   0.171769867357E+00   0.632030176044E-01   0.159719334765E+00
        542   0.460523072810E+07   0.319236030222E+07   0.999057501799E-01   0.209917146232E-01   0.976755181004E-01
        543   0.460631957072E+07   0.319357937689E+07   0.140192553379E+00   0.472717845815E-01   0.131982310956E+00
        690   0.462298884343E+07   0.318338684715E+07   0.256003892197E-01  -0.906067005852E-02  -0.239433536976E-01
        691   0.462602768221E+07   0.318081709329E+07   0.308421891709E-01  -0.830200968080E-02  -0.297038258161E-01
        711   0.462565782990E+07   0.318470995430E+07   0.107177540995E-01   0.105976372739E-01  -0.160010535508E-02
        715   0.462577837046E+07   0.319009474274E+07   0.306659350904E-01   0.143360555053E-01   0.271086164810E-01
        717   0.462584161098E+07   0.319211678019E+07   0.415354533990E-01   0.196239104467E-01   0.366073220523E-01
        623   0.461838310904E+07   0.319550456550E+07   0.242552420772E+00   0.106685590710E+00   0.217829891331E+00
        599   0.461797206952E+07   0.319677071969E+07   0.256011924922E+00   0.118037130476E+00   0.227176894801E+00
        598   0.461700146483E+07   0.319690584292E+07   0.249494237975E+00   0.988590147619E-01   0.229072630367E+00
        664   0.462265251439E+07   0.318014867503E+07   0.497156416420E-01  -0.265738843318E-01  -0.420175403301E-01
        631   0.462094862467E+07   0.317983467533E+07   0.787575581263E-01  -0.460572303456E-01  -0.638864969685E-01
        332   0.459295539972E+07   0.317397982103E+07   0.362574459416E-01   0.723018956408E-03  -0.362502362723E-01
        350   0.459369226030E+07   0.317507735214E+07   0.487833321358E-01  -0.494563101751E-02  -0.485319918004E-01
        349   0.459228471304E+07   0.317595876420E+07   0.424254571226E-01  -0.858773096173E-02  -0.415472055497E-01
        323   0.458473571843E+07   0.318913762308E+07   0.151643500729E+00  -0.607410288748E-01   0.138947035682E+00
        324   0.458453645828E+07   0.318976116127E+07   0.182214283261E+00  -0.131963187251E+00   0.125649362255E+00
        435   0.460695441426E+07   0.317700216475E+07   0.594322346824E-01  -0.278218003976E-01  -0.525179773218E-01
        400   0.459743097918E+07   0.317709255419E+07   0.554439435600E-01  -0.849487788456E-02  -0.547893048615E-01
        399   0.459611516537E+07   0.317773632398E+07   0.551436851401E-01  -0.170513253030E-01  -0.524411891193E-01
        649   0.461984589692E+07   0.319458750068E+07   0.118692666737E+00   0.489310803820E-01   0.108137405692E+00
        624   0.461898125843E+07   0.319646042907E+07   0.209334755873E+00   0.917100288932E-01   0.188176275383E+00
        697   0.462366967102E+07   0.319143988924E+07   0.446916795119E-01   0.174291090911E-01   0.411530360227E-01
        712   0.462527685250E+07   0.318839830858E+07   0.256782622741E-01   0.128277411498E-01   0.222445995786E-01
        700   0.462421246718E+07   0.319282908472E+07   0.476773249618E-01   0.173915768458E-01   0.443921205883E-01
        693   0.462307774285E+07   0.318929783880E+07   0.358280152729E-01   0.200040766667E-01   0.297234519379E-01
        720   0.462714578225E+07   0.319533276380E+07   0.223189746631E-01   0.105682922899E-01   0.196582763254E-01
        719   0.462665137222E+07   0.319487075832E+07   0.307559767280E-01   0.199133093110E-01   0.234390745717E-01
        731   0.462783474288E+07   0.319337852098E+07   0.437949696630E-01   0.269701485101E-01   0.345052236208E-01
        730   0.462713017071E+07   0.319225936194E+07   0.429080610313E-01   0.259773404909E-01   0.341508342868E-01
        834   0.463301963140E+07   0.319561084159E+07   0.510213156068E-01  -0.220233513298E-01  -0.460233271554E-01
        881   0.463350061922E+07   0.319596476194E+07   0.618397941994E-01  -0.318576448292E-01   0.530023642167E-01
        880   0.463259262867E+07   0.319684931754E+07   0.600089652925E-01  -0.162154517747E-01   0.577765959470E-01
        732   0.462816580304E+07   0.319453160896E+07   0.464541977702E-01   0.273599580189E-01   0.375423119650E-01
        338   0.458503673448E+07   0.318834788522E+07   0.129075101216E+00  -0.451426863907E-02   0.128996136115E+00
        392   0.459029051414E+07   0.319059591643E+07   0.703900691287E-01   0.178561837703E-01   0.680875798741E-01
        406   0.459121909603E+07   0.318843754137E+07   0.453574887070E-01   0.115151235071E-01   0.438714452968E-01
        407   0.459142929592E+07   0.319019180624E+07   0.674662566392E-01   0.123592316777E-01   0.663245443048E-01
        299   0.458642548526E+07   0.317468681367E+07   0.296034127559E-01   0.971053825688E-02  -0.279654696645E-01
        288   0.458583209569E+07   0.317410367667E+07   0.392198210895E-01   0.109747757203E-01  -0.376530033886E-01
        289   0.458682838109E+07   0.317340202668E+07   0.280142472309E-01   0.152811451796E-01  -0.234794516528E-01
        348   0.459144210689E+07   0.317523938198E+07   0.313523362026E-01  -0.109048944360E-01  -0.293947659066E-01
        330   0.459074706705E+07   0.317427425069E+07   0.210185885622E-01  -0.125100220086E-01  -0.168902461347E-01
        331   0.459208417150E+07   0.317333502554E+07   0.196020934652E-01  -0.254737704599E-02  -0.194358673181E-01
        245   0.457421797213E+07   0.318679057163E+07   0.210580688704E+00   0.719097262398E-01   0.197922251724E+00
        333   0.458384849707E+07   0.318255335157E+07   0.913784378808E-02  -0.187800209715E-02   0.894277905454E-02
        316   0.458176665317E+07   0.318471013415E+07   0.629465431886E-01   0.996723880701E-02   0.621524050215E-01
        315   0.458172774639E+07   0.318217942653E+07   0.184883378199E-01   0.121077710674E-01   0.139721335207E-01
        292   0.457783736883E+07   0.318376153360E+07   0.734508615528E-01   0.196957049591E-01   0.707609233193E-01
        302   0.457922000418E+07   0.318413634663E+07   0.592238371969E-01   0.150653594987E-01   0.572756303807E-01
        293   0.457759201206E+07   0.318565502666E+07   0.900968117444E-01   0.115686305589E-01   0.893510060016E-01
        347   0.458989715798E+07   0.317639993147E+07   0.369423254276E-01  -0.194186062725E-01  -0.314269492384E-01
        201   0.456828702646E+07   0.318213289497E+07   0.645045552738E-01   0.147446681830E-01   0.627967547828E-01
        215   0.456981999478E+07   0.317891101446E+07   0.991292905995E-02  -0.990513960932E-02  -0.392901854818E-03
        271   0.458502579245E+07   0.317345282134E+07   0.757058503904E-01   0.148318394009E-01  -0.742387521670E-01
        269   0.458492890881E+07   0.317272853962E+07   0.931565787271E-01   0.189893208080E-01  -0.912006242051E-01
        254   0.458571943572E+07   0.317255235275E+07   0.527136012373E-01   0.369356458733E-02  -0.525840406972E-01
        216   0.457197267003E+07   0.317623143486E+07   0.626442011326E-01  -0.291691567396E-01  -0.554387610850E-01
        204   0.457354749310E+07   0.317382734415E+07   0.979741751696E-01  -0.344057699183E-01  -0.917343010901E-01
        219   0.457377353748E+07   0.317553113258E+07   0.821717683364E-01  -0.475311493881E-01  -0.670297646526E-01
        182   0.456847180766E+07   0.317572956112E+07   0.373284711594E-01  -0.142165455395E-01  -0.345152805583E-01
        178   0.456591740513E+07   0.317797984512E+07   0.128415638897E-01  -0.921178305953E-02  -0.894700039107E-02
        180   0.456560435753E+07   0.318279633459E+07   0.447875665790E-01   0.118316900998E-01   0.431964955691E-01
         47   0.455550052678E+07   0.317776538479E+07   0.114955784081E-01  -0.902476576421E-02  -0.712052848022E-02
         39   0.455428105567E+07   0.317781697684E+07   0.104793387848E-01  -0.877495960154E-02  -0.572857969807E-02
         40   0.455537806328E+07   0.317612992141E+07   0.157190924792E-01  -0.131302569983E-01  -0.864211892579E-02
        304   0.458033372587E+07   0.318675398881E+07   0.948244055225E-01   0.205919595679E-01   0.925615421427E-01
        303   0.457998835413E+07   0.318523775139E+07   0.628287249066E-01   0.199297155014E-01   0.595840172649E-01
          8   0.454660663406E+07   0.318356116435E+07   0.725574053290E-02   0.341791901216E-02   0.640028126781E-02
          1   0.454616222211E+07   0.318354828786E+07   0.123011537713E-01  -0.166431796776E-02   0.121880445440E-01
          7   0.454668446845E+07   0.318288627145E+07   0.759496916738E-02   0.671407762264E-03   0.756523418476E-02
        243   0.457222310462E+07   0.318547202886E+07   0.949454973084E-01   0.114148242084E-01   0.942568259991E-01
        224   0.457140378403E+07   0.318652681632E+07   0.108676424471E+00   0.366315874285E-02   0.108614669837E+00
        223   0.457064756536E+07   0.318638724168E+07   0.948685963941E-01   0.126382473597E-01   0.940230040228E-01
        142   0.456328301229E+07   0.317651555729E+07   0.219476563100E-01  -0.165259324189E-01  -0.144427551106E-01
        158   0.456533854970E+07   0.317599652092E+07   0.224481634505E-01  -0.124196175057E-01  -0.186995492809E-01
        157   0.456367161000E+07   0.317844773321E+07   0.907190893264E-02  -0.879199703262E-02  -0.223613949932E-02
         64   0.455976779603E+07   0.317428602146E+07   0.208210526406E-01  -0.122025091442E-01  -0.168705365548E-01
         81   0.455936470314E+07   0.317566546716E+07   0.181336497565E-01  -0.111495360285E-01  -0.143009475155E-01
         63   0.455840797376E+07   0.317550267103E+07   0.224915055758E-01  -0.115493882020E-01  -0.192997268173E-01
         24   0.455132556773E+07   0.317954800145E+07   0.203023820507E-02  -0.186884004185E-02  -0.793286875781E-03
         25   0.455252611021E+07   0.317763292421E+07   0.810893023257E-02  -0.607259190099E-02  -0.537386054162E-02
         34   0.455289435925E+07   0.317878702102E+07   0.657599015875E-02  -0.621881579396E-02  -0.213775038037E-02
        124   0.456405428201E+07   0.317439330555E+07   0.322915750464E-01  -0.249027529341E-01  -0.205572059211E-01
        143   0.456510772261E+07   0.317452405813E+07   0.293782764339E-01  -0.186823667339E-01  -0.226727214830E-01
          5   0.454756721239E+07   0.318001273760E+07   0.111882954064E-01  -0.111675370554E-01  -0.681226994385E-03
         10   0.454749894872E+07   0.318089655520E+07   0.100109900850E-01  -0.972889892327E-02   0.235975596685E-02
          3   0.454685221323E+07   0.318059843515E+07   0.125668325533E-01  -0.116297288079E-01   0.476179464870E-02
         20   0.454966525631E+07   0.318015678381E+07   0.553061275179E-03  -0.451509547604E-03  -0.319399283852E-03
         23   0.455027029132E+07   0.318158195794E+07   0.319157978714E-02  -0.454122089740E-03   0.315910662455E-02
         19   0.454861986274E+07   0.318219646696E+07   0.402232513194E-02  -0.250788297786E-03   0.401449930835E-02
        258   0.457398342865E+07   0.317927570987E+07   0.186181446839E-01  -0.845516110177E-02   0.165875122371E-01
        236   0.457190192094E+07   0.318065733273E+07   0.373848498716E-01  -0.421896256571E-03   0.373824691998E-01
        235   0.457231544525E+07   0.317834403030E+07   0.242700313400E-01  -0.220659768131E-01  -0.101057947995E-01
         44   0.455414447856E+07   0.318243030829E+07   0.129986676546E-01   0.178820277243E-02   0.128750802576E-01
         37   0.455349900266E+07   0.318369058078E+07   0.166155148282E-01   0.273225179768E-02   0.163893298558E-01
         36   0.455307348976E+07   0.318285414983E+07   0.169214970137E-01   0.133272100027E-02   0.168689334553E-01
         33   0.455192846813E+07   0.318084245496E+07   0.468533947796E-02  -0.316762498902E-02   0.345232645510E-02
         42   0.455381447169E+07   0.317968968479E+07   0.587892300011E-02  -0.573753085208E-02   0.128159094981E-02
         58   0.455544010320E+07   0.317949860996E+07   0.366537330380E-02  -0.352824542674E-02   0.993199710454E-03
         59   0.455542765173E+07   0.318133970018E+07   0.924572170700E-02   0.703952491947E-03   0.921888392227E-02
         60   0.455561765587E+07   0.318279148394E+07   0.154806344150E-01   0.916254932981E-03   0.154534953583E-01
         45   0.455454401482E+07   0.318332919537E+07   0.154372092978E-01   0.313639238787E-02   0.151152397829E-01
        135   0.456615949943E+07   0.317276197389E+07   0.309364766714E-01  -0.147014316576E-01  -0.272200936086E-01
        136   0.456737137936E+07   0.317157076616E+07   0.309131014666E-01  -0.194765659090E-01  -0.240058997472E-01
        152   0.456682600658E+07   0.317345683214E+07   0.334346092868E-01  -0.145871347414E-01  -0.300846904288E-01
        191   0.456894640034E+07   0.318539866994E+07   0.155310301604E+00   0.271148502322E-01   0.152925062306E+00
        176   0.456828849956E+07   0.318610882880E+07   0.212026838978E+00   0.204677102684E-01   0.211036615978E+00
        187   0.456840531959E+07   0.318527571255E+07   0.225538070497E+00   0.214009693162E-01   0.224520421690E+00
        342   0.458526663006E+07   0.319108882929E+07   0.173895276979E+00  -0.320299090473E-02   0.173865776405E+00
        356   0.458617150381E+07   0.318983195960E+07   0.158491561380E+00   0.380356095534E-02   0.158445914913E+00
        357   0.458617286052E+07   0.319081340054E+07   0.162294874229E+00   0.298612334127E-01   0.159524082633E+00
        186   0.456818934233E+07   0.318462128561E+07   0.199104087277E+00   0.290262093787E-01   0.196976944690E+00
        172   0.456759546202E+07   0.318570294907E+07   0.261104105281E+00  -0.600289734458E-02   0.261035091546E+00
        127   0.456052664780E+07   0.318260029763E+07   0.272328068755E-01   0.418575745311E-02   0.269092029771E-01
        110   0.455944672091E+07   0.318308435470E+07   0.271971799511E-01   0.469554550925E-02   0.267887746951E-01
        126   0.456003599649E+07   0.318148432210E+07   0.177550122447E-01   0.238506292285E-03   0.177534102233E-01
        339   0.458498690486E+07   0.318988769695E+07   0.163915922122E+00  -0.518923593552E-01   0.155485087920E+00
        639   0.461725612751E+07   0.319399287337E+07   0.999047304643E-01   0.434393042568E-01   0.899665605369E-01
        616   0.461599046556E+07   0.319574100637E+07   0.719224703041E-01   0.320910353145E-01   0.643661959967E-01
        637   0.461596358746E+07   0.319384700686E+07   0.763222302913E-01   0.425007213289E-01   0.633937814234E-01
        470   0.459892806813E+07   0.319289780612E+07   0.197649742510E+00  -0.122639870532E-01   0.197268890947E+00
        455   0.459791584456E+07   0.319457103554E+07   0.230168404940E+00  -0.394469418413E-01   0.226762945412E+00
        363   0.459310777085E+07   0.317671495824E+07   0.567095988173E-01  -0.140805114912E-01  -0.549337582382E-01
        358   0.458667307101E+07   0.319125119297E+07   0.113004837220E+00   0.195262297462E-01   0.111305074399E+00
        375   0.458796401163E+07   0.318997832062E+07   0.907343082941E-01   0.322606943059E-02   0.906769385105E-01
        359   0.458708430400E+07   0.319195757983E+07   0.117911121162E+00   0.495603908209E-02   0.117806919026E+00
        636   0.461556379629E+07   0.318887964562E+07   0.340289368719E-01   0.309205746731E-01   0.142086806749E-01
        610   0.461415485261E+07   0.318694998527E+07   0.302233844901E-01   0.224712622687E-01  -0.202112677012E-01
        635   0.461737748493E+07   0.318521359520E+07   0.423481664750E-01   0.716055480079E-02  -0.417383954979E-01
        640   0.461870571470E+07   0.319369010501E+07   0.133820154329E+00   0.582505781626E-01   0.120476984724E+00
        669   0.462061151061E+07   0.319159108300E+07   0.665529253236E-01   0.336498285220E-01   0.574193426431E-01
        590   0.461389119409E+07   0.319724443488E+07   0.683715394504E-01   0.228111773880E-01   0.644539959427E-01
        612   0.461417976470E+07   0.319562531097E+07   0.908594482527E-01   0.417517110685E-01   0.806984136129E-01
        613   0.461495761100E+07   0.319593962455E+07   0.568549832174E-01   0.301375348594E-01   0.482101452938E-01
        680   0.462369353754E+07   0.319570401469E+07   0.657857863247E-01   0.263584730977E-01   0.602743774610E-01
        655   0.462265800915E+07   0.319645711354E+07   0.823624739889E-01   0.300557949513E-01   0.766826337016E-01
        681   0.462315996846E+07   0.319498900925E+07   0.622303445668E-01   0.254975604590E-01   0.567669815610E-01
         55   0.455598902989E+07   0.318524171150E+07   0.260738508000E-01   0.859846834213E-02   0.246152805735E-01
         54   0.455555788756E+07   0.318496801667E+07   0.246801907550E-01   0.298904558360E-02   0.244985187757E-01
         56   0.455630838939E+07   0.318456499398E+07   0.258980243667E-01   0.791162035851E-02   0.246599661273E-01
        940   0.463537323880E+07   0.319534363002E+07   0.931632130578E-01  -0.818925443161E-01   0.444184134418E-01
       1655   0.463511767305E+07   0.319683421801E+07   0.944003623201E-01  -0.572387113999E-01   0.750676916086E-01
       1007   0.463415004931E+07   0.319706270801E+07   0.970332223143E-01  -0.498080391972E-01   0.832742785260E-01
        833   0.463235832173E+07   0.319639387447E+07   0.366096869904E-01  -0.111548613331E-01  -0.348688722240E-01
        800   0.463175785099E+07   0.319651687752E+07   0.431759279573E-01  -0.740987253255E-02  -0.425353328896E-01
        801   0.463225530287E+07   0.319576047698E+07   0.543280888420E-01  -0.923376527731E-02  -0.535376392459E-01
        762   0.463156786976E+07   0.319536509400E+07   0.388198599165E-01   0.323671538664E-01  -0.214324257732E-01
        761   0.463097965559E+07   0.319585978308E+07   0.207465187898E-01   0.112710916878E-01  -0.174178223111E-01
        746   0.463130254507E+07   0.319485378598E+07   0.428886074810E-01   0.388817104077E-01   0.181009736598E-01
        778   0.463142501267E+07   0.319612828211E+07   0.516918763152E-01   0.238696877606E-02  -0.516367355383E-01
        781   0.463271325436E+07   0.319432182987E+07   0.669718660906E-01   0.650900897086E-01  -0.157642338661E-01
        779   0.463215449867E+07   0.319518517275E+07   0.497020169840E-01   0.248679363103E-01  -0.430334316078E-01
        763   0.463198449599E+07   0.319455978689E+07   0.714482685303E-01   0.668643230549E-01   0.251797017137E-01
        815   0.464039619150E+07   0.318842070045E+07   0.110430313121E+00   0.505680976403E-01   0.981718980009E-01
        838   0.463893139981E+07   0.319012125678E+07   0.551316081648E-01   0.163399953018E-01   0.526545228102E-01
        807   0.463900719148E+07   0.318828103850E+07   0.334663866887E-01   0.637991542490E-02   0.328526363808E-01
        784   0.463893254934E+07   0.318527717585E+07   0.179866504965E-01   0.111015031516E-01   0.141518982422E-01
        805   0.463744601904E+07   0.318791132252E+07   0.211661484782E-01   0.891764275600E-02   0.191958716675E-01
        783   0.463746919422E+07   0.318574344512E+07   0.152064894249E-01   0.143926528257E-01   0.490804087902E-02
        939   0.463408046655E+07   0.319619733965E+07   0.779479820205E-01  -0.396562821828E-01   0.671063870619E-01
        804   0.463376608423E+07   0.319355202147E+07   0.596952010035E-01   0.661955705265E-02  -0.593270468444E-01
        782   0.463310545470E+07   0.319334819752E+07   0.465719056048E-01   0.458223256299E-01  -0.832207098844E-02
        803   0.463404787946E+07   0.319205991694E+07   0.379696864708E-01   0.133524112750E-01  -0.355444820448E-01
        837   0.463709571814E+07   0.319057400051E+07   0.251275069728E-01  -0.233603053977E-01   0.925676716768E-02
        941   0.463690420841E+07   0.319385731234E+07   0.109157627191E+00  -0.923385502312E-01   0.582149440881E-01
        942   0.463746995515E+07   0.319435343683E+07   0.952490837165E-01  -0.704339187375E-01   0.641205976275E-01
       1008   0.463631924901E+07   0.319578018093E+07   0.920573704376E-01  -0.668921067589E-01   0.632455967261E-01
        839   0.463935604355E+07   0.319142393246E+07   0.217676794558E-01  -0.165811479162E-01   0.141030990450E-01
        885   0.463851320447E+07   0.319284522244E+07   0.867329487180E-01  -0.736360284586E-01   0.458294632978E-01
        884   0.463775793251E+07   0.319201843574E+07   0.730338219029E-01  -0.582842117400E-01   0.440101102428E-01
        891   0.463825698823E+07   0.319400971392E+07   0.854669514857E-01  -0.453481489654E-01   0.724440831378E-01
        789   0.464183945855E+07   0.318455136605E+07   0.242810889117E-01   0.307942832933E-02   0.240850243908E-01
        790   0.464289306983E+07   0.318350601125E+07   0.285345173407E-01   0.499943004471E-03   0.285301373438E-01
        765   0.463902630361E+07   0.318358567503E+07   0.867034577231E-02   0.543925301793E-02   0.675199395870E-02
        766   0.464010953377E+07   0.318329888988E+07   0.275289919806E-01   0.787881257700E-02   0.263774470305E-01
        747   0.463923174273E+07   0.318184604738E+07   0.105876882140E-01   0.241402791395E-02  -0.103088122956E-01
        725   0.463687302077E+07   0.318107914591E+07   0.244006864246E-01  -0.278447440025E-02  -0.242412912260E-01
        724   0.463582182805E+07   0.318138222874E+07   0.146943874905E-01  -0.139371775668E-01  -0.465618998646E-02
        710   0.463650323174E+07   0.318063617878E+07   0.147852715185E-01   0.283447458310E-03  -0.147825542926E-01
        787   0.463954160678E+07   0.318626940545E+07   0.214322054478E-01   0.231066077333E-02   0.213072822562E-01
        785   0.463533959176E+07   0.318807783811E+07   0.356390665032E-01   0.298860760472E-01   0.194155999063E-01
        788   0.464089433365E+07   0.318480598683E+07   0.208518570065E-01   0.285559248870E-02   0.206553995884E-01
        772   0.464025488810E+07   0.318432401965E+07   0.268731783906E-01   0.400595944759E-02   0.265729186526E-01
        773   0.464119930647E+07   0.318358184479E+07   0.300977390070E-01  -0.884737514905E-03   0.300847325543E-01
        685   0.463520653735E+07   0.317867194441E+07   0.608298354491E-01   0.542424998315E-01  -0.275321646950E-01
        704   0.463433121343E+07   0.317966257163E+07   0.411683989215E-01   0.354037134750E-01  -0.210098582085E-01
        806   0.463553208758E+07   0.319020450739E+07   0.103704347638E-01   0.971160459596E-02   0.363739650862E-02
        786   0.463356663810E+07   0.319101342360E+07   0.542446022331E-01   0.405283143620E-01   0.360545781615E-01
        718   0.462666902539E+07   0.319384068018E+07   0.362502623050E-01   0.216581947381E-01   0.290689545370E-01
        836   0.463514551424E+07   0.319234812983E+07   0.709296414954E-01  -0.481067214424E-01  -0.521225229121E-01
        835   0.463416486285E+07   0.319432690448E+07   0.762916208667E-01  -0.579463092876E-01  -0.496249599941E-01
        755   0.463099264921E+07   0.319167579565E+07   0.204194176239E+00   0.123176048140E+00   0.162858597484E+00
        770   0.463215846878E+07   0.319156720693E+07   0.293277942202E+00   0.150229501291E+00   0.251879035102E+00
        756   0.463089094257E+07   0.319344205306E+07   0.281377352406E+00   0.153624174422E+00   0.235738896833E+00
        734   0.463211766262E+07   0.318422566544E+07   0.262997045173E-01   0.767541795344E-02  -0.251547692682E-01
        714   0.463164430711E+07   0.318085733318E+07   0.283480507563E-01   0.135884890271E-01  -0.248790061626E-01
        713   0.462919815165E+07   0.318238679645E+07   0.212588562495E-01   0.680987354816E-02  -0.201386342957E-01
        620   0.463086122514E+07   0.317331976999E+07   0.302182878667E-01  -0.178961589698E-01  -0.243489715536E-01
        670   0.462955881120E+07   0.317682285683E+07   0.430498496415E-01  -0.142578920381E-01  -0.406202174882E-01
        671   0.462787411294E+07   0.317822555628E+07   0.359639161163E-01  -0.418045964068E-02  -0.357201206551E-01
        721   0.463279806292E+07   0.318169129172E+07   0.330072027053E-01   0.211025993781E-01  -0.253802232046E-01
        708   0.463568968528E+07   0.318055378128E+07   0.384893248186E-01  -0.562295762318E-02   0.380763768307E-01
        709   0.463632063611E+07   0.318018258384E+07   0.220027901490E-01  -0.114498607454E-01   0.187889186291E-01
        689   0.463635853416E+07   0.317956959244E+07   0.342614093611E-01  -0.204567990013E-02   0.342002831151E-01
        674   0.463349489536E+07   0.317658104638E+07   0.470855662437E-01   0.195366663270E-02  -0.470450181760E-01
        696   0.463324433675E+07   0.317829983527E+07   0.369464212313E-01   0.880802302658E-02  -0.358811478657E-01
        695   0.463137861495E+07   0.317866078797E+07   0.372353242822E-01   0.735274730569E-03  -0.372280639500E-01
        694   0.462858886703E+07   0.318006995852E+07   0.338266817997E-01  -0.484344454707E-02  -0.334781338563E-01
        666   0.462677298199E+07   0.317765796787E+07   0.372044612975E-01  -0.801116460789E-02  -0.363317104202E-01
        665   0.462478949793E+07   0.317925694089E+07   0.386401301249E-01  -0.139647047782E-01  -0.360284148489E-01
        633   0.462606543975E+07   0.317618669445E+07   0.473550482337E-01  -0.171849673996E-01  -0.441268341113E-01
        608   0.462750584624E+07   0.317415459704E+07   0.571393276942E-01  -0.115078494102E-01  -0.559684926660E-01
        603   0.461977362805E+07   0.317887074714E+07   0.109725144684E+00  -0.373334460582E-01  -0.103178588774E+00
        634   0.462744538085E+07   0.317570716453E+07   0.507761691521E-01  -0.106159637306E-01  -0.496540095846E-01
        618   0.462842964889E+07   0.317424360989E+07   0.580279820352E-01  -0.140936130330E-01  -0.562904678499E-01
        605   0.462426664416E+07   0.317552593176E+07   0.451960812716E-01  -0.262143828763E-01  -0.368170054828E-01
        583   0.462432571528E+07   0.317443346334E+07   0.431393820469E-01  -0.241179389372E-01  -0.357677411198E-01
        673   0.463091557611E+07   0.317695144923E+07   0.409404503242E-01  -0.900283978378E-02  -0.399383193008E-01
        581   0.462157969449E+07   0.317633214035E+07   0.559566829343E-01  -0.525993031533E-01  -0.190909316902E-01
        578   0.462396040431E+07   0.317396171136E+07   0.418763068079E-01  -0.264758660466E-01  -0.324446234213E-01
        579   0.461896399631E+07   0.317794449485E+07   0.144769397011E+00  -0.232465253070E-01  -0.142890788269E+00
        575   0.461778352610E+07   0.317815842711E+07   0.145920398719E+00  -0.106693955713E-01  -0.145529813992E+00
        557   0.461903427716E+07   0.317651988153E+07   0.141070421241E+00  -0.297863247951E-01  -0.137889951063E+00
        577   0.462303965056E+07   0.317486315856E+07   0.431460464978E-01  -0.310465073091E-01  -0.299615705912E-01
        556   0.462299029392E+07   0.317399209604E+07   0.390928751388E-01  -0.200887240316E-01  -0.335364883880E-01
        604   0.462146033635E+07   0.317768205497E+07   0.837436080396E-01  -0.682279376005E-01  -0.485586286695E-01
        582   0.462079196674E+07   0.317725598847E+07   0.741320536012E-01  -0.612158538096E-01  -0.418112498436E-01
        632   0.462430195330E+07   0.317732257959E+07   0.494192232153E-01  -0.257733363971E-01  -0.421662750805E-01
        519   0.460661758624E+07   0.318313009321E+07   0.644825013882E-01  -0.329234645889E-01  -0.554440119828E-01
        501   0.460408711621E+07   0.318428384485E+07   0.417810431008E-01  -0.305364565343E-01  -0.285163178710E-01
        495   0.460585442088E+07   0.318152403375E+07   0.630743525607E-01  -0.271301310089E-01  -0.569414606626E-01
        534   0.461463380481E+07   0.317698939343E+07   0.161313215270E+00  -0.298411713391E-01  -0.158529044386E+00
        479   0.460893068638E+07   0.317873216535E+07   0.105017390336E+00  -0.399744410630E-01  -0.971117723794E-01
        497   0.461007139083E+07   0.317831812581E+07   0.118156086691E+00  -0.682747518475E-01  -0.964334956454E-01
        499   0.460870841825E+07   0.318044220355E+07   0.997687996253E-01  -0.462713520257E-01  -0.883899053082E-01
        541   0.460600862419E+07   0.318891799183E+07   0.484059581537E-01  -0.528649720305E-02   0.481164185295E-01
        566   0.460975480026E+07   0.318607108716E+07   0.219855229572E-01   0.266264494479E-02  -0.218236922082E-01
        567   0.460777880276E+07   0.319025871917E+07   0.636150756938E-01   0.246756673858E-01   0.586343695677E-01
        473   0.460596771527E+07   0.317965690644E+07   0.648799258551E-01  -0.303256550397E-01  -0.573564244473E-01
        483   0.460420457849E+07   0.318182871249E+07   0.567737299520E-01  -0.318563070692E-01  -0.469939582561E-01
        467   0.460454504553E+07   0.317998309993E+07   0.828659309536E-01  -0.420001760724E-01  -0.714335196017E-01
        494   0.461348858233E+07   0.317596414485E+07   0.116745914905E+00  -0.451917169701E-01  -0.107644402383E+00
        512   0.461450517644E+07   0.317562889365E+07   0.124130370424E+00  -0.566163768965E-01  -0.110466894266E+00
        518   0.461340874506E+07   0.317744971639E+07   0.115247532846E+00  -0.343132011975E-01  -0.110020898245E+00
        594   0.461291230522E+07   0.319449173359E+07   0.121791396368E+00   0.481783128634E-01   0.111857026596E+00
        615   0.461440021538E+07   0.319375531250E+07   0.874574957150E-01   0.420764789255E-01   0.766706167836E-01
        593   0.461311512034E+07   0.319571209976E+07   0.146990893341E+00   0.496751258072E-01   0.138342707077E+00
        552   0.461750054769E+07   0.317703645516E+07   0.152370164096E+00   0.336763142078E-03  -0.152369791944E+00
        553   0.461848795171E+07   0.317648061756E+07   0.144180588477E+00  -0.761520284613E-02  -0.143979341502E+00
        580   0.462008398187E+07   0.317716941635E+07   0.111419795033E+00  -0.622799547390E-01  -0.923881916850E-01
        559   0.462045990187E+07   0.317611735711E+07   0.104062522565E+00  -0.830937232261E-01  -0.626453650560E-01
        561   0.462087149350E+07   0.317638215508E+07   0.688052143860E-01  -0.618811228535E-01  -0.300812925437E-01
        585   0.461543283633E+07   0.318074500855E+07   0.118194655800E+00  -0.179650085441E-02  -0.118181002045E+00
        447   0.460278123343E+07   0.317961583941E+07   0.788581553011E-01  -0.243581849579E-01  -0.750019165292E-01
        431   0.460176546080E+07   0.317961240646E+07   0.717340025638E-01  -0.208622492261E-01  -0.686333277720E-01
        430   0.460297222267E+07   0.317816349523E+07   0.712343783189E-01  -0.255141953592E-01  -0.665083640578E-01
        475   0.460812428012E+07   0.317876084729E+07   0.893086853775E-01  -0.195082312633E-01  -0.871519947955E-01
        460   0.460805615561E+07   0.317795508723E+07   0.786041129724E-01  -0.155535177175E-01  -0.770499491421E-01
        461   0.460893620545E+07   0.317753813448E+07   0.845241956692E-01  -0.540952467619E-02  -0.843509140218E-01
        457   0.460590867973E+07   0.317844545219E+07   0.691378322240E-01  -0.427414724563E-01  -0.543434115317E-01
        446   0.460022394550E+07   0.318139116885E+07   0.488969126903E-01  -0.189402007098E-01  -0.450796724447E-01
        428   0.460090609449E+07   0.317922954740E+07   0.585291836622E-01  -0.120404373420E-01  -0.572773359085E-01
        434   0.460587609994E+07   0.317744219460E+07   0.634370416880E-01  -0.386038458584E-01  -0.503388651348E-01
        387   0.459890860002E+07   0.317579624604E+07   0.579663923416E-01   0.590908425019E-03  -0.579633804081E-01
        450   0.460501463758E+07   0.317856432734E+07   0.770286568854E-01  -0.360861189075E-01  -0.680529646948E-01
        417   0.460223313970E+07   0.317813556279E+07   0.583362786175E-01  -0.631835436347E-02  -0.579931013231E-01
        385   0.459849296750E+07   0.317525725028E+07   0.496251473915E-01   0.218367602537E-02  -0.495770795091E-01
        384   0.459727932930E+07   0.317594953719E+07   0.478054418537E-01  -0.115324274157E-01  -0.463935705538E-01
        369   0.459807188658E+07   0.317470190358E+07   0.400530455346E-01  -0.410445352161E-02  -0.398421876644E-01
       1651   0.457800604310E+07   0.318682239932E+07   0.775550862391E-01   0.676868825540E-02   0.772591500138E-01
        412   0.459333111962E+07   0.318244162675E+07   0.277873588382E-01  -0.136562158154E-01  -0.242001049751E-01
        397   0.459329779958E+07   0.317967677830E+07   0.586231033873E-01  -0.210381575440E-01  -0.547180425264E-01
        401   0.459477395773E+07   0.317946573584E+07   0.566836472031E-01  -0.212610433277E-01  -0.525452557027E-01
        383   0.459626960500E+07   0.317639506687E+07   0.572368356291E-01  -0.275002503637E-01  -0.501975256638E-01
        368   0.459705538821E+07   0.317478676612E+07   0.456942593342E-01  -0.275680448467E-01  -0.364412985421E-01
        422   0.459406329520E+07   0.318887071672E+07   0.839274926179E-01   0.200847946450E-01   0.814888031646E-01
        409   0.459334677891E+07   0.319072836682E+07   0.134435230326E+00   0.446720945905E-01   0.126796037468E+00
        408   0.459244585234E+07   0.319043639396E+07   0.859825195426E-01   0.240192625793E-01   0.825594857787E-01
        562   0.462482159087E+07   0.317335900835E+07   0.387646963412E-01  -0.165921956175E-01  -0.350342793135E-01
        250   0.458469021750E+07   0.317126871610E+07   0.103947969353E+00  -0.522395077122E-02  -0.103816620398E+00
        251   0.458516003284E+07   0.317172992608E+07   0.950990562290E-01   0.738735961993E-02  -0.948116944975E-01
        268   0.458411351462E+07   0.317277055541E+07   0.108118795942E+00   0.214836976338E-01  -0.105962846187E+00
        252   0.458574332586E+07   0.317189741578E+07   0.586788701332E-01  -0.849607613399E-02  -0.580605415961E-01
        233   0.458630146254E+07   0.317168410173E+07   0.317064747672E-01  -0.699241770387E-02  -0.309258247556E-01
        211   0.457997420877E+07   0.317040383476E+07   0.143882328410E+00  -0.369730508425E-01  -0.139050774683E+00
        214   0.457941305657E+07   0.317116702059E+07   0.166000951140E+00  -0.117231501644E+00  -0.117529106189E+00
        196   0.457968745792E+07   0.317034324279E+07   0.138999385664E+00  -0.672637028027E-01  -0.121640550394E+00
        149   0.456353794791E+07   0.318467558919E+07   0.531759872050E-01   0.169316886338E-01   0.504083677104E-01
        161   0.456427145553E+07   0.318324549271E+07   0.411811024346E-01   0.129807356880E-01   0.390817565973E-01
        162   0.456446193819E+07   0.318443779377E+07   0.462505884580E-01   0.157184543311E-01   0.434976680542E-01
        253   0.458341873691E+07   0.317248866180E+07   0.102340369182E+00   0.546100975567E-02  -0.102194562168E+00
        232   0.458401130477E+07   0.317125659187E+07   0.107995313022E+00  -0.148948195181E-01  -0.106963227261E+00
        255   0.458649790069E+07   0.317212842889E+07   0.269821260937E-01   0.728916977951E-02  -0.259788978300E-01
        297   0.458329841680E+07   0.317626057396E+07   0.765989042250E-01   0.309087484193E-01  -0.700859572213E-01
        286   0.458230412065E+07   0.317574524840E+07   0.841480070039E-01   0.374797186861E-01  -0.753402798636E-01
        285   0.458388385852E+07   0.317421235459E+07   0.975713234525E-01   0.312535332340E-01  -0.924304052824E-01
        309   0.458531212247E+07   0.317706114696E+07   0.481431356462E-01   0.105807026189E-01  -0.469660541448E-01
        310   0.458681946708E+07   0.317592644077E+07   0.247380860440E-01   0.113054633446E-02  -0.247122391965E-01
        273   0.458652999650E+07   0.317273538227E+07   0.270405202947E-01   0.809276495041E-02  -0.258011025591E-01
        272   0.458576510832E+07   0.317323603898E+07   0.428267414517E-01   0.411818829001E-02  -0.426282806195E-01
        361   0.459070339321E+07   0.317741783670E+07   0.449179867120E-01  -0.207472664558E-01  -0.398393833395E-01
        365   0.458724095216E+07   0.318378622704E+07   0.197598560030E-01  -0.115363687979E-01   0.160425716211E-01
        351   0.458551139834E+07   0.318339835300E+07   0.220301454622E-01  -0.420977871529E-02   0.216241779556E-01
       1653   0.458788044277E+07   0.318136110548E+07   0.275983256426E-01  -0.185602153328E-01  -0.204251312132E-01
        328   0.458801114782E+07   0.317606598465E+07   0.215248076714E-01  -0.118970406154E-01  -0.179381651762E-01
        329   0.458942130317E+07   0.317516318248E+07   0.247718156634E-01  -0.181076245836E-01  -0.169043421404E-01
        346   0.458820485200E+07   0.317748940930E+07   0.362034723577E-01  -0.166666721848E-01  -0.321389708771E-01
        364   0.459457296455E+07   0.317528945343E+07   0.540831803323E-01  -0.528100658655E-02  -0.538247281859E-01
        380   0.459385814963E+07   0.317729547872E+07   0.619451398332E-01  -0.184652888399E-01  -0.591289561637E-01
        370   0.459502277837E+07   0.317581812224E+07   0.527401507408E-01  -0.103716419709E-01  -0.517102750233E-01
        587   0.461070529221E+07   0.318904237966E+07   0.369020877994E-01   0.290344722499E-01   0.227763804220E-01
        586   0.461305631150E+07   0.318464861618E+07   0.569896355494E-01   0.123535654077E-01  -0.556345933909E-01
        570   0.461077363945E+07   0.319609182401E+07   0.163685940470E+00   0.717696050077E-01   0.147112918891E+00
        591   0.461169094177E+07   0.319466846900E+07   0.127126644512E+00   0.561517340001E-01   0.114053349419E+00
        574   0.461192601706E+07   0.319598269403E+07   0.192979615912E+00   0.656750852187E-01   0.181460506279E+00
        617   0.461722915352E+07   0.319549910146E+07   0.181661904344E+00   0.829177596824E-01   0.161634441315E+00
        569   0.460809911376E+07   0.319500305850E+07   0.151603212248E+00   0.486533524626E-01   0.143584070349E+00
        568   0.460826390839E+07   0.319264622861E+07   0.102308561877E+00   0.424989523686E-01   0.930638537825E-01
        588   0.460992163273E+07   0.319273098961E+07   0.907659033640E-01   0.436958729008E-01   0.795557660067E-01
        663   0.462032495630E+07   0.318305255600E+07   0.483281369533E-01  -0.159140029098E-01  -0.456328098276E-01
        522   0.460456024766E+07   0.318682325196E+07   0.266105196686E-01  -0.216823784056E-01   0.154270614088E-01
        523   0.460357132081E+07   0.318998847055E+07   0.935809768345E-01  -0.125077821881E-01   0.927413317245E-01
        418   0.460828418766E+07   0.317669380110E+07   0.509359034018E-01  -0.205958113930E-01  -0.465862512810E-01
        438   0.460830268309E+07   0.317722172691E+07   0.604822070461E-01  -0.513878102712E-02  -0.602635071890E-01
        537   0.461198013318E+07   0.317973246246E+07   0.965286363132E-01  -0.337651997961E-01  -0.904305750906E-01
        538   0.461357997349E+07   0.317884179933E+07   0.121550268186E+00  -0.985844292796E-02  -0.121149819642E+00
        565   0.461267993538E+07   0.318172823852E+07   0.880394915201E-01  -0.479074808827E-02  -0.879090484527E-01
        471   0.459922560827E+07   0.319397533131E+07   0.249702700354E+00  -0.311151846962E-03   0.249702506492E+00
        716   0.462567650696E+07   0.319383421241E+07   0.423644077247E-01   0.236118180736E-01   0.351742105686E-01
        701   0.462450196379E+07   0.319406854692E+07   0.482886113243E-01   0.186246933574E-01   0.445523375478E-01
        654   0.462171476050E+07   0.319650621486E+07   0.768637672180E-01   0.242562923370E-01   0.729360747024E-01
        539   0.460752941277E+07   0.318518655567E+07   0.389248967344E-01  -0.242205767872E-01  -0.304714825022E-01
        682   0.462549340204E+07   0.319558263565E+07   0.211174748319E-01   0.100161969688E-01   0.185909532181E-01
        703   0.462599992299E+07   0.319545277199E+07   0.211064908941E-01   0.173984270255E-01   0.119490039292E-01
        683   0.462527510349E+07   0.319629557748E+07   0.852795989209E-02   0.417602848751E-02   0.743551518004E-02
        698   0.462509319177E+07   0.319522018399E+07   0.324019641446E-01   0.169906806573E-01   0.275899266260E-01
        678   0.462414967810E+07   0.319603974767E+07   0.416170826392E-01   0.254415856342E-01   0.329348946836E-01
        699   0.462461061926E+07   0.319499009902E+07   0.478940306484E-01   0.218513369781E-01   0.426187428724E-01
        429   0.459948256341E+07   0.318060107641E+07   0.553678431108E-01  -0.171681762456E-01  -0.526388808310E-01
        427   0.459803447808E+07   0.318107952748E+07   0.524503786377E-01  -0.157736127775E-01  -0.500223485972E-01
        416   0.459977983780E+07   0.317872611789E+07   0.585450660210E-01  -0.101172321539E-01  -0.576642555570E-01
        484   0.459983954294E+07   0.319057458704E+07   0.143428189398E+00  -0.702449775204E-02   0.143256071234E+00
        540   0.461031660844E+07   0.318242683173E+07   0.706245542059E-01  -0.251042375464E-01  -0.660121573197E-01
        506   0.460191775449E+07   0.319667402172E+07   0.184983046500E+00   0.826494712791E-02   0.184798317474E+00
        505   0.460173000469E+07   0.319532183818E+07   0.211953952215E+00  -0.174741537754E-01   0.211232411835E+00
        525   0.460332360558E+07   0.319474886892E+07   0.151529434301E+00   0.226502188931E-01   0.149827023743E+00
        393   0.459020574761E+07   0.319189029613E+07   0.768142257451E-01   0.145505585377E-01   0.754235143908E-01
        377   0.458928883049E+07   0.319188832575E+07   0.843987097075E-01   0.287117205314E-01   0.793648493001E-01
        464   0.459738201511E+07   0.319051713598E+07   0.153291175170E+00   0.899094396884E-02   0.153027276365E+00
        481   0.459917778446E+07   0.318904867046E+07   0.942629755110E-01  -0.376877497869E-02   0.941876047437E-01
        441   0.459566352976E+07   0.318796618604E+07   0.548526008400E-01   0.718645114510E-02   0.543798008350E-01
        442   0.459627415365E+07   0.318900858232E+07   0.948842989208E-01   0.168975228773E-01   0.933675741481E-01
        423   0.459455604004E+07   0.319031718449E+07   0.138522482366E+00   0.389543382663E-01   0.132932455221E+00
        391   0.458958434490E+07   0.318876790735E+07   0.642054517262E-01   0.668188365218E-02   0.638568121834E-01
        389   0.458887200363E+07   0.318765928470E+07   0.600883143269E-01  -0.405780827717E-03   0.600869441773E-01
        405   0.459125629389E+07   0.318606541595E+07   0.176296290011E-01   0.205037336296E-02   0.175099910848E-01
        452   0.459698398743E+07   0.319248566904E+07   0.200376403761E+00  -0.497415280398E-01   0.194104311061E+00
        463   0.459782674765E+07   0.318845575089E+07   0.728872917267E-01   0.628544821660E-02   0.726157726391E-01
        443   0.459638257912E+07   0.319047013598E+07   0.144510326953E+00   0.271031913423E-01   0.141945946103E+00
        390   0.458949583736E+07   0.319033899803E+07   0.798713423424E-01   0.179570233208E-01   0.778265805560E-01
        421   0.459306601548E+07   0.318809179505E+07   0.378077909195E-01   0.611619555340E-02   0.373098004037E-01
        394   0.459089086059E+07   0.319209880446E+07   0.801407106667E-01   0.152572487594E-01   0.786749634030E-01
        411   0.459420933649E+07   0.319219630837E+07   0.180796571150E+00   0.607980729223E-01   0.170267420455E+00
        410   0.459315956912E+07   0.319219500546E+07   0.176734479605E+00   0.539315379763E-01   0.168304680543E+00
        376   0.458836240947E+07   0.319082691677E+07   0.102679329315E+00   0.160126885728E-01   0.101423066771E+00
        374   0.458831811645E+07   0.319209519515E+07   0.115834399330E+00   0.342269659282E-01   0.110662201638E+00
        344   0.458611369250E+07   0.319141710966E+07   0.143373565228E+00   0.612723143118E-01   0.129621304981E+00
        343   0.458545959870E+07   0.319153241944E+07   0.149749343919E+00   0.141480007656E-01   0.149079509251E+00
        132   0.456311005989E+07   0.318628088313E+07   0.888345406353E-01   0.461344046675E-01   0.759156921583E-01
        113   0.456238135725E+07   0.318705836685E+07   0.845638244511E-01   0.222092294686E-01   0.815952849876E-01
        114   0.456254814519E+07   0.318629568567E+07   0.100218421657E+00   0.260845012939E-01   0.967643055656E-01
        341   0.458534741096E+07   0.319023410437E+07   0.183339716844E+00  -0.312227514855E-02   0.183313128745E+00
        322   0.458428911222E+07   0.319049836547E+07   0.139735829649E+00  -0.896095522010E-01   0.107220474919E+00
        319   0.458326475731E+07   0.318778196299E+07   0.137744470097E+00   0.361449307272E-01   0.132917579819E+00
        307   0.458209673576E+07   0.318891901205E+07   0.156111333791E+00   0.496262066647E-01   0.148013472867E+00
        318   0.458245591856E+07   0.318730498409E+07   0.134431999047E+00   0.307173173824E-01   0.130875546916E+00
        281   0.457672015543E+07   0.318798164869E+07   0.955730691706E-01  -0.309765373168E-01   0.904138578236E-01
        280   0.457648045496E+07   0.318714399008E+07   0.107579013326E+00  -0.191580057776E-02   0.107561953387E+00
        345   0.458644159877E+07   0.318027728053E+07   0.334374011414E-01  -0.144375155289E-01  -0.301598730177E-01
        327   0.458651219559E+07   0.317786126191E+07   0.398026184238E-01  -0.820886358432E-02  -0.389469253221E-01
        372   0.458724052000E+07   0.318835216728E+07   0.880610141524E-01  -0.802932828661E-02   0.876941965059E-01
        373   0.458718944471E+07   0.318963490083E+07   0.110713894798E+00  -0.643059021660E-03   0.110712027244E+00
        353   0.458546853128E+07   0.318708656297E+07   0.899007440259E-01   0.223630031644E-02   0.898729254965E-01
        366   0.458690227668E+07   0.318595912669E+07   0.568644738699E-01  -0.826845481599E-02   0.562601194761E-01
        321   0.458415562086E+07   0.318912066437E+07   0.125013680447E+00   0.340292794198E-01   0.120293093904E+00
        326   0.458444728800E+07   0.317983540211E+07   0.344326913638E-01  -0.230543643449E-03  -0.344319195541E-01
        257   0.457937869278E+07   0.317389556744E+07   0.864953318425E-01  -0.388056130760E-01  -0.773017905636E-01
       1656   0.457932979566E+07   0.317223330021E+07   0.150670695854E+00  -0.991332673911E-01  -0.113464769358E+00
        259   0.457634457384E+07   0.317684941385E+07   0.427332966175E-01  -0.266699067681E-01  -0.333893802395E-01
        237   0.457471474396E+07   0.317650010785E+07   0.584213014811E-01  -0.382155980611E-01  -0.441884207862E-01
        238   0.457655312909E+07   0.317477925769E+07   0.967707698175E-01  -0.519846676641E-01  -0.816221551965E-01
        360   0.458891596668E+07   0.317890217010E+07   0.446419815478E-01  -0.207137736105E-01  -0.395454940458E-01
        378   0.459028529383E+07   0.317984554366E+07   0.460572181460E-01  -0.220404518882E-01  -0.404411402401E-01
        362   0.459172308076E+07   0.317778004576E+07   0.518953487082E-01  -0.184196493834E-01  -0.485164274668E-01
        274   0.457851585897E+07   0.317641553729E+07   0.432056335740E-01  -0.125053863583E-01  -0.413562822865E-01
        256   0.457795653309E+07   0.317460007218E+07   0.957597187271E-01  -0.516550791137E-01  -0.806329742255E-01
        275   0.457623616538E+07   0.317916909977E+07   0.133551020035E-01  -0.107322793074E-02   0.133119093797E-01
        277   0.457589785160E+07   0.318160774113E+07   0.540406561374E-01   0.154242327357E-01   0.517927172513E-01
        261   0.457393622639E+07   0.318177164379E+07   0.563810805889E-01   0.722665446447E-02   0.559160237644E-01
        175   0.457383929223E+07   0.317128380270E+07   0.100609796699E+00   0.134722540238E-01  -0.997037088743E-01
        189   0.457429742857E+07   0.317215323980E+07   0.102994979162E+00  -0.249654910808E-02  -0.102964717137E+00
        188   0.457307566919E+07   0.317255588177E+07   0.980384660087E-01  -0.561927228023E-02  -0.978772935689E-01
        116   0.456660360840E+07   0.317147587650E+07   0.291311155922E-01  -0.804637366146E-02  -0.279978171747E-01
        154   0.456983812354E+07   0.317165557264E+07   0.538986632927E-01  -0.104253381842E-01  -0.528807926235E-01
        163   0.457073047001E+07   0.317175708778E+07   0.633025274275E-01  -0.523385460213E-02  -0.630857887699E-01
        165   0.456919453832E+07   0.317339656977E+07   0.521869720858E-01  -0.117504996989E-01  -0.508468859647E-01
        103   0.456369595335E+07   0.317345699735E+07   0.265166015137E-01  -0.219202404816E-01  -0.149208985341E-01
        139   0.457016610400E+07   0.317058639643E+07   0.479429694697E-01  -0.100789864418E-01  -0.468715516478E-01
        138   0.456928074432E+07   0.317112772403E+07   0.425617943949E-01  -0.166672931652E-01  -0.391625801073E-01
        119   0.457008282791E+07   0.316988928774E+07   0.420462468503E-01  -0.165818816518E-01  -0.386384274406E-01
         50   0.455939624025E+07   0.317369949652E+07   0.215985562033E-01  -0.133063495749E-01  -0.170128977855E-01
        137   0.456821929358E+07   0.317164008438E+07   0.341620685908E-01  -0.209775791508E-01  -0.269627169138E-01
        117   0.456824211510E+07   0.317045020528E+07   0.244081073766E-01  -0.206002974015E-01  -0.130913503001E-01
         82   0.456251946722E+07   0.317303729136E+07   0.461731665217E-01  -0.203432421903E-01  -0.414501363547E-01
         68   0.456178168644E+07   0.317332944505E+07   0.329952316950E-01  -0.124796790152E-01  -0.305441144295E-01
         65   0.456226365623E+07   0.317263925355E+07   0.381343680198E-01  -0.198107606880E-01  -0.325847170501E-01
        153   0.456840128754E+07   0.317275881036E+07   0.406837676879E-01  -0.152557389252E-01  -0.377151346694E-01
        181   0.457048296540E+07   0.317340705828E+07   0.615414249229E-01  -0.141431784046E-01  -0.598942191381E-01
         80   0.455838621953E+07   0.317726714607E+07   0.128475871947E-01  -0.756427635512E-02  -0.103847108745E-01
        100   0.456007583666E+07   0.317634601850E+07   0.170750352546E-01  -0.106527022764E-01  -0.133445405750E-01
         99   0.455887467874E+07   0.317877984933E+07   0.581056681920E-02  -0.536179617790E-02  -0.223915799063E-02
         31   0.455379970789E+07   0.317666917424E+07   0.130369409182E-01  -0.120669288587E-01  -0.493467895851E-02
        115   0.456563187167E+07   0.317226440250E+07   0.219125817349E-01  -0.938140436556E-02  -0.198027899655E-01
        125   0.456512880936E+07   0.317334775652E+07   0.281744418893E-01  -0.179710407490E-01  -0.216988679468E-01
        104   0.456463163440E+07   0.317296222950E+07   0.223411941729E-01  -0.178679433692E-01  -0.134113965278E-01
         83   0.456316363032E+07   0.317249594434E+07   0.268367578023E-01  -0.526856193231E-02  -0.263145173717E-01
         66   0.456288971719E+07   0.317215458550E+07   0.327819447969E-01  -0.178240035688E-01  -0.275129206274E-01
        101   0.456278579446E+07   0.317366876980E+07   0.351918261957E-01  -0.194801009249E-01  -0.293085362811E-01
         85   0.456199078833E+07   0.317391718400E+07   0.420996366013E-01  -0.180640811693E-01  -0.380272057016E-01
         86   0.456352334303E+07   0.317261381051E+07   0.206780334504E-01  -0.969536723750E-02  -0.182641978062E-01
         87   0.456443990520E+07   0.317215414539E+07   0.146882338349E-01  -0.124519693081E-01  -0.779055027178E-02
        200   0.457214984825E+07   0.317432023888E+07   0.841207565188E-01  -0.227529361726E-01  -0.809852182365E-01
        203   0.456917414071E+07   0.318421752150E+07   0.129271428871E+00   0.199256491515E-01   0.127726547077E+00
        199   0.457032645598E+07   0.317580973267E+07   0.512495767236E-01  -0.183046336756E-01  -0.478691915573E-01
        205   0.457471876772E+07   0.317372036170E+07   0.108866574163E+00  -0.548913504491E-01  -0.940152679938E-01
        206   0.457581962559E+07   0.317246190600E+07   0.117174693430E+00  -0.560040381589E-01  -0.102924518411E+00
        220   0.457565119752E+07   0.317403905870E+07   0.106389757992E+00  -0.559635545371E-01  -0.904812752410E-01
        290   0.457857054976E+07   0.317921059993E+07   0.191291857608E-01   0.190632106100E-01   0.158737176121E-02
        262   0.457377715546E+07   0.318374474932E+07   0.839151117384E-01   0.203106734143E-01   0.814200376045E-01
        301   0.457992427267E+07   0.318104537624E+07   0.274420383125E-01   0.232800330485E-01   0.145294710161E-01
        308   0.458287978913E+07   0.317876828519E+07   0.465800602591E-01   0.209875556269E-01  -0.415839454904E-01
        108   0.455867170690E+07   0.318310750807E+07   0.247498547097E-01   0.527498715098E-02   0.241811872891E-01
         94   0.455869486700E+07   0.318412065128E+07   0.303056273132E-01   0.511417604459E-02   0.298709934591E-01
        148   0.456286675043E+07   0.318431566049E+07   0.611479739390E-01   0.116834350985E-01   0.600214300158E-01
        160   0.456350529906E+07   0.318265497874E+07   0.406261452279E-01   0.692576774522E-02   0.400314553472E-01
        107   0.455857295124E+07   0.318206771703E+07   0.164714459025E-01   0.151516554834E-02   0.164016097832E-01
       1649   0.456035566393E+07   0.318397683052E+07   0.379820078098E-01   0.119497921867E-01   0.360532298686E-01
        109   0.455948261625E+07   0.318397438144E+07   0.332024270273E-01   0.760008954767E-02   0.323208879732E-01
        105   0.455939851499E+07   0.318480265444E+07   0.357349539680E-01   0.107745085431E-01   0.340719371440E-01
         69   0.455641759659E+07   0.318379794959E+07   0.231056320793E-01   0.538563697391E-02   0.224692044400E-01
         43   0.455409304137E+07   0.318120967494E+07   0.870798422448E-02  -0.169293989465E-03   0.870633842662E-02
         41   0.455655341485E+07   0.317404503328E+07   0.161181805038E-01  -0.982679796341E-02  -0.127761412226E-01
         48   0.455690894593E+07   0.317568808089E+07   0.156371896479E-01  -0.101013965259E-01  -0.119366447677E-01
         61   0.456059253219E+07   0.317356079471E+07   0.137340812336E-01  -0.112147794259E-01  -0.792803315841E-02
         79   0.456033589363E+07   0.317469519733E+07   0.179466525383E-01  -0.124534493893E-01  -0.129226133439E-01
         38   0.455366293011E+07   0.318453468210E+07   0.145034563304E-01   0.469509223338E-02   0.137224762506E-01
         92   0.455802842387E+07   0.318415323260E+07   0.291950638175E-01   0.815041438212E-02   0.280343092782E-01
        121   0.455975855168E+07   0.317991677272E+07   0.843867067253E-02  -0.366975247724E-02   0.759895252487E-02
         12   0.454809804963E+07   0.317906081482E+07   0.117720701546E-01  -0.931794599812E-02  -0.719426981017E-02
         17   0.454932866727E+07   0.317861230951E+07   0.113440802633E-01  -0.767126627961E-02  -0.835702283631E-02
         11   0.454825348371E+07   0.317970689157E+07   0.117852599404E-01  -0.108240307726E-01  -0.466183544293E-02
         29   0.455277406312E+07   0.318404725195E+07   0.196633278576E-01   0.258596096237E-02   0.194925439165E-01
         28   0.455217110895E+07   0.318400735435E+07   0.235655314969E-01   0.217959122981E-03   0.235645235163E-01
         16   0.454864601771E+07   0.318015641583E+07   0.294939968084E-02  -0.270653335385E-02  -0.117202204835E-02
         15   0.454813929883E+07   0.318138095727E+07   0.378163684935E-02   0.139059225934E-02   0.351667889189E-02
         13   0.454742087633E+07   0.318251721213E+07   0.404748172733E-02   0.236247393909E-02   0.328646089589E-02
         14   0.454721970261E+07   0.318345828760E+07   0.236890901583E-02   0.987172556448E-03   0.215342059734E-02
          4   0.454639112671E+07   0.318180024918E+07   0.155815870371E-01  -0.127808429958E-01   0.891268236351E-02
          9   0.454702928255E+07   0.318200676971E+07   0.588921245699E-02  -0.339540736152E-02   0.481186369434E-02
          2   0.454611158386E+07   0.318291289011E+07   0.155752251716E-01  -0.831972609742E-02   0.131669964992E-01
         22   0.454920963995E+07   0.318341368351E+07   0.722850510717E-02   0.209432734609E-02   0.691845929755E-02
         30   0.455315051020E+07   0.318469386894E+07   0.130158102763E-01   0.220728996791E-02   0.128272829604E-01
         78   0.455701566503E+07   0.318087370733E+07   0.855015445908E-02  -0.682215489056E-03   0.852289406837E-02
         76   0.455675938286E+07   0.318245203297E+07   0.147762161247E-01   0.226395312692E-02   0.146017491830E-01
         91   0.455757977151E+07   0.318379510642E+07   0.253296962112E-01   0.704516760590E-02   0.243302101010E-01
         73   0.455786005514E+07   0.318498862212E+07   0.351870259775E-01   0.868964685210E-02   0.340971675470E-01
         72   0.455717323362E+07   0.318496359606E+07   0.313153764379E-01   0.867745865185E-02   0.300891095380E-01
         90   0.455738048151E+07   0.318285548458E+07   0.183111237988E-01   0.381260924469E-02   0.179098091984E-01
        106   0.455982758144E+07   0.318499471097E+07   0.315679480732E-01   0.152624508530E-01   0.276331854752E-01
         93   0.455856038431E+07   0.318508714091E+07   0.387541343946E-01   0.200279206453E-02   0.387023482055E-01
        140   0.456368233104E+07   0.318641949385E+07   0.482780052793E-01   0.402769041947E-01   0.266183542362E-01
        150   0.456371157094E+07   0.318551456858E+07   0.469298001411E-01   0.179137293409E-01   0.433763119961E-01
        131   0.456252776721E+07   0.318549915076E+07   0.797019413517E-01   0.112634444939E-01   0.789020549375E-01
        145   0.456187689893E+07   0.318072027851E+07   0.171422862111E-01  -0.177823311874E-02   0.170498053806E-01
        159   0.456357637427E+07   0.318071283401E+07   0.204776198869E-01  -0.719545234470E-03   0.204649742460E-01
        146   0.456203845543E+07   0.318412652502E+07   0.632600801170E-01   0.774765971129E-02   0.627838474881E-01
        129   0.456122996436E+07   0.318387149194E+07   0.497107391237E-01   0.111943542980E-01   0.484339139041E-01
        144   0.456162495356E+07   0.318242013935E+07   0.307991264570E-01   0.390703511321E-02   0.305503071529E-01
        167   0.456532540192E+07   0.318449348206E+07   0.565435631409E-01   0.195007452892E-01   0.530744332597E-01
        133   0.456310199825E+07   0.318561817064E+07   0.954386880616E-01   0.378467722091E-01   0.876137261636E-01
        210   0.456987198466E+07   0.318603642972E+07   0.137443286669E+00   0.526059554358E-01   0.126977440922E+00
        192   0.456939574239E+07   0.318565964739E+07   0.154879468249E+00   0.536240153078E-01   0.145300084884E+00
        209   0.457015367351E+07   0.318503598611E+07   0.122037573870E+00   0.250182576759E-01   0.119445620342E+00
        208   0.456985886239E+07   0.318442945838E+07   0.107410507218E+00   0.235145130919E-01   0.104804984303E+00
        239   0.457266942476E+07   0.318711036623E+07   0.189047163419E+00   0.439769095930E-01   0.183860983951E+00
        240   0.457187846755E+07   0.318701459472E+07   0.114316659022E+00   0.118333063205E-01   0.113702556662E+00
        242   0.457201843114E+07   0.318432122474E+07   0.836024337556E-01   0.122436262534E-01   0.827010311062E-01
        222   0.457075691229E+07   0.318523353223E+07   0.987876582486E-01   0.105982578265E-01   0.982175053302E-01
       1650   0.457098900559E+07   0.318383609743E+07   0.948124173745E-01   0.166975667285E-01   0.933305188764E-01
        279   0.457651968255E+07   0.318564634335E+07   0.105228935705E+00   0.163619196909E-01   0.103949105304E+00
        264   0.457533346585E+07   0.318609804380E+07   0.152934977980E+00   0.503853379888E-01   0.144396763141E+00
        325   0.458447408593E+07   0.319101237836E+07   0.133344732841E+00  -0.125545701148E-01   0.132752403164E+00
        226   0.457358377750E+07   0.318762860992E+07   0.192099701323E+00   0.346691140243E-01   0.188945356601E+00
        225   0.457330264339E+07   0.318731101870E+07   0.239101415144E+00   0.151670649029E-01   0.238619879445E+00
        173   0.456788638770E+07   0.318601311329E+07   0.257523671835E+00   0.138918228997E-01   0.257148709528E+00
        171   0.456709945599E+07   0.318524692080E+07   0.136915956018E+00   0.363504968852E-01   0.132002349936E+00
       1647   0.456692144467E+07   0.318438977580E+07   0.870828376002E-01   0.386024539774E-01   0.780594078342E-01
        185   0.456797098388E+07   0.318383522332E+07   0.133073041495E+00   0.393815110757E-01   0.127112276977E+00
        168   0.456503216762E+07   0.318567693689E+07   0.455025807516E-01   0.901668227660E-02   0.446002723734E-01
       1648   0.456596545762E+07   0.318515624486E+07   0.558682693753E-01   0.229801894305E-01   0.509232208009E-01
        169   0.456539050436E+07   0.318642543812E+07   0.337579222980E-01   0.491673750979E-02   0.333979491906E-01
        217   0.457028583235E+07   0.318093230206E+07   0.414263594993E-01   0.377262025662E-02   0.412542191511E-01
        202   0.456918425062E+07   0.318300438837E+07   0.974191087961E-01   0.160184037683E-01   0.960931501167E-01
        156   0.456424692823E+07   0.318570132754E+07   0.374057078602E-01   0.233108680161E-01   0.292538956869E-01
        170   0.456640139553E+07   0.318606590111E+07   0.437580313494E-01   0.350427310087E-01   0.262063410460E-01
        492   0.460328381749E+07   0.319834081152E+07   0.253949753469E+00   0.159862994029E+00   0.197317765107E+00
        507   0.460303166156E+07   0.319680979498E+07   0.166717233036E+00   0.722670939566E-01   0.150240150832E+00
        546   0.460736858521E+07   0.319714760506E+07   0.192070196699E+00   0.615830655129E-01   0.181929894471E+00
        571   0.460890864259E+07   0.319574609690E+07   0.142634738489E+00   0.509221900048E-01   0.133235127458E+00
        547   0.460799488629E+07   0.319721296955E+07   0.184259479989E+00   0.389675201944E-01   0.180091888589E+00
        491   0.460169680462E+07   0.319850553991E+07   0.161139970691E+00   0.326287841085E-01   0.157801941058E+00
        489   0.460039265842E+07   0.319727657551E+07   0.259918982844E+00  -0.460743975117E-01   0.255802712136E+00
        490   0.460095336081E+07   0.319807436046E+07   0.207717988899E+00  -0.145326491245E-01   0.207208988757E+00
        545   0.460692140955E+07   0.319632491482E+07   0.219994330394E+00   0.620083983213E-01   0.211074545938E+00
        544   0.460673071231E+07   0.319522845790E+07   0.176777650345E+00   0.592101475308E-01   0.166566791681E+00
        551   0.461154983769E+07   0.319709096087E+07   0.269366003102E+00   0.842010803969E-01   0.255867586238E+00
        550   0.461066983274E+07   0.319709396141E+07   0.214021793217E+00   0.735094911212E-01   0.201001698219E+00
       1066   0.463413564662E+07   0.319824587722E+07   0.934698681825E-01  -0.565545270632E-01   0.744190951753E-01
       1006   0.463323841385E+07   0.319821822860E+07   0.960905029005E-01  -0.484780676637E-01   0.829654247459E-01
        938   0.463297149573E+07   0.319747871529E+07   0.846109450155E-01  -0.282860029596E-01   0.797427993802E-01
        883   0.463588048698E+07   0.319325898845E+07   0.939694653021E-01  -0.936487373288E-01   0.775721637512E-02
        802   0.463302428789E+07   0.319478721144E+07   0.584947391161E-01   0.451884832579E-02  -0.583199323908E-01
        780   0.463269321949E+07   0.319284747630E+07   0.373772326606E-01   0.141274201479E-01   0.346045303585E-01
        882   0.463467247919E+07   0.319491611752E+07   0.843617147034E-01  -0.843454457488E-01   0.165671033922E-02
        845   0.464313855679E+07   0.318540984228E+07   0.702508146928E-01   0.127789658378E-01   0.690787593774E-01
        816   0.464012021305E+07   0.319015034421E+07   0.153409799978E+00   0.659049309953E-01   0.138531970317E+00
        849   0.464133084725E+07   0.318868405319E+07   0.247833233704E+00   0.709924350283E-01   0.237447648750E+00
        774   0.464195907013E+07   0.318330341318E+07   0.234100080531E-01  -0.356530200200E-02   0.231369206828E-01
        812   0.464326036801E+07   0.318423598849E+07   0.485450529111E-01   0.410785831874E-02   0.483709381982E-01
        846   0.464428394891E+07   0.318442850249E+07   0.753534289096E-01   0.744418185026E-02   0.749848211641E-01
        757   0.464110803470E+07   0.318286986146E+07   0.440049577643E-01   0.247187569638E-02   0.439354769904E-01
        749   0.464115874811E+07   0.318189970678E+07   0.402733823857E-01   0.113296418989E-01   0.386469215233E-01
        758   0.464200849836E+07   0.318250682233E+07   0.333989871951E-01  -0.125002474605E-01   0.309715378870E-01
        745   0.464187525314E+07   0.318193934810E+07   0.434036390630E-01  -0.221453607510E-02   0.433471073300E-01
        748   0.464008041876E+07   0.318191632605E+07   0.120201691509E-01   0.449740004323E-02   0.111471009355E-01
        738   0.463869354491E+07   0.318140388673E+07   0.327902423441E-01   0.350710777147E-02  -0.326021500528E-01
        737   0.463816287638E+07   0.318103704715E+07   0.437161837369E-01  -0.923935147840E-02  -0.427286684181E-01
        726   0.463739189666E+07   0.318118597193E+07   0.391900256322E-01  -0.143718040464E-01  -0.364596949727E-01
        744   0.463013433122E+07   0.319338129921E+07   0.168686173985E+00   0.901735652364E-01   0.142561402301E+00
        743   0.462944136964E+07   0.319243547817E+07   0.949982541756E-01   0.630720334612E-01   0.710393334111E-01
        733   0.462896195969E+07   0.319442517310E+07   0.679032762284E-01   0.481270167745E-01   0.479024548320E-01
        771   0.463206853704E+07   0.319273571105E+07   0.251048989878E+00   0.131004564857E+00   0.214157417115E+00
        707   0.463514982156E+07   0.318047702289E+07   0.430627677828E-01   0.232412087754E-02   0.430000050147E-01
        705   0.463338470755E+07   0.317962363392E+07   0.340352671004E-01   0.252051590633E-01  -0.228713655734E-01
        702   0.462589513215E+07   0.319477451285E+07   0.312137311442E-01   0.175829500757E-01   0.257902477417E-01
        692   0.462174750008E+07   0.318771287065E+07   0.288114144196E-01   0.217345256393E-01   0.189131699113E-01
        648   0.463482967622E+07   0.317537596645E+07   0.535853862288E-01   0.596016834550E-02  -0.532528873450E-01
        646   0.463223756411E+07   0.317493054040E+07   0.426673716053E-01  -0.769524462702E-02  -0.419676996015E-01
        647   0.463449583293E+07   0.317461545342E+07   0.508270643951E-01   0.830212650913E-02  -0.501444430665E-01
        658   0.463577593094E+07   0.317773147754E+07   0.512926849556E-01   0.348092194119E-01  -0.376730377577E-01
        661   0.463583027547E+07   0.317858004531E+07   0.503569453742E-01   0.439132505009E-01  -0.246464678578E-01
        628   0.463645697175E+07   0.317838361538E+07   0.316772748614E-01   0.261629885361E-01  -0.178591089785E-01
        627   0.463639855971E+07   0.317786451649E+07   0.462518714984E-01   0.273056280783E-01  -0.373314651783E-01
        626   0.463642736491E+07   0.317714637851E+07   0.448805138712E-01   0.226584476745E-01  -0.387408734327E-01
        555   0.462213640174E+07   0.317419845927E+07   0.209886607362E-01  -0.136532361250E-01  -0.159409228972E-01
        532   0.462153403084E+07   0.317441358959E+07   0.252079000535E-02  -0.158155034329E-02   0.196292658108E-02
        510   0.462098851350E+07   0.317472181327E+07   0.234787517548E-01   0.226659739546E-01   0.612416595588E-02
        118   0.456921721568E+07   0.317014693861E+07   0.336089216346E-01  -0.172538734861E-01  -0.288420433251E-01
        536   0.461674076819E+07   0.317660927345E+07   0.133930850576E+00  -0.201363915852E-01  -0.132408453167E+00
        530   0.461809522121E+07   0.317577489073E+07   0.143659947085E+00   0.235915043116E-01  -0.141709637361E+00
        558   0.461969403081E+07   0.317655415297E+07   0.144815036324E+00  -0.636425027203E-01  -0.130080846372E+00
        515   0.461700686658E+07   0.317504575450E+07   0.163710324648E+00  -0.486757316187E-01  -0.156306569113E+00
        516   0.461772895117E+07   0.317518922333E+07   0.106247995821E+00  -0.854289922210E-03  -0.106244561295E+00
        520   0.461050875926E+07   0.317974078246E+07   0.106728596621E+00  -0.548264298440E-01  -0.915699510055E-01
        498   0.461134443241E+07   0.317739194767E+07   0.124150780726E+00  -0.730174860494E-01  -0.100408481145E+00
        517   0.461221817457E+07   0.317770959004E+07   0.119814394073E+00  -0.552210810115E-01  -0.106330246115E+00
        563   0.461501563039E+07   0.317856979083E+07   0.148618738713E+00  -0.153726086052E-01  -0.147821555943E+00
        564   0.461641420256E+07   0.317832405454E+07   0.140408464371E+00  -0.738384825811E-02  -0.140214177785E+00
        477   0.461082992313E+07   0.317652375871E+07   0.870681783548E-01  -0.617415713561E-01  -0.613909280634E-01
        478   0.461194861129E+07   0.317590289273E+07   0.107764886931E+00  -0.543355106230E-01  -0.930640808292E-01
        493   0.461269188801E+07   0.317593504699E+07   0.127863079342E+00  -0.466751060303E-01  -0.119039495698E+00
        476   0.460988961192E+07   0.317722910006E+07   0.830639525820E-01  -0.510308200461E-01  -0.655398781199E-01
        439   0.460872379886E+07   0.317720637025E+07   0.695010526460E-01   0.987283722243E-02  -0.687962455667E-01
        419   0.460878362222E+07   0.317655664835E+07   0.384410937917E-01   0.644539261850E-03  -0.384356899384E-01
        474   0.460711856959E+07   0.317944998682E+07   0.660161625987E-01  -0.157399167581E-01  -0.641123135186E-01
        459   0.460719892773E+07   0.317847564685E+07   0.750520170502E-01  -0.183908705367E-01  -0.727638725207E-01
        433   0.460472148842E+07   0.317782839217E+07   0.725453150297E-01  -0.291783551590E-01  -0.664187196728E-01
        449   0.460388243727E+07   0.317930121886E+07   0.874714608484E-01  -0.220329038319E-01  -0.846510933874E-01
        482   0.460201756559E+07   0.318412346730E+07   0.303981976811E-01  -0.208525187255E-01  -0.221183834188E-01
        496   0.460752495531E+07   0.318038213276E+07   0.839608479464E-01  -0.276794548403E-01  -0.792670913281E-01
        521   0.460869855083E+07   0.318222235267E+07   0.792152940620E-01  -0.410339166462E-01  -0.677589883189E-01
        611   0.461248779629E+07   0.319052188169E+07   0.516744129226E-01   0.351174930259E-01   0.379078703499E-01
        432   0.460378986365E+07   0.317800511824E+07   0.746560223394E-01  -0.271330898933E-01  -0.695508238943E-01
        466   0.460264979671E+07   0.318152208951E+07   0.537909571665E-01  -0.173457329444E-01  -0.509175080057E-01
        448   0.460155451502E+07   0.318114664116E+07   0.455756808689E-01  -0.181428198593E-01  -0.418088599966E-01
        415   0.460183294860E+07   0.317725496911E+07   0.476133337054E-01   0.178078091718E-02  -0.475800206586E-01
        465   0.460014243413E+07   0.318350111132E+07   0.295092615893E-01  -0.165960156808E-01  -0.244001799803E-01
        403   0.459903044061E+07   0.317793173185E+07   0.610614506421E-01  -0.100247624886E-01  -0.602329219909E-01
        388   0.459950856639E+07   0.317623549484E+07   0.597044614795E-01  -0.224656316033E-02  -0.596621795991E-01
        426   0.459578937272E+07   0.318269842073E+07   0.274832764899E-01  -0.134309312594E-01  -0.239779184278E-01
        420   0.459345223217E+07   0.318540715874E+07   0.112487677173E-01  -0.830222627257E-03   0.112180883196E-01
        445   0.459797799734E+07   0.318327280486E+07   0.265712683448E-01  -0.130822298735E-01  -0.231276363468E-01
        404   0.460031739153E+07   0.317671069324E+07   0.618557240234E-01  -0.594579908001E-02  -0.615692948453E-01
        371   0.459593428196E+07   0.317570102964E+07   0.541894545458E-01  -0.337265685711E-01  -0.424148035052E-01
        386   0.459496939008E+07   0.317745016179E+07   0.606358103801E-01  -0.285961280430E-01  -0.534692711882E-01
        314   0.459152305854E+07   0.317262898597E+07   0.113983425626E-01  -0.318171289902E-02  -0.109452691243E-01
        313   0.459027028311E+07   0.317307082207E+07   0.158603848685E-01  -0.130101094211E-01  -0.907132079846E-02
        379   0.459223965013E+07   0.317891229697E+07   0.578380688897E-01  -0.174981226131E-01  -0.551276511191E-01
        270   0.458269915621E+07   0.317409415140E+07   0.895412293378E-01   0.264098399762E-01  -0.855578874433E-01
        249   0.458275281018E+07   0.317199542525E+07   0.940772861430E-01  -0.826822513362E-02  -0.937132446412E-01
        231   0.458319182436E+07   0.317088314326E+07   0.104592710506E+00  -0.185699173750E-01  -0.102931012138E+00
        287   0.458475588087E+07   0.317457283744E+07   0.678443648399E-01   0.186041084983E-01  -0.652437352358E-01
        230   0.458252611090E+07   0.317088158099E+07   0.953516527909E-01  -0.229394482333E-01  -0.925511718171E-01
        284   0.458068674153E+07   0.317598272678E+07   0.588913480956E-01   0.197751406302E-01  -0.554719270764E-01
        228   0.458053325090E+07   0.317070244048E+07   0.124054167829E+00  -0.437223537114E-01  -0.116093894507E+00
        229   0.458161143201E+07   0.317082463528E+07   0.983267939591E-01  -0.267261848270E-01  -0.946248881366E-01
        213   0.457873110976E+07   0.317175160139E+07   0.215482403686E+00  -0.181835243645E+00  -0.115622707401E+00
        194   0.457860564896E+07   0.317126038514E+07   0.234289189482E+00  -0.220528241868E+00  -0.791120651159E-01
        195   0.457909187059E+07   0.317073134170E+07   0.203154549075E+00  -0.183573808790E+00  -0.870196962546E-01
        221   0.457701738179E+07   0.317311033275E+07   0.135434346991E+00  -0.664035183008E-01  -0.118038278123E+00
        234   0.457797204061E+07   0.317311527333E+07   0.154772102893E+00  -0.844392177879E-01  -0.129708990950E+00
        212   0.457801334517E+07   0.317186605864E+07   0.172714999167E+00  -0.133503158315E+00  -0.109578180570E+00
        296   0.458113954853E+07   0.317805210247E+07   0.544935202306E-01   0.313760494598E-01  -0.445543181680E-01
        298   0.458475258526E+07   0.317595146902E+07   0.600507497430E-01   0.216139430090E-01  -0.560261547163E-01
        267   0.458192218383E+07   0.317352588809E+07   0.775505194574E-01   0.275121347462E-03  -0.775500314401E-01
        311   0.458795046617E+07   0.317499303904E+07   0.108693953420E-01  -0.482084861456E-02  -0.974182599594E-02
        312   0.458908566875E+07   0.317422421882E+07   0.148006564191E-01  -0.126261905769E-01  -0.772261237873E-02
        300   0.458726109248E+07   0.317454457188E+07   0.138606758843E-01  -0.274267274819E-02  -0.135866140803E-01
       1654   0.458912238665E+07   0.318214160581E+07   0.223144485338E-01  -0.160228737856E-01  -0.155306834690E-01
        462   0.459768295667E+07   0.318616534729E+07   0.203503219030E-01  -0.471120032299E-02   0.197974794626E-01
        480   0.459979754638E+07   0.318639807201E+07   0.214361463044E-01  -0.715385415845E-02   0.202071952300E-01
        398   0.459042631731E+07   0.318464839434E+07   0.922628213514E-02  -0.578033741475E-02   0.719110432471E-02
        396   0.459122445077E+07   0.318168038413E+07   0.332864984889E-01  -0.163419237692E-01  -0.289988363417E-01
        352   0.458560375419E+07   0.318555129291E+07   0.613308340822E-01  -0.110058743468E-03   0.613307353314E-01
        440   0.459552524732E+07   0.318585051523E+07   0.168625386844E-01  -0.225942943287E-02   0.167104814270E-01
        334   0.458324603825E+07   0.318507799533E+07   0.766374161120E-01   0.106742597111E-01   0.758904060336E-01
        317   0.458146972325E+07   0.318692771446E+07   0.138060417267E+00   0.232092892258E-01   0.136095582990E+00
        500   0.460171897777E+07   0.318722131516E+07   0.399746511283E-01  -0.176253785973E-01   0.358792246590E-01
        592   0.461106778106E+07   0.319361784781E+07   0.107052712372E+00   0.559905645864E-01   0.912433005952E-01
        572   0.461003734098E+07   0.319574427160E+07   0.139647343637E+00   0.669650750628E-01   0.122544111677E+00
        614   0.461349385517E+07   0.319231100497E+07   0.840217824397E-01   0.486144727032E-01   0.685295043622E-01
        549   0.460959478441E+07   0.319711581330E+07   0.177310649719E+00   0.837218133874E-01   0.156300110258E+00
        548   0.460869674667E+07   0.319745313060E+07   0.172605232660E+00   0.619901117509E-01   0.161089392533E+00
        589   0.461310737077E+07   0.319711793756E+07   0.145034724343E+00   0.418224791582E-01   0.138873869040E+00
        573   0.461226629055E+07   0.319709159061E+07   0.241617413134E+00   0.732040053957E-01   0.230261043000E+00
        597   0.461615190947E+07   0.319691141836E+07   0.129848060669E+00   0.528672377197E-01   0.118598372819E+00
        596   0.461548901786E+07   0.319705636122E+07   0.488817926230E-01   0.204190131479E-01   0.444127633918E-01
        595   0.461471411427E+07   0.319719707312E+07   0.417682627978E-01   0.179748557161E-01   0.377026834473E-01
        651   0.462086337424E+07   0.319645820541E+07   0.117718796704E+00   0.327229405823E-01   0.113079283059E+00
        625   0.461986260451E+07   0.319639199969E+07   0.148688047453E+00   0.533433978254E-01   0.138789831630E+00
        652   0.462321475715E+07   0.319645926915E+07   0.658687733630E-01   0.125205000643E-01   0.646678620529E-01
        653   0.462345472272E+07   0.319675766202E+07   0.411270184802E-01   0.160795221982E-01   0.378534095551E-01
        677   0.462494763096E+07   0.319599187499E+07   0.216999830194E-01   0.678173026278E-02   0.206130395062E-01
        684   0.462574976208E+07   0.319632521347E+07   0.478767032944E-02   0.406885878268E-02  -0.252312809622E-02
        656   0.462518388521E+07   0.319698707491E+07   0.170021067967E-02   0.101109135133E-02  -0.136689818001E-02
        657   0.462547637633E+07   0.319730785521E+07   0.113104426636E-02   0.591998384237E-03  -0.963742209062E-03
        524   0.460333838687E+07   0.319252780641E+07   0.147454103154E+00  -0.938886525131E-02   0.147154890323E+00
        456   0.459831128122E+07   0.319520163552E+07   0.265785922653E+00   0.298289788261E-02   0.265769183693E+00
        528   0.460569104060E+07   0.319734073123E+07   0.275986650352E+00   0.903888289725E-01   0.260765202375E+00
        503   0.460113272780E+07   0.319445285456E+07   0.248526316219E+00  -0.384913169333E-01   0.245527490058E+00
        488   0.460004038173E+07   0.319648464810E+07   0.292673854327E+00  -0.811111904697E-01   0.281209814529E+00
        485   0.459979325667E+07   0.319575862092E+07   0.305664388851E+00  -0.532325634155E-01   0.300993376677E+00
        529   0.460635778154E+07   0.319740223965E+07   0.274104491711E+00   0.880339313231E-01   0.259582933399E+00
        487   0.460025261034E+07   0.319398604821E+07   0.262713084256E+00  -0.193762678312E-01   0.261997566562E+00
        472   0.459923845232E+07   0.319535176038E+07   0.297375299533E+00   0.139573078822E-01   0.297047575868E+00
        424   0.459530348712E+07   0.319084727495E+07   0.146783728549E+00   0.413646034460E-01   0.140834770382E+00
        425   0.459532294894E+07   0.319201659316E+07   0.175757590242E+00   0.716614297708E-01   0.160484796821E+00
        395   0.459225348529E+07   0.319216397858E+07   0.131227548247E+00   0.406296977329E-01   0.124779393655E+00
        336   0.458435590627E+07   0.318731713741E+07   0.103341411280E+00   0.137290159960E-01   0.102425394337E+00
        335   0.458411096260E+07   0.318597603921E+07   0.902747921225E-01   0.139768284692E-01   0.891862453448E-01
        382   0.458826413974E+07   0.318630136680E+07   0.438103871232E-01  -0.643231257688E-02   0.433356132389E-01
        367   0.458687409235E+07   0.318745815851E+07   0.763801746092E-01  -0.137166716832E-01   0.751384321853E-01
        381   0.458885289726E+07   0.318415020180E+07   0.124910972515E-01  -0.980683349934E-02   0.773650614047E-02
        444   0.459603526448E+07   0.319180752441E+07   0.179263686660E+00   0.518682787324E-01   0.171595894521E+00
        451   0.459664109111E+07   0.319192032108E+07   0.196231677774E+00  -0.161547800855E-02   0.196225027947E+00
        337   0.458448720574E+07   0.318817591908E+07   0.113573892893E+00   0.196797811572E-01   0.111855868691E+00
        207   0.457682770818E+07   0.317206541590E+07   0.128087149618E+00  -0.615746721165E-01  -0.112315972377E+00
        174   0.457302536578E+07   0.317091232465E+07   0.721192640268E-01  -0.167269349214E-01  -0.701526755863E-01
        183   0.457183114631E+07   0.317303087280E+07   0.775195926941E-01  -0.188204240915E-01  -0.752002585666E-01
        190   0.457502244082E+07   0.317241088711E+07   0.108918068024E+00  -0.309461057132E-01  -0.104429325782E+00
        151   0.457099075382E+07   0.317033210089E+07   0.535149852039E-01  -0.681097147060E-03  -0.535106507908E-01
        134   0.457077176771E+07   0.316980577137E+07   0.434280764371E-01  -0.244715658473E-02  -0.433590734181E-01
        155   0.457184583999E+07   0.317050956500E+07   0.554516245493E-01   0.586843260193E-02  -0.551402227413E-01
        166   0.457201530044E+07   0.317126882761E+07   0.542935538318E-01  -0.513919736318E-02  -0.540497792609E-01
        164   0.456727605107E+07   0.317498907698E+07   0.319001470820E-01  -0.124281023390E-01  -0.293796129332E-01
         96   0.456514250722E+07   0.317201112438E+07   0.155410839531E-01  -0.101300711507E-01  -0.117858792171E-01
         75   0.456513472639E+07   0.317131676314E+07   0.120756565156E-01  -0.887210438070E-02  -0.819190113099E-02
         97   0.456586916774E+07   0.317129749797E+07   0.205411957602E-01  -0.663916840239E-02  -0.194386770687E-01
         67   0.456116517145E+07   0.317353168322E+07   0.157140579845E-01  -0.968769306458E-02  -0.123725592109E-01
         84   0.456113437971E+07   0.317455890701E+07   0.224675645313E-01  -0.776655282090E-02  -0.210825072809E-01
         53   0.456177223235E+07   0.317241921096E+07   0.162028032818E-01  -0.519982068080E-02  -0.153457713744E-01
        141   0.456160818756E+07   0.317906520921E+07   0.827852635442E-02  -0.723020715757E-02   0.403213380973E-02
        241   0.457226710999E+07   0.318211792140E+07   0.631078553887E-01   0.964094064205E-02   0.623670880777E-01
        218   0.457053111360E+07   0.318270384718E+07   0.771112266866E-01   0.139526514733E-01   0.758384124173E-01
        320   0.458329088458E+07   0.318917594834E+07   0.136629130216E+00   0.330515387719E-01   0.132571169598E+00
         98   0.455811991092E+07   0.318107067985E+07   0.111797315469E-01   0.161474226476E-03   0.111785653612E-01
        147   0.456241382961E+07   0.318276289246E+07   0.396962659127E-01   0.518591120099E-02   0.393560650019E-01
        130   0.456157343421E+07   0.318556807211E+07   0.884363612213E-01  -0.817812945659E-02   0.880574141379E-01
         95   0.455973865697E+07   0.318575153621E+07   0.215452846908E-01   0.179461713247E-01   0.119220060055E-01
         89   0.455929737659E+07   0.318553811882E+07   0.240447219276E-01   0.712055268172E-02   0.229662008630E-01
         88   0.455879377495E+07   0.318554046484E+07   0.358088025020E-01  -0.913967826318E-03   0.357971367492E-01
         62   0.455697484518E+07   0.317744396210E+07   0.110233263007E-01  -0.680082817126E-02  -0.867539387672E-02
         57   0.455575004453E+07   0.318379424220E+07   0.206546433767E-01   0.209639848941E-02   0.205479781583E-01
         46   0.455470883021E+07   0.318465190976E+07   0.194368477541E-01   0.231319248733E-02   0.192987095717E-01
         77   0.455702807952E+07   0.317924508081E+07   0.363541345679E-02  -0.335805348002E-02  -0.139273393982E-02
         52   0.456115768410E+07   0.317276234746E+07   0.120005777337E-01  -0.109335018236E-01  -0.494695904715E-02
         51   0.456042046824E+07   0.317276485986E+07   0.957246623417E-02  -0.518889536637E-02  -0.804409564098E-02
         49   0.455839160914E+07   0.317404660676E+07   0.223970457916E-01  -0.101098355855E-01  -0.199854668353E-01
         32   0.455495565023E+07   0.317505626720E+07   0.148446733842E-01  -0.137712825471E-01  -0.554221119156E-02
         21   0.455096100064E+07   0.317809430563E+07   0.610852619568E-02  -0.271869480294E-02  -0.547017283564E-02
         27   0.455190039814E+07   0.318324376391E+07   0.207934084890E-01  -0.172036241746E-02   0.207221183700E-01
         35   0.455260884551E+07   0.318176246421E+07   0.115083804925E-01  -0.148600037164E-02   0.114120385758E-01
         26   0.455078740067E+07   0.318321930072E+07   0.115055684792E-01   0.179117099677E-02   0.113652898111E-01
          6   0.454732152291E+07   0.317952756752E+07   0.811219462999E-02  -0.804901535438E-02  -0.101047193916E-02
         18   0.454808985885E+07   0.318349426676E+07   0.513883271082E-02   0.845848498281E-03   0.506874165328E-02
         71   0.455691420401E+07   0.318398840228E+07   0.249737385359E-01   0.866866499154E-02   0.234209705974E-01
         70   0.455671054855E+07   0.318494250216E+07   0.274307116244E-01   0.106303899145E-01   0.252871261809E-01
        111   0.456032125798E+07   0.318504937007E+07   0.417337529776E-01   0.209805781519E-01   0.360766056885E-01
         74   0.455908076313E+07   0.318625491231E+07   0.167147037647E-01   0.235846143496E-02   0.165474765932E-01
        112   0.456183555907E+07   0.318656379940E+07   0.894522430642E-01  -0.124929224270E-01   0.885755647932E-01
        128   0.456083731971E+07   0.318502544671E+07   0.665710989670E-01   0.118833008170E-01   0.655018959983E-01
        120   0.456290355933E+07   0.318698398518E+07   0.622430311809E-01   0.391107270570E-01   0.484205117659E-01
        184   0.456660147927E+07   0.318333472559E+07   0.599638455969E-01   0.208057686171E-01   0.562386234808E-01
        193   0.456902424137E+07   0.318653156074E+07   0.156649306705E+00   0.683524047636E-01   0.140950182881E+00
        177   0.456862083461E+07   0.318643873836E+07   0.158274713478E+00   0.214152265504E-01   0.156819236697E+00
        282   0.457696513824E+07   0.318877752060E+07   0.714856245463E-01  -0.308906570068E-02   0.714188503818E-01
        306   0.458089845732E+07   0.318903773550E+07   0.158559170985E+00   0.257327942570E-01   0.156457131519E+00
        283   0.457788056355E+07   0.318868194185E+07   0.695307590628E-01   0.273788849898E-01   0.639134032310E-01
        294   0.457900940821E+07   0.318717592796E+07   0.732683142501E-01   0.259581209201E-01   0.685158509496E-01
        295   0.457920918101E+07   0.318831828052E+07   0.902010542873E-01   0.271973676645E-01   0.860031010293E-01
        305   0.458014540545E+07   0.318847165582E+07   0.144448102173E+00   0.174256634958E-01   0.143393167457E+00
        265   0.457568489086E+07   0.318703970647E+07   0.146415980744E+00   0.472281924559E-01   0.138589816561E+00
        246   0.457472934036E+07   0.318727888466E+07   0.190571424612E+00   0.991585963807E-01   0.162742252173E+00
        227   0.457406463331E+07   0.318756852296E+07   0.185207143669E+00   0.919345831439E-01   0.160778476446E+00
