         833           2
       1074   0.463643152173E+07   0.320041381513E+07   0.721945892863E-01  -0.212832067551E-01   0.689861133304E-01
       1013   0.463726553191E+07   0.319996351200E+07   0.440307670151E-01  -0.214502452346E-01   0.384525086739E-01
       1014   0.463690539152E+07   0.320093256009E+07   0.123683136412E+00  -0.360154571001E-01   0.118323307436E+00
       1081   0.463568052716E+07   0.320444238203E+07   0.273436417441E+00   0.140711997374E+00   0.234451718224E+00
       1071   0.463519951960E+07   0.320429396694E+07   0.254631999138E+00   0.362196398666E-01   0.252042838964E+00
       1070   0.463571495144E+07   0.320362467648E+07   0.370840390889E+00   0.433794540447E-01   0.368294472510E+00
       1592   0.460629004765E+07   0.323548360635E+07   0.393317414415E-02  -0.192824491303E-02   0.342807969622E-02
       1578   0.460580072650E+07   0.323460091788E+07   0.787832502353E-02  -0.552161954283E-02   0.561958386365E-02
       1577   0.460700088042E+07   0.323351963249E+07   0.195583922421E-01   0.111524526888E-01  -0.160671561305E-01
       1169   0.465623885433E+07   0.318452214252E+07   0.178194681043E-02  -0.111604194801E-02   0.138916694658E-02
       1167   0.465454208064E+07   0.318493427253E+07   0.214694003447E-02  -0.127394504212E-02   0.172812486276E-02
       1101   0.465575342005E+07   0.318283525206E+07   0.362033722630E-02   0.393642785674E-04   0.362012321416E-02
       1290   0.464245705023E+07   0.320196044459E+07   0.563880002512E-02  -0.488572512171E-02   0.281527188003E-02
       1258   0.464025574724E+07   0.320223036318E+07   0.344034723320E-02  -0.343293946271E-02  -0.225645142544E-03
       1257   0.464196017013E+07   0.320014549567E+07   0.477836108765E-02  -0.477443417600E-02  -0.193682686333E-03
       1104   0.466366541976E+07   0.317978204532E+07   0.955008129336E-03  -0.850953275458E-03   0.433496309195E-03
       1103   0.466265617753E+07   0.317963502661E+07   0.453487902657E-03  -0.176685406282E-03   0.417652421355E-03
       1041   0.466394422022E+07   0.317832784497E+07   0.224317224055E-02  -0.208011422382E-03   0.223350687237E-02
        960   0.464501884725E+07   0.318666364965E+07   0.360624287119E-01   0.282977648673E-02   0.359512326581E-01
       1026   0.464594085276E+07   0.318667547079E+07   0.161317267166E-01   0.393164694107E-02   0.156452791343E-01
       1025   0.464457414775E+07   0.318806102967E+07   0.282023586167E-01   0.108255552677E-02   0.281815738574E-01
        856   0.465419692154E+07   0.317955513189E+07   0.408893191907E-02   0.300506796231E-02   0.277289213291E-02
        857   0.465464346188E+07   0.317911901773E+07   0.320442074771E-02   0.129090588412E-02   0.293289521236E-02
        910   0.465443970750E+07   0.318001142403E+07   0.548531942904E-02   0.338054447754E-02   0.431979724917E-02
       1213   0.464621249239E+07   0.319227662972E+07   0.731947448546E-02  -0.203891158647E-02   0.702976146721E-02
       1158   0.464591219533E+07   0.319031567495E+07   0.857770735762E-02  -0.313766841990E-02   0.798323871620E-02
       1212   0.464819216834E+07   0.318954392720E+07   0.510732338788E-02  -0.475123472523E-03   0.508517550083E-02
       1611   0.460317132819E+07   0.323884200186E+07   0.294677818890E-01   0.292270535506E-01   0.375892407639E-02
       1600   0.460362880806E+07   0.323730075826E+07   0.174215147702E-01   0.160112664342E-01   0.686647828673E-02
       1605   0.460421540906E+07   0.323780071651E+07   0.236981026909E-01   0.916445617715E-02   0.218543545804E-01
       1317   0.463464884357E+07   0.321001596060E+07   0.671077941359E-02  -0.901972760349E-05   0.671077335204E-02
       1355   0.463516879552E+07   0.321149691715E+07   0.662690293077E-02  -0.566395049775E-02   0.344027720000E-02
       1354   0.463336984392E+07   0.321221801454E+07   0.309144873172E-02   0.307806143624E-02  -0.287390075618E-03
       1162   0.463867546851E+07   0.320100530325E+07   0.108720949594E-01  -0.100964765378E-01  -0.403281667424E-02
       1207   0.463824464961E+07   0.320232781871E+07   0.173857188078E-01   0.555765872973E-02   0.164734831747E-01
       1150   0.463775945843E+07   0.320206650308E+07   0.118638295052E+00   0.180553355094E-01   0.117256342739E+00
       1415   0.461760571784E+07   0.321884071909E+07   0.609365544728E-02   0.552967262859E-02   0.256034320568E-02
       1414   0.461631488670E+07   0.321989338668E+07   0.723973919803E-02  -0.588189640220E-02   0.422103285575E-02
       1368   0.461689276474E+07   0.321855994909E+07   0.136550738869E-01  -0.130781500375E-01   0.392721713853E-02
       1560   0.460505477818E+07   0.323463599429E+07   0.205354497113E-01  -0.167081777093E-01   0.119390741886E-01
       1575   0.460473013628E+07   0.323560751348E+07   0.199863122375E-01  -0.531170818936E-02   0.192675487016E-01
       1389   0.460452190864E+07   0.326018645064E+07   0.270484726873E-02  -0.270482151386E-02   0.118036141461E-04
       1390   0.460265273746E+07   0.325887048087E+07   0.270487750556E-02  -0.270487540396E-02   0.337181189481E-05
       1439   0.460574779657E+07   0.325537324701E+07   0.603905915483E-02  -0.131522120570E-03   0.603762680259E-02
       1042   0.466483204619E+07   0.317816460228E+07   0.184305236878E-02  -0.632751086215E-03   0.173103093472E-02
       1037   0.465545678455E+07   0.318172299318E+07   0.536465777549E-02   0.935895418172E-03   0.528239082370E-02
       1038   0.465690495993E+07   0.318075696182E+07   0.620234177600E-02   0.286725928114E-02   0.549980615304E-02
       1222   0.466476490440E+07   0.318293871430E+07   0.602564897501E-03  -0.593771757565E-03  -0.102564884925E-03
       1221   0.466178881052E+07   0.318425362253E+07   0.921255535702E-03  -0.908479776749E-03   0.152892960271E-03
       1171   0.466375741264E+07   0.318145917427E+07   0.379574123818E-03  -0.335904589664E-03   0.176761483685E-03
       1160   0.464083190133E+07   0.319837272033E+07   0.348195919083E-02   0.346108153862E-02   0.380728761258E-03
       1215   0.464041640506E+07   0.320020503142E+07   0.448561652576E-02  -0.406716872893E-02  -0.189179653942E-02
       1161   0.463995476635E+07   0.319938212201E+07   0.552256294649E-02   0.552173556779E-02   0.955919315832E-04
        978   0.465806296155E+07   0.317918084812E+07   0.835411220002E-02   0.675894618884E-02   0.490997322466E-02
        917   0.465862161237E+07   0.317820876372E+07   0.349690340816E-02   0.348749687983E-02  -0.256318081975E-03
        979   0.465881987337E+07   0.317888058406E+07   0.432714834900E-02   0.369421880454E-02   0.225321109940E-02
       1099   0.466001509333E+07   0.317994712931E+07   0.121197724473E-02   0.293609542020E-03   0.117587511182E-02
       1168   0.465866474078E+07   0.318261439156E+07   0.107114533294E-02  -0.394282271547E-03   0.995938660074E-03
       1100   0.465874618690E+07   0.318068135316E+07   0.216365297354E-02   0.132002038984E-02   0.171433379489E-02
       1102   0.465730890037E+07   0.318202431723E+07   0.270105699300E-02   0.731810739208E-03   0.260003113855E-02
       1206   0.463680502509E+07   0.320442942272E+07   0.193104634132E-01   0.147326094218E-02   0.192541813492E-01
       1251   0.463635703807E+07   0.320565235121E+07   0.109196382456E-01  -0.108267326040E-01   0.142139387091E-02
       1205   0.463610396515E+07   0.320507469090E+07   0.707687363583E-02  -0.694491217105E-02   0.136027033850E-02
       1033   0.465333045977E+07   0.318254945764E+07   0.590155690441E-02   0.561926860141E-02   0.180338411914E-02
        969   0.465361231410E+07   0.318116119502E+07   0.759611707037E-02   0.630244582021E-02   0.424030320024E-02
        970   0.465434723379E+07   0.318106385607E+07   0.552699363081E-02   0.388877410328E-02   0.392747941670E-02
       1261   0.465448471916E+07   0.319151881710E+07   0.291200376720E-02  -0.136842422277E-02   0.257044375288E-02
       1220   0.465689950502E+07   0.318649692634E+07   0.182332101280E-02  -0.975045358104E-03   0.154070959800E-02
       1260   0.465835874202E+07   0.318852962586E+07   0.226812260091E-02  -0.134840279942E-02   0.182378453313E-02
       1098   0.465403264108E+07   0.318354962849E+07   0.307267602092E-02   0.130499995058E-02   0.278178235283E-02
       1166   0.465260507831E+07   0.318622033952E+07   0.198005324370E-02  -0.625192302198E-04   0.197906599025E-02
       1097   0.465222708520E+07   0.318462184057E+07   0.386800426249E-02   0.318509057892E-02   0.219468790006E-02
        914   0.465507338769E+07   0.318001843225E+07   0.673890527924E-02   0.195891608925E-02   0.644790602583E-02
        861   0.465511713255E+07   0.317910463896E+07   0.569398378704E-02   0.165381007676E-02   0.544851939494E-02
        899   0.464594072626E+07   0.318448612188E+07   0.326134400901E-01   0.204955584975E-01   0.253686530267E-01
        953   0.464687409811E+07   0.318439360630E+07   0.121632493177E-01   0.734567970741E-02   0.969461828028E-02
        959   0.464589794259E+07   0.318542468260E+07   0.229876390866E-01   0.508181652372E-02   0.224188913998E-01
       1501   0.461686326367E+07   0.322258733521E+07   0.131866868991E-01   0.131244058981E-01  -0.128010983839E-02
       1461   0.461905698666E+07   0.322010554332E+07   0.138984848635E-01   0.138984832314E-01  -0.673560789712E-05
       1502   0.461911887216E+07   0.322258707752E+07   0.978902519953E-02   0.956194309653E-02  -0.209624869130E-02
       1280   0.463160327269E+07   0.320478074468E+07   0.428386480467E-01   0.280272321303E-01   0.323979015614E-01
       1246   0.463291047975E+07   0.320456343879E+07   0.305535263478E-01   0.957509001293E-02   0.290144037252E-01
       1281   0.463153936394E+07   0.320614049311E+07   0.241524048282E-01  -0.127658853598E-01   0.205029468606E-01
       1163   0.463936999976E+07   0.320038163071E+07   0.746269115854E-02  -0.610297362751E-02  -0.429481923132E-02
       1338   0.462943588469E+07   0.320941382160E+07   0.665003295130E-01  -0.396851231894E-01   0.533608922599E-01
       1376   0.462791656674E+07   0.321098619407E+07   0.537479379239E-01  -0.228670783045E-01   0.486409041948E-01
       1337   0.462859049977E+07   0.320849249212E+07   0.489493816924E-01  -0.917048905484E-02   0.480826798189E-01
       1076   0.463583862354E+07   0.320267205199E+07   0.321380571820E+00  -0.170846243144E-01   0.320926140342E+00
       1020   0.463631765014E+07   0.320294499547E+07   0.409047981410E+00   0.182832025438E-01   0.408639175313E+00
       1278   0.462964234836E+07   0.320423350716E+07   0.624847667300E-01   0.502585717688E-01   0.371271065000E-01
       1243   0.463068037452E+07   0.320362070837E+07   0.131111922677E+00   0.115672917571E+00   0.617261079988E-01
       1279   0.463035405917E+07   0.320491371070E+07   0.698464444845E-01   0.533234039088E-01   0.451125304400E-01
       1019   0.463661762797E+07   0.320199740011E+07   0.355671877364E+00  -0.466625093521E-01   0.352597638348E+00
       1075   0.463600675402E+07   0.320160654692E+07   0.158127194976E+00  -0.125115262128E-01   0.157631441987E+00
       1155   0.464326474232E+07   0.319424821121E+07   0.956599973052E-02  -0.731451149499E-02   0.616492274355E-02
       1086   0.464232387253E+07   0.319430198802E+07   0.433256449250E-02  -0.362553403763E-02   0.237204932993E-02
       1092   0.464279078955E+07   0.319319393045E+07   0.545473488466E-02  -0.411836783907E-02   0.357675537381E-02
       1134   0.463395247447E+07   0.319960589335E+07   0.544789263463E-01  -0.296970632354E-01   0.456731633571E-01
       1135   0.463515223044E+07   0.319960139118E+07   0.725128664747E-01  -0.392106350061E-01   0.609970647391E-01
       1196   0.463386299945E+07   0.320128333707E+07   0.525642249372E-01   0.314869547267E-02   0.524698338101E-01
        957   0.464942136098E+07   0.318347230035E+07   0.276299087820E-01   0.957306049864E-03   0.276133196923E-01
        956   0.464873345463E+07   0.318393396549E+07   0.224957323375E-01   0.211771310431E-01   0.758861609147E-02
        896   0.464929077114E+07   0.318296945578E+07   0.189206897446E-01  -0.190705571190E-02   0.188243363475E-01
       1159   0.464437803849E+07   0.319268951715E+07   0.119836012008E-01  -0.775879389510E-02   0.913278791128E-02
       1210   0.464327652776E+07   0.319587785637E+07   0.827214850222E-02  -0.549233338692E-02   0.618568628445E-02
       1211   0.464451672817E+07   0.319413423550E+07   0.967903408402E-02  -0.473842368485E-02   0.843984844546E-02
       1255   0.464534414590E+07   0.319543025313E+07   0.664603984836E-02  -0.358680818449E-02   0.559505609567E-02
        967   0.465166511807E+07   0.318248463899E+07   0.757583875828E-02  -0.545271339150E-03   0.755619031379E-02
        964   0.465079989162E+07   0.318257332616E+07   0.122504957332E-01   0.943274521587E-02   0.781651862410E-02
        906   0.465165465914E+07   0.318168105788E+07   0.152958869109E-01   0.130536517083E-01   0.797284977083E-02
       1032   0.465191092838E+07   0.318343281185E+07   0.933313717315E-02   0.619058000716E-02   0.698456646241E-02
       1029   0.465078977621E+07   0.318368152512E+07   0.838481890294E-02   0.693544755562E-03   0.835608662635E-02
        853   0.465267738115E+07   0.318079416867E+07   0.105230286324E-01   0.993728489942E-02   0.346186372141E-02
        854   0.465327965894E+07   0.318037437327E+07   0.767390036070E-02   0.652390746935E-02   0.404071504529E-02
        908   0.465306179508E+07   0.318105468465E+07   0.908246618371E-02   0.396787073278E-02   0.816989558233E-02
       1021   0.464999391794E+07   0.318354110823E+07   0.807337404757E-02   0.792809426856E-02  -0.152469333994E-02
       1087   0.464966392518E+07   0.318493678086E+07   0.100471630056E-01   0.355788894927E-02   0.939611146620E-02
        849   0.464133084725E+07   0.318868405319E+07   0.247833233704E+00   0.709924350283E-01   0.237447648750E+00
        817   0.464093077702E+07   0.319007709385E+07   0.292197603525E+00   0.915706540043E-01   0.277478386241E+00
        816   0.464012021305E+07   0.319015034421E+07   0.153409799978E+00   0.659049309953E-01   0.138531970317E+00
        913   0.466046869962E+07   0.317643977127E+07   0.505415981410E-03  -0.388246125929E-03   0.323589647495E-03
        859   0.465979295305E+07   0.317668429446E+07   0.466081456736E-03  -0.447380362668E-03   0.130700938835E-03
        860   0.465991819100E+07   0.317597280625E+07   0.556204340828E-03  -0.163479815283E-03  -0.531636735705E-03
       1004   0.463106967487E+07   0.320047597128E+07   0.610629994237E-02  -0.198719506074E-02  -0.577390290676E-02
       1064   0.463052063745E+07   0.320151411759E+07   0.178368439033E-01  -0.121941370038E-01   0.130175275364E-01
       1005   0.463033736864E+07   0.320103247297E+07   0.108380658514E-01  -0.602765821782E-02   0.900727527105E-02
       1620   0.460370232365E+07   0.324082368599E+07   0.134112415680E-01   0.974768825021E-02   0.921107888208E-02
       1625   0.460251583794E+07   0.324265805583E+07   0.696325591097E-02   0.657104475833E-02   0.230397562176E-02
       1623   0.460226754926E+07   0.324167418186E+07   0.304712597460E-01   0.289857591731E-01  -0.939805488760E-02
       1535   0.460821615159E+07   0.323080110778E+07   0.722295400468E-01   0.658569265386E-01  -0.296643166490E-01
       1557   0.460723727775E+07   0.323214530408E+07   0.461887692885E-01   0.398364023546E-01  -0.233765578267E-01
       1534   0.460749194985E+07   0.323110204810E+07   0.740755317555E-01   0.708956153154E-01  -0.214708205226E-01
       1118   0.461989410215E+07   0.321222661467E+07   0.338468293245E-02   0.283639107683E-02   0.184687958799E-02
       1116   0.461985708741E+07   0.321160102956E+07   0.135685633073E-02   0.384374400957E-03   0.130127453757E-02
       1182   0.462050369661E+07   0.321162428549E+07   0.577271067867E-02   0.314960079699E-02   0.483778910238E-02
       1444   0.460901806243E+07   0.322845834878E+07   0.270409554796E-01   0.248815339907E-01   0.105887931095E-01
       1455   0.461013660410E+07   0.322742531153E+07   0.164692717782E-01   0.120377155292E-01   0.112396760515E-01
       1490   0.460957615602E+07   0.322880582646E+07   0.224930001291E-01   0.141165088365E-01   0.175116884701E-01
       1240   0.462926692971E+07   0.320353425192E+07   0.144766871558E-01   0.837197658022E-02   0.118103547427E-01
       1194   0.462979215505E+07   0.320254108384E+07   0.269775804022E-02   0.397990490330E-03   0.266823949697E-02
       1242   0.463001822979E+07   0.320285356161E+07   0.312168064343E-01   0.148822585416E-01   0.274409800236E-01
       1593   0.460507499421E+07   0.323669758735E+07   0.998570697669E-02  -0.429737613961E-02   0.901370634861E-02
       1606   0.460542931055E+07   0.323746405666E+07   0.121349238184E-01  -0.252613785822E-02   0.118690776221E-01
       1555   0.461594428225E+07   0.323004880614E+07   0.100004600633E-01   0.829539695510E-02  -0.558530131993E-02
       1574   0.461243274946E+07   0.323328501966E+07   0.161482346839E-01   0.153779786050E-01  -0.492780452450E-02
       1554   0.461294556971E+07   0.322970515958E+07   0.324957423055E-01   0.317747838859E-01  -0.680708285441E-02
        999   0.462681979966E+07   0.320205413823E+07   0.354146534855E-02  -0.148866266360E-02   0.321338766553E-02
        997   0.462775947605E+07   0.320100645337E+07   0.896766086834E-02   0.735225130772E-03  -0.893747086466E-02
       1056   0.462767048172E+07   0.320182336263E+07   0.596492051317E-02  -0.341690602858E-02   0.488927703452E-02
       1017   0.463504640881E+07   0.320493650148E+07   0.175363691807E+00   0.111726172394E+00   0.135165405361E+00
       1239   0.462855664648E+07   0.320366131332E+07   0.100445075392E-01   0.337880385340E-02   0.945916572560E-02
       1192   0.462943878898E+07   0.320249819478E+07   0.140401428771E-02   0.185368356423E-03   0.139172364086E-02
       1139   0.463476577864E+07   0.320427975717E+07   0.180976089324E+00  -0.214107291033E-01   0.179705107290E+00
       1198   0.463416063387E+07   0.320390678422E+07   0.103640652882E+00   0.223520776883E-01   0.101201628213E+00
       1138   0.463514553178E+07   0.320348799707E+07   0.278326203025E+00  -0.389209231016E-02   0.278298988334E+00
       1494   0.462865566403E+07   0.322786021384E+07   0.380894106073E-02  -0.285065310973E-02   0.252622422838E-02
       1527   0.462525045578E+07   0.322654661004E+07   0.220330798351E-02  -0.174053674600E-02   0.135096184477E-02
       1493   0.463028422542E+07   0.322253007461E+07   0.439084159706E-02  -0.343955316312E-02   0.272927901991E-02
       1558   0.460824279889E+07   0.323185840249E+07   0.375797487757E-01   0.198358061026E-01  -0.319183068834E-01
       1570   0.460842424486E+07   0.323252335238E+07   0.237847093663E-01   0.178528542470E-01  -0.157158517069E-01
       1369   0.461771091308E+07   0.321789678262E+07   0.669178169594E-02  -0.668548349940E-02   0.290263062276E-03
       1328   0.461736782830E+07   0.321759578386E+07   0.198206877949E-01  -0.196433653152E-01  -0.264534756785E-02
       1329   0.461815091054E+07   0.321702422475E+07   0.134804144534E-01  -0.120930096036E-01  -0.595656717936E-02
       1520   0.460971085455E+07   0.324895142859E+07   0.427948536537E-02   0.954525827289E-03   0.417167537537E-02
       1486   0.460708783171E+07   0.325183269437E+07   0.575824232730E-02   0.174329913859E-02   0.548801082482E-02
       1521   0.460758514417E+07   0.324920634819E+07   0.525472781013E-02   0.101965596670E-02   0.515484879198E-02
       1495   0.462697427780E+07   0.323292163223E+07   0.412185345573E-02  -0.277872083690E-02   0.304440247358E-02
       1496   0.462319743730E+07   0.323694493201E+07   0.442311459341E-02  -0.178196897915E-02   0.404827485032E-02
       1528   0.462313207573E+07   0.323216498990E+07   0.443533367442E-02   0.438085222213E-03   0.441364544810E-02
       1603   0.460703371603E+07   0.323660904619E+07   0.398932089932E-02   0.171616244584E-03   0.398562781784E-02
       1533   0.461929496965E+07   0.322583854692E+07   0.516713025752E-02  -0.352087433671E-02  -0.378188828540E-02
       1532   0.461597684231E+07   0.322614160874E+07   0.205351096560E-01   0.192284140474E-01  -0.720824679145E-02
       1645   0.459937704076E+07   0.324681153998E+07   0.693962771490E-02  -0.555157500866E-02  -0.416394617456E-02
       1643   0.459926544613E+07   0.324621781874E+07   0.656949268326E-02  -0.211166162215E-02  -0.622086162111E-02
       1642   0.459976081606E+07   0.324603098142E+07   0.407005984724E-02  -0.394048248250E-02  -0.101881547164E-02
       1348   0.460116087776E+07   0.325781721082E+07   0.225234677164E-02   0.336375226087E-03  -0.222708726524E-02
       1392   0.460304551633E+07   0.325619772358E+07   0.268196860811E-02   0.518986430932E-03   0.263127510903E-02
       1433   0.460259646854E+07   0.325240491243E+07   0.262237701053E-02   0.252464996598E-02  -0.709227561920E-03
       1388   0.460190969256E+07   0.325381442779E+07   0.300334217960E-02   0.260697696951E-02  -0.149121940982E-02
       1384   0.460149636806E+07   0.325304341548E+07   0.421563001408E-02  -0.104214671807E-02   0.408478477200E-02
        922   0.466711454502E+07   0.317624794042E+07   0.140599197633E-02  -0.928724836395E-03   0.105559633183E-02
        921   0.466779433690E+07   0.317535449352E+07   0.172385125334E-02  -0.155668276490E-02   0.740541634949E-03
        984   0.466769405542E+07   0.317614661576E+07   0.128651576869E-02   0.831211877532E-03   0.981941769017E-03
        924   0.466858032602E+07   0.317506999270E+07   0.422084229985E-03  -0.194569535747E-03   0.374563469870E-03
        871   0.466840332504E+07   0.317432217181E+07   0.112867908175E-02  -0.111114127316E-02   0.198195713025E-03
        923   0.466976314204E+07   0.317356217003E+07   0.528839843207E-03   0.311339633082E-04  -0.527922585321E-03
       1047   0.466778620023E+07   0.317742415457E+07   0.446414026052E-03  -0.180174544546E-03   0.408439244140E-03
       1107   0.466683319063E+07   0.317855838369E+07   0.348885741781E-03   0.299070726227E-03   0.179660684437E-03
       1044   0.466725474831E+07   0.317716943905E+07   0.162238570993E-02   0.162232424880E-02  -0.141217403082E-04
       1095   0.466223174912E+07   0.317877339171E+07   0.126533211749E-02   0.339412641806E-03   0.121896038744E-02
       1040   0.466333425828E+07   0.317805138198E+07   0.236838587519E-02   0.491095706884E-03   0.231691101696E-02
        869   0.466723572984E+07   0.317565788256E+07   0.142005557679E-02  -0.122961425860E-02   0.710356682397E-03
        821   0.466537419110E+07   0.317457937349E+07   0.681827914867E-02  -0.570133578455E-02   0.373947868306E-02
        822   0.466479685460E+07   0.317463948362E+07   0.388909585315E-02  -0.236607183448E-02   0.308654671585E-02
        794   0.466526387303E+07   0.317396844485E+07   0.344706310323E-02  -0.298832211180E-02   0.171818945225E-02
        865   0.466489228754E+07   0.317523269293E+07   0.388874597318E-02  -0.357365282471E-02   0.153341146870E-02
       1036   0.465951694865E+07   0.317898068690E+07   0.228221158916E-02   0.168922680018E-02   0.153460175787E-02
       1039   0.465819613605E+07   0.318008484971E+07   0.462965757539E-02   0.273375789001E-02   0.373634809194E-02
        972   0.466192922867E+07   0.317643500985E+07   0.263611459031E-02   0.101669772136E-02   0.243216485391E-02
       1031   0.466204165537E+07   0.317760468173E+07   0.237512389402E-02   0.528542963633E-03   0.231556814790E-02
       1035   0.466084671085E+07   0.317793722861E+07   0.220542830140E-02   0.131441676013E-02   0.177093833131E-02
       1030   0.466299374388E+07   0.317746590581E+07   0.282392826689E-02   0.356437181926E-03   0.280134314069E-02
        912   0.465985235466E+07   0.317719503995E+07   0.149488857041E-02   0.485666225906E-03   0.141379636262E-02
        973   0.465938454813E+07   0.317799624097E+07   0.193064185238E-02   0.163140856097E-02   0.103241661617E-02
        911   0.465925935669E+07   0.317739601850E+07   0.103733101184E-02   0.765860374485E-03   0.699652424360E-03
       1170   0.466203863515E+07   0.318167642091E+07   0.748380767294E-03  -0.746696369517E-03   0.501827122244E-04
       1165   0.466088247739E+07   0.318092748527E+07   0.684646762421E-03  -0.415340351103E-03   0.544273444179E-03
       1096   0.466124513981E+07   0.317896092965E+07   0.676378419579E-03   0.212614292864E-03   0.642092617106E-03
        858   0.465928206215E+07   0.317678492556E+07   0.349640473404E-03  -0.305859802282E-03   0.169405554780E-03
        862   0.465575255629E+07   0.317932337433E+07   0.643897149730E-02   0.220498559803E-02   0.604966052399E-02
        909   0.465377661627E+07   0.318024565885E+07   0.580164383465E-02   0.424711211302E-02   0.395235497945E-02
        968   0.465261548956E+07   0.318205943665E+07   0.749737312740E-02   0.170416717004E-02   0.730112443860E-02
        976   0.465612600454E+07   0.318041470474E+07   0.558173778432E-02   0.866122410791E-03   0.551412990982E-02
        975   0.465519087348E+07   0.318084530696E+07   0.590310126265E-02   0.111660762662E-02   0.579653275030E-02
       1094   0.465070668074E+07   0.318506923466E+07   0.849792218220E-02   0.752725777734E-02   0.394399185701E-02
       1164   0.465049658286E+07   0.318700237006E+07   0.365385760722E-02   0.854736401566E-03   0.355247816287E-02
        971   0.466108565954E+07   0.317640474641E+07   0.746299259184E-03   0.291526640751E-03   0.687004222688E-03
       1219   0.465377831103E+07   0.318801738590E+07   0.241452249918E-02  -0.962182036037E-03   0.221452582477E-02
       1045   0.466656841593E+07   0.317779691983E+07   0.340760196284E-02   0.328316529713E-02   0.912456447636E-03
       1292   0.465077759585E+07   0.319739003002E+07   0.368471054643E-02  -0.194992399304E-02   0.312648176587E-02
       1289   0.464756892606E+07   0.319639142180E+07   0.544000856185E-02  -0.308169993061E-02   0.448294754495E-02
       1259   0.465093534584E+07   0.319255619920E+07   0.399060741738E-02  -0.149676606425E-02   0.369927545725E-02
        986   0.466922540586E+07   0.317526358890E+07   0.380889010388E-03   0.244122229990E-03   0.292370954541E-03
        988   0.466825519485E+07   0.317630173920E+07   0.125581605583E-02   0.521033923846E-03   0.114262750548E-02
       1322   0.464748455171E+07   0.320357619690E+07   0.334019211722E-02  -0.221022328334E-02   0.250435548949E-02
       1323   0.465160240310E+07   0.320214204316E+07   0.270487749130E-02   0.527370940997E-06   0.270487743989E-02
       1359   0.464648437519E+07   0.320956473689E+07   0.270487750544E-02   0.271261868524E-06   0.270487749184E-02
       1046   0.466896558196E+07   0.317677145939E+07   0.105638071093E-02  -0.100221755535E-02   0.333916423964E-03
       1216   0.463925334115E+07   0.320159419253E+07   0.529537435197E-02  -0.457919442073E-02  -0.265931720271E-02
       1256   0.464810920496E+07   0.319255407283E+07   0.517315361968E-02  -0.157791984791E-02   0.492663042316E-02
       1287   0.463865557988E+07   0.320471444183E+07   0.383819024021E-02  -0.365415178441E-02   0.117425681028E-02
       1291   0.464030351309E+07   0.320425634669E+07   0.510105760014E-02  -0.480583430365E-02   0.171018866965E-02
       1319   0.463865446173E+07   0.320706463028E+07   0.439724140089E-02  -0.432847995071E-02   0.774592314714E-03
       1448   0.463202777748E+07   0.321762761912E+07   0.524828695397E-02  -0.315139945176E-02   0.419680800689E-02
       1449   0.463530257768E+07   0.321867013415E+07   0.460506982070E-02  -0.356825335481E-02   0.291105411311E-02
       1208   0.463760894715E+07   0.320350282688E+07   0.197560372655E-01   0.400966594285E-02   0.193448594583E-01
       1253   0.463862444043E+07   0.320318669861E+07   0.618037368182E-02   0.109897740065E-02   0.608188026188E-02
       1320   0.464559792376E+07   0.320147062726E+07   0.538873532752E-02  -0.417027084613E-02   0.341281547993E-02
       1402   0.464010498139E+07   0.321393110925E+07   0.386684591822E-02  -0.251001689013E-02   0.294148135580E-02
       1358   0.464344201442E+07   0.320743485058E+07   0.388540284459E-02  -0.315575056793E-02   0.226662604276E-02
       1450   0.463320404298E+07   0.322411422953E+07   0.358498880822E-02  -0.260717223193E-02   0.246064985484E-02
       1249   0.463456499978E+07   0.320788608214E+07   0.142397245485E-01  -0.384298380870E-02   0.137113540784E-01
       1202   0.463414079258E+07   0.320767870054E+07   0.186834965893E-01  -0.809049803841E-02   0.168409289024E-01
       1203   0.463484290760E+07   0.320695364794E+07   0.119399918992E-01  -0.894181451551E-02   0.791248126208E-02
       1250   0.463558879461E+07   0.320686079117E+07   0.129500420598E-01  -0.121370997116E-01   0.451601593683E-02
       1286   0.463693887879E+07   0.320657818490E+07   0.680276934701E-02  -0.615169390859E-02   0.290419228765E-02
       1285   0.463540696613E+07   0.320819210408E+07   0.973478516700E-02  -0.698907893076E-02   0.677634251992E-02
       1351   0.462992449617E+07   0.321165430041E+07   0.853084649423E-01  -0.451520403606E-01   0.723797446949E-01
       1352   0.463081466370E+07   0.321206279474E+07   0.750591669257E-01  -0.444830287926E-01   0.604577430030E-01
       1397   0.462906619546E+07   0.321358141689E+07   0.697967310414E-01  -0.280987298516E-01   0.638908838943E-01
       1321   0.464175193424E+07   0.320531617599E+07   0.485112121747E-02  -0.466960352521E-02   0.131460259543E-02
       1356   0.463723342320E+07   0.321002926316E+07   0.464591885955E-02  -0.372621962975E-02   0.277486023439E-02
       1318   0.463639244741E+07   0.320876472402E+07   0.631248576207E-02  -0.472560960314E-02   0.418522285847E-02
       1145   0.463421060937E+07   0.320706867696E+07   0.136047748586E-01  -0.964695140462E-02   0.959303015478E-02
       1201   0.463368480730E+07   0.320774259323E+07   0.198972393243E-01  -0.215332215646E-02   0.197803775601E-01
       1084   0.463694147095E+07   0.320256371347E+07   0.324736237878E+00   0.134555181064E-01   0.324457351933E+00
       1085   0.463666040837E+07   0.320331518855E+07   0.232938505105E+00   0.381271487039E-01   0.229797014107E+00
       1396   0.462807544396E+07   0.321269272462E+07   0.531874075684E-01  -0.288882489651E-01   0.446583631090E-01
       1445   0.462680648476E+07   0.321534197647E+07   0.383897814578E-01  -0.109655087649E-01   0.367903919238E-01
       1147   0.463470080151E+07   0.320647600318E+07   0.119007260529E-01  -0.116140697724E-01  -0.259627885831E-02
       1146   0.463480799361E+07   0.320583073365E+07   0.105279954305E-01  -0.716872795874E-02  -0.771025468052E-02
       1204   0.463542503222E+07   0.320597026660E+07   0.117591541971E-01  -0.867185608049E-02  -0.794207904465E-02
       1252   0.463750410571E+07   0.320469726343E+07   0.835568728283E-02  -0.661351206039E-02   0.510675711147E-02
       1288   0.464447052320E+07   0.319879507361E+07   0.603090006783E-02  -0.397302129163E-02   0.453727423068E-02
       1214   0.464163308189E+07   0.319891858374E+07   0.327727135799E-02  -0.326668477062E-02  -0.263207452942E-03
       1209   0.464223683706E+07   0.319749264127E+07   0.481954409012E-02  -0.301131730029E-02   0.376297400384E-02
       1254   0.464331108453E+07   0.319770345229E+07   0.654364177783E-02  -0.418059460340E-02   0.503407156073E-02
        907   0.465234298169E+07   0.318135152369E+07   0.653532514344E-02   0.652957092922E-02  -0.274186452657E-03
       1024   0.464901686504E+07   0.318453395008E+07   0.133571379663E-01   0.491617466145E-02   0.124195153428E-01
       1023   0.464802663417E+07   0.318504373493E+07   0.171649533322E-01   0.965005688679E-02   0.141954931220E-01
       1093   0.464411657776E+07   0.319168224484E+07   0.127851872286E-01  -0.587685033582E-02   0.113544547469E-01
       1091   0.464456864165E+07   0.319026263353E+07   0.151950030986E-01  -0.560349881285E-02   0.141240546665E-01
       1083   0.463727803457E+07   0.320187260260E+07   0.354421104906E+00  -0.100548973937E+00   0.339859122937E+00
       1018   0.463734161194E+07   0.320129351981E+07   0.279599189364E+00  -0.156899800013E+00   0.231426358588E+00
       1151   0.463733514436E+07   0.320292634205E+07   0.907523956877E-01   0.224451003390E-01   0.879330131056E-01
       1152   0.463687816508E+07   0.320370690392E+07   0.642254040349E-01   0.154894463572E-01   0.623296043225E-01
       1082   0.463611487449E+07   0.320372320141E+07   0.328309465307E+00   0.753168197161E-01   0.319553566211E+00
       1141   0.463503730589E+07   0.320257879252E+07   0.154025139772E+00   0.185336460101E-02   0.154013988720E+00
       1248   0.463350855479E+07   0.320869014682E+07   0.158507829260E-01  -0.707465939826E-02   0.141843756918E-01
       1275   0.462536622070E+07   0.320808855112E+07   0.617919488582E-01   0.580481676220E-01   0.211814819931E-01
       1235   0.462575399938E+07   0.320722476391E+07   0.459647406742E-01   0.419711998015E-01   0.187396844282E-01
       1273   0.462635348646E+07   0.320701018846E+07   0.350212996675E-01   0.292460897682E-01   0.192654525944E-01
       1312   0.463088432802E+07   0.320897149856E+07   0.647630296069E-01  -0.479739856373E-01   0.435057088889E-01
       1350   0.462948138092E+07   0.321071966296E+07   0.533645251044E-01  -0.319005128051E-01   0.427800166244E-01
       1200   0.463341604155E+07   0.320538939147E+07   0.180361464237E-01   0.141477194159E-01   0.111868053145E-01
       1142   0.463405437910E+07   0.320470988823E+07   0.826643468701E-01   0.606108438891E-01   0.562113853815E-01
       1199   0.463399715770E+07   0.320273183450E+07   0.742030786614E-01   0.113051759597E-01   0.733368248519E-01
       1193   0.463119188481E+07   0.320197962408E+07   0.827555527327E-01   0.773822274781E-01   0.293338094802E-01
       1195   0.463145863180E+07   0.320261221710E+07   0.144482467881E+00   0.128531757848E+00   0.659906868399E-01
       1241   0.463059631107E+07   0.320277790358E+07   0.120996311266E+00   0.110608073321E+00   0.490506009790E-01
       1063   0.463128445571E+07   0.320086376282E+07   0.718902250948E-02  -0.418453466090E-02  -0.584565773147E-02
       1247   0.463265275572E+07   0.320599703381E+07   0.231940984219E-01  -0.225514058371E-01  -0.542220401467E-02
       1067   0.463543839968E+07   0.319782396984E+07   0.896964262502E-01  -0.606981879128E-01   0.660392221801E-01
       1068   0.463646999162E+07   0.319803117240E+07   0.694778269955E-01  -0.457004139295E-01   0.523320228034E-01
       1238   0.462757718504E+07   0.320457745248E+07   0.224045167579E-01   0.155576128702E-01   0.161221292929E-01
       1231   0.462663779920E+07   0.320535984256E+07   0.369651543608E-01   0.300369198193E-01   0.215454423182E-01
       1189   0.462680886736E+07   0.320438207412E+07   0.191645751174E-01  -0.137845468093E-01   0.133141732260E-01
       1130   0.462914051768E+07   0.320226735943E+07   0.882074467899E-02  -0.881498037267E-02   0.318838080150E-03
       1129   0.462861838314E+07   0.320232068672E+07   0.109580114354E-01  -0.878047744569E-02   0.655600720281E-02
       1060   0.462934677677E+07   0.320163283990E+07   0.501195885894E-02  -0.486215754708E-02  -0.121620540663E-02
       1127   0.462802294761E+07   0.320229283899E+07   0.919289640878E-02  -0.449283668743E-02   0.802020965329E-02
       1057   0.462849976370E+07   0.320109404979E+07   0.847634066221E-02   0.317055055843E-02  -0.786104065492E-02
        998   0.462862482056E+07   0.320021788258E+07   0.764096351496E-02   0.377733212468E-02  -0.664199408739E-02
       1011   0.463733760374E+07   0.319817339894E+07   0.364450677064E-01  -0.216608422095E-01   0.293095696812E-01
       1073   0.463624488843E+07   0.319943834376E+07   0.635657951545E-01  -0.380294204342E-01   0.509349928347E-01
        936   0.463045374550E+07   0.320007850021E+07   0.773755105034E-03  -0.677130877224E-03   0.374420535863E-03
       1002   0.462997288384E+07   0.320110698940E+07   0.193174617152E-02  -0.192280329551E-02   0.185663022624E-03
       1001   0.462967980047E+07   0.320081778808E+07   0.220126287545E-02  -0.214899168397E-02  -0.476857409572E-03
       1008   0.463631924901E+07   0.319578018093E+07   0.920573704376E-01  -0.668921067589E-01   0.632455967261E-01
        946   0.463752524707E+07   0.319518998844E+07   0.766048930859E-01  -0.311963277991E-01   0.699649825024E-01
       1010   0.463691004474E+07   0.319653704152E+07   0.670187897073E-01  -0.337440632488E-01   0.579038545288E-01
        945   0.463809099671E+07   0.319540631059E+07   0.514856577096E-01   0.213172393867E-01   0.468652136955E-01
       1009   0.463766093604E+07   0.319677776671E+07   0.284238170569E-01  -0.220561743650E-02   0.283381126367E-01
       1140   0.463521434778E+07   0.320111126567E+07   0.837391991238E-01  -0.121603555021E-01   0.828515493154E-01
        951   0.463772878714E+07   0.320024143543E+07   0.689416810010E-01  -0.527101005317E-01   0.444364791718E-01
       1027   0.464384144490E+07   0.318980346714E+07   0.248081034757E-01  -0.223024430573E-02   0.247076508070E-01
       1028   0.464317555572E+07   0.319171691991E+07   0.938062280259E-02  -0.368535034429E-02   0.862637102172E-02
        842   0.463967752798E+07   0.319428540341E+07   0.565826398181E-01   0.560224315438E-01   0.794243619415E-02
        889   0.463892784469E+07   0.319494250905E+07   0.551476096791E-01   0.499502665569E-01   0.233715580186E-01
        888   0.463896449636E+07   0.319435175461E+07   0.589134692826E-01   0.545456787355E-01   0.222613071091E-01
        818   0.464140528327E+07   0.319147777172E+07   0.172571067838E+00   0.146275477923E+00  -0.915655940459E-01
        791   0.464077677499E+07   0.319241234571E+07   0.875833685030E-01   0.821164549822E-01  -0.304587304316E-01
        792   0.464051081113E+07   0.319203168343E+07   0.125793932802E+00   0.122995083713E+00  -0.263879311862E-01
        809   0.464012583723E+07   0.319284519488E+07   0.737292892936E-01   0.737290689334E-01  -0.180260807907E-03
        841   0.463959672468E+07   0.319360686113E+07   0.557398674130E-01   0.552169344391E-01   0.761728103445E-02
        811   0.463960155343E+07   0.319287658426E+07   0.625795343876E-01   0.599243992682E-01   0.180350906987E-01
       1022   0.464711682179E+07   0.318506449217E+07   0.912219834203E-02   0.871294782894E-02   0.270167405907E-02
        954   0.464782142773E+07   0.318348406930E+07   0.124106333087E-01   0.103698712319E-01   0.681832748971E-02
       1153   0.464225154147E+07   0.319548666345E+07   0.911741385726E-02  -0.717040412213E-02   0.563138883135E-02
        902   0.464232934745E+07   0.318952751628E+07   0.174581173188E+00   0.524898733264E-01   0.166503451105E+00
        852   0.464158089542E+07   0.319071157668E+07   0.166169365180E+00   0.157589371765E+00   0.527052922487E-01
        850   0.464162673527E+07   0.319007062306E+07   0.198203862087E+00   0.128246284411E+00   0.151121346874E+00
        904   0.465118255238E+07   0.318155077619E+07   0.227958754012E-01   0.728723416010E-02   0.215997257761E-01
        952   0.465005174197E+07   0.318244557230E+07   0.226834798586E-01  -0.510220072891E-02   0.221022126996E-01
       1157   0.464730967205E+07   0.318805730075E+07   0.734914375533E-02  -0.433857925521E-03   0.733632614031E-02
       1090   0.464559762376E+07   0.318853491529E+07   0.927770118862E-02   0.738292926124E-03   0.924827891559E-02
       1088   0.464703934373E+07   0.318655752943E+07   0.110989472129E-01   0.272954046037E-02   0.107580778074E-01
        955   0.464811122860E+07   0.318401382144E+07   0.177296180739E-01   0.504126720205E-02   0.169977934463E-01
        895   0.464872480421E+07   0.318329606000E+07   0.128458582517E-01  -0.441411084415E-02   0.120636520042E-01
        844   0.464909971849E+07   0.318254546381E+07   0.144852019038E-01   0.101969668085E-01   0.102879999077E-01
        958   0.464391975278E+07   0.318730020313E+07   0.913087340293E-01   0.435868153672E-02   0.912046424547E-01
        808   0.464123003728E+07   0.319258888770E+07   0.784574792244E-01   0.679264542154E-01  -0.392628687690E-01
        900   0.464470603152E+07   0.318591865113E+07   0.859383329882E-01   0.114436052237E-01   0.851730061479E-01
        847   0.464472490710E+07   0.318471634691E+07   0.101402102848E+00   0.904453699964E-02   0.100997934694E+00
        898   0.464532088541E+07   0.318490150312E+07   0.701523073757E-01   0.236864964409E-01   0.660325383162E-01
        760   0.466681243304E+07   0.317295084839E+07   0.222018576959E-02  -0.203950390101E-02   0.877296238025E-03
        777   0.466643957699E+07   0.317360853965E+07   0.485814515683E-02  -0.358903061850E-02   0.327420732152E-02
        775   0.466612732821E+07   0.317330001698E+07   0.330918149844E-02  -0.310153660022E-02   0.115375599982E-02
        874   0.462420115607E+07   0.320385048564E+07   0.930156171394E-02   0.101040016726E-02   0.924652052505E-02
        928   0.462502836043E+07   0.320342181724E+07   0.385893393736E-02  -0.506542512229E-03   0.382554385888E-02
        929   0.462451197368E+07   0.320428459433E+07   0.265451924057E-02  -0.784860888159E-03   0.253583630876E-02
        832   0.462577026099E+07   0.320070213660E+07   0.350247424518E-02  -0.224347198798E-02  -0.268963924669E-02
        878   0.462636627633E+07   0.320072352494E+07   0.105625899131E-01  -0.584860114932E-02  -0.879557674452E-02
        877   0.462564735450E+07   0.320149686049E+07   0.770059283154E-02  -0.581818183189E-02  -0.504459018438E-02
        932   0.462820598155E+07   0.320010800937E+07   0.885424641069E-02  -0.262226572758E-02  -0.845703269210E-02
        933   0.462879283584E+07   0.319936255925E+07   0.580392791182E-02  -0.837523672895E-04  -0.580332359485E-02
        879   0.462733794253E+07   0.320002545512E+07   0.956817701881E-02  -0.683094601093E-02  -0.669986477916E-02
        931   0.462764527243E+07   0.320040179340E+07   0.100157593626E-01  -0.569113137411E-02  -0.824175098461E-02
        935   0.462698232333E+07   0.320101369678E+07   0.907607513580E-02  -0.362619839188E-02  -0.832020583240E-02
        934   0.462618978806E+07   0.320177083002E+07   0.507197328103E-02  -0.197223419187E-02  -0.467281555980E-02
        994   0.462582953722E+07   0.320289276381E+07   0.328032404088E-02   0.197472815757E-02   0.261934620027E-02
        995   0.462530623758E+07   0.320410103089E+07   0.289056166519E-02  -0.220299626030E-02   0.187140434364E-02
        798   0.462355693588E+07   0.320318269922E+07   0.188564120007E-01  -0.126569759243E-01   0.139773114006E-01
        797   0.462370092048E+07   0.320249292876E+07   0.120713144212E-01  -0.116642081893E-01   0.310851719811E-02
        828   0.462445174654E+07   0.320227901010E+07   0.701185664519E-02  -0.639761107451E-02  -0.286996622837E-02
        996   0.462551605349E+07   0.320479718671E+07   0.115150190909E-01  -0.115079009576E-01   0.404821213323E-03
        993   0.462497578857E+07   0.320502754664E+07   0.753214985572E-02  -0.750975952484E-02   0.580338976950E-03
        927   0.462541685222E+07   0.320244561377E+07   0.193800274490E-02  -0.190946591343E-02   0.331352628901E-03
        872   0.462503755073E+07   0.320210408308E+07   0.574603347124E-02  -0.542286494310E-02  -0.189985169459E-02
       1347   0.460148095039E+07   0.325627114875E+07   0.360290813503E-02   0.188796277555E-02  -0.306863871898E-02
       1391   0.460247388706E+07   0.325463501200E+07   0.221925722051E-02   0.116354503209E-02  -0.188977923818E-02
       1591   0.460439000184E+07   0.323666328515E+07   0.139939945447E-01   0.360055800838E-03   0.139893617845E-01
       1576   0.460400508786E+07   0.323647187548E+07   0.327080373392E-01  -0.779904269963E-02   0.317646130080E-01
       1468   0.460561372704E+07   0.323138457014E+07   0.809330681306E-02  -0.745506960952E-02   0.315016702532E-02
       1508   0.460550627044E+07   0.323205319678E+07   0.137900599518E-01  -0.123491474574E-01   0.613712559326E-02
       1509   0.460496649058E+07   0.323220651580E+07   0.135730039766E-01  -0.844125041836E-02   0.106288159417E-01
       1579   0.460528398287E+07   0.323573932651E+07   0.823405387524E-02  -0.425736898418E-02   0.704801053865E-02
       1618   0.460287879629E+07   0.324026119568E+07   0.311411002146E-01   0.299241890022E-01  -0.862038486015E-02
       1612   0.460203222265E+07   0.324021260865E+07   0.480923262918E-01   0.400868896612E-01  -0.265690256774E-01
       1613   0.460556933539E+07   0.323907033021E+07   0.151271389426E-01   0.143911917137E-02   0.150585281020E-01
       1614   0.460416259619E+07   0.323906634285E+07   0.314403269323E-01   0.198013244018E-01   0.244213371777E-01
       1632   0.459999379880E+07   0.324399113617E+07   0.211066840217E-02   0.192883271771E-02  -0.857044602707E-03
       1631   0.460063307971E+07   0.324398301029E+07   0.384858270696E-02   0.378495955023E-02   0.696900319534E-03
       1635   0.459998776704E+07   0.324457691121E+07   0.240732437823E-02   0.239778747453E-02   0.214069822654E-03
       1609   0.460616131092E+07   0.324046853091E+07   0.123429699242E-01   0.960934020802E-02   0.774657907178E-02
       1604   0.460781802675E+07   0.323809494672E+07   0.853271716759E-02   0.526456250903E-02   0.671503118761E-02
       1646   0.459880232420E+07   0.324685099619E+07   0.115328307277E-01   0.492526508788E-03  -0.115223088933E-01
       1644   0.459875682983E+07   0.324623312022E+07   0.142978544166E-01   0.110932811527E-01  -0.902040765075E-02
       1610   0.460366907740E+07   0.324403897130E+07   0.619364738728E-01   0.612974528718E-01  -0.887406711868E-02
       1615   0.460464846529E+07   0.324250837301E+07   0.288833024401E-01   0.288832767106E-01   0.385526873156E-04
       1607   0.460465401425E+07   0.324379956713E+07   0.531729018820E-01   0.530764666997E-01   0.320096504632E-02
       1640   0.459957046228E+07   0.324544757335E+07   0.229317063968E-02   0.227821022607E-02  -0.261514337072E-03
       1637   0.459951733570E+07   0.324470078907E+07   0.252348995716E-02   0.252237125266E-02   0.751320678903E-04
       1619   0.460172661124E+07   0.324124459547E+07   0.531709209803E-01   0.500533352189E-01  -0.179390766587E-01
       1602   0.460222594378E+07   0.323926586046E+07   0.416035705668E-01   0.392894840217E-01  -0.136818686302E-01
       1601   0.460277332054E+07   0.323841208701E+07   0.370093460850E-01   0.369668312815E-01   0.177343808546E-02
       1536   0.460598750877E+07   0.323214916343E+07   0.948168218523E-02  -0.900930755310E-02   0.295544826980E-02
       1537   0.460490248489E+07   0.323313809166E+07   0.224303507809E-01  -0.181408047042E-01   0.131921128269E-01
       1559   0.460586046511E+07   0.323332059711E+07   0.114604790095E-01  -0.104617095119E-01   0.467923211822E-02
       1500   0.461470033822E+07   0.322441879024E+07   0.230620453189E-01   0.229475129811E-01   0.229555707272E-02
       1459   0.461538030348E+07   0.322179185197E+07   0.894189104301E-02   0.891983315109E-02   0.627687805903E-03
       1465   0.460825854942E+07   0.322948467096E+07   0.871607813028E-01   0.850274618066E-01  -0.191659212156E-01
       1505   0.460816847077E+07   0.323015874906E+07   0.832473141638E-01   0.806897060698E-01  -0.204764901742E-01
       1504   0.460764894310E+07   0.323036693533E+07   0.713481924178E-01   0.667172934491E-01  -0.252857136761E-01
       1265   0.461946680814E+07   0.321437642286E+07   0.521078328474E-02   0.424605951794E-02   0.302047032937E-02
       1266   0.461986599466E+07   0.321356791201E+07   0.842981261596E-02  -0.138252537213E-03  -0.842867883931E-02
       1299   0.462037381748E+07   0.321383742013E+07   0.242926351904E-01   0.235450164853E-01  -0.598032801795E-02
       1552   0.461986760159E+07   0.323013008807E+07   0.259515218596E-02  -0.187607561342E-02   0.179308537472E-02
       1458   0.461383803205E+07   0.322331624106E+07   0.127486871350E-01   0.124327454748E-01   0.282061405118E-02
       1499   0.461270345731E+07   0.322549316427E+07   0.245221306818E-01   0.235657409912E-01   0.678164764004E-02
       1457   0.461239785602E+07   0.322424539501E+07   0.122724672410E-01   0.108516580950E-01   0.573192539819E-02
       1412   0.461508112463E+07   0.322043403407E+07   0.809437889778E-02   0.809226493695E-02  -0.184980893771E-03
       1327   0.461665066580E+07   0.321795482084E+07   0.206954988166E-01  -0.206386995075E-01   0.153223820196E-02
       1466   0.460878592238E+07   0.322932097313E+07   0.458536755059E-01   0.452068023000E-01   0.767493213048E-02
       1539   0.460449318590E+07   0.323442385535E+07   0.349931051664E-01  -0.301833817650E-01   0.177053911116E-01
       1364   0.460885467642E+07   0.322719823922E+07   0.383394953258E-02   0.345661804697E-02   0.165860203056E-02
       1339   0.460838603648E+07   0.322700642814E+07   0.453456452133E-02   0.452014856733E-02   0.361292578728E-03
       1326   0.460908519828E+07   0.322633034493E+07   0.238680539015E-02  -0.228454297062E-02  -0.691160897202E-03
       1531   0.461312285736E+07   0.322710799400E+07   0.344148957722E-01   0.343479405004E-01   0.214570137534E-02
       1177   0.462147035411E+07   0.321005920164E+07   0.748421774288E-02  -0.703754361981E-02  -0.254685983558E-02
       1179   0.462228658344E+07   0.320945630691E+07   0.563188131513E-02  -0.365322861032E-02  -0.428625802635E-02
       1226   0.462168947195E+07   0.321045146114E+07   0.180957119316E-02  -0.144423453960E-02   0.109029101516E-02
       1229   0.461982710432E+07   0.321294017104E+07   0.158936386157E-01  -0.872657678695E-02  -0.132836217210E-01
       1225   0.461929011940E+07   0.321374929471E+07   0.102708071520E-01  -0.728793313940E-02  -0.723709265590E-02
       1510   0.460686475539E+07   0.323106140168E+07   0.289322880835E-01   0.279157520989E-01   0.760184704527E-02
       1470   0.460671632363E+07   0.323057053023E+07   0.613846511918E-02  -0.609257668480E-02  -0.749175119184E-03
       1471   0.460741586734E+07   0.323000934731E+07   0.766174155421E-02  -0.341331531706E-05   0.766174079389E-02
       1184   0.462593258137E+07   0.320605732727E+07   0.526204079792E-01   0.477268897224E-01   0.221596780961E-01
       1188   0.462561928591E+07   0.320682091698E+07   0.422953807802E-01   0.361151589707E-01   0.220135078501E-01
       1124   0.462531443766E+07   0.320641208974E+07   0.268641080273E-01   0.447800962085E-02   0.264882564533E-01
       1053   0.462503239512E+07   0.320557113558E+07   0.297226116494E-01  -0.245763118560E-01   0.167164152502E-01
        992   0.462443521224E+07   0.320574529561E+07   0.164674723395E-01  -0.125061025505E-01   0.107133115444E-01
       1051   0.462383536310E+07   0.320660231104E+07   0.424799007334E-01  -0.151487131983E-01   0.396870061199E-01
       1052   0.462442183999E+07   0.320631424586E+07   0.700420954170E-01  -0.400545887884E-01   0.574588987660E-01
       1121   0.462403447857E+07   0.320708895725E+07   0.835488192781E-01  -0.389552194159E-01   0.739114069885E-01
       1178   0.462302556639E+07   0.320874754574E+07   0.411207336625E-02   0.133984073736E-02  -0.388766950343E-02
       1227   0.462285800587E+07   0.320941050490E+07   0.364282142210E-02   0.262096849530E-02  -0.252995495216E-02
       1181   0.462097216315E+07   0.321081299276E+07   0.276497528739E-02  -0.126853861248E-02   0.245680648984E-02
       1123   0.462482393980E+07   0.320642038302E+07   0.966856441739E-01  -0.368793734939E-01   0.893757551018E-01
       1125   0.462647851397E+07   0.320382477237E+07   0.179347943471E-01  -0.178557380650E-01   0.168210178821E-02
       1058   0.462708231556E+07   0.320276135917E+07   0.666767354647E-02  -0.430276699374E-02   0.509353185127E-02
       1128   0.462726414530E+07   0.320334891112E+07   0.145028583649E-01  -0.887236266274E-02   0.114723180541E-01
       1187   0.462512536524E+07   0.320665719217E+07   0.982958335254E-01   0.998526163403E-02   0.977873480495E-01
       1186   0.462436712628E+07   0.320737070293E+07   0.825425787317E-01   0.405020781821E-03   0.825415850457E-01
       1419   0.462581903390E+07   0.321366526980E+07   0.294954332442E-01  -0.239933472862E-02   0.293976831591E-01
       1300   0.462227659573E+07   0.321139559010E+07   0.914660304500E-01   0.910693703798E-01   0.850908367038E-02
       1270   0.462147151542E+07   0.321174299346E+07   0.399596002867E-01   0.396208265676E-01   0.519227861070E-02
       1267   0.462189510631E+07   0.321089059583E+07   0.228134694845E-01   0.223214679722E-01   0.471237280854E-02
       1230   0.462109900386E+07   0.321142713459E+07   0.990971770597E-02   0.328326135317E-02   0.935001068977E-02
       1302   0.462326586978E+07   0.321105037676E+07   0.191318065139E+00   0.189984014429E+00   0.225538535469E-01
       1334   0.462382762957E+07   0.321173455864E+07   0.112135246211E+00   0.112134192560E+00  -0.486108793835E-03
       1333   0.462246419319E+07   0.321238490862E+07   0.108981460462E+00   0.108922022828E+00  -0.359884249956E-02
       1269   0.462046159321E+07   0.321272106041E+07   0.188732323471E-01   0.188049965265E-01  -0.160343533274E-02
       1180   0.461901832346E+07   0.321328653631E+07   0.195572054600E-01  -0.135736213634E-01  -0.140798113797E-01
       1330   0.461909207141E+07   0.321611892480E+07   0.551570997494E-02  -0.273323186772E-02  -0.479087675535E-02
       1296   0.461880552051E+07   0.321536609584E+07   0.809629246836E-02  -0.139199655483E-02   0.797573177361E-02
       1298   0.461960064592E+07   0.321499442392E+07   0.819516795750E-02   0.818440232934E-02  -0.419924234869E-03
       1295   0.461772013964E+07   0.321684720740E+07   0.248361794598E-01  -0.213534346377E-01  -0.126833213052E-01
       1331   0.462030278990E+07   0.321513265207E+07   0.253143870496E-01   0.234341771868E-01  -0.957379398536E-02
       1263   0.461890458520E+07   0.321451942695E+07   0.138030273298E-01   0.273744593972E-02   0.135288563151E-01
       1530   0.461117755922E+07   0.322917809614E+07   0.235017569743E-01   0.235004405438E-01   0.248747109045E-03
       1460   0.461730783029E+07   0.322036488165E+07   0.103128931566E-01   0.102442143422E-01   0.118820779731E-02
       1503   0.462233902295E+07   0.322124101747E+07   0.626720171628E-02   0.206450242874E-02   0.591740205447E-02
       1418   0.462310002646E+07   0.321556928407E+07   0.334446373380E-01   0.330253861608E-01   0.527898054545E-02
       1372   0.462139849573E+07   0.321539621164E+07   0.457260410253E-01   0.438949849571E-01  -0.128101960746E-01
       1373   0.462282041416E+07   0.321360524528E+07   0.778688968847E-01   0.773757315180E-01  -0.874992994807E-02
       1371   0.461980031926E+07   0.321666464931E+07   0.174566894659E-01   0.160595894043E-01  -0.684292300638E-02
       1233   0.462316816216E+07   0.320969115523E+07   0.120833346755E+00   0.107628699307E+00   0.549250468691E-01
       1271   0.462298400005E+07   0.321049250912E+07   0.167344530857E+00   0.157427088641E+00   0.567530067010E-01
       1268   0.462255876718E+07   0.321033165825E+07   0.483612450548E-01   0.459943860327E-01   0.149441117744E-01
       1417   0.462068878608E+07   0.321751788113E+07   0.191969261772E-01   0.191228087762E-01  -0.168527717683E-02
       1332   0.462143126063E+07   0.321383425340E+07   0.646517508048E-01   0.631598540937E-01  -0.138087549396E-01
       1307   0.462875639128E+07   0.320634106342E+07   0.455902255321E-01   0.252293181961E-01   0.379730189401E-01
       1308   0.463012244462E+07   0.320647242386E+07   0.366571880858E-01   0.731524179364E-02   0.359198646414E-01
       1313   0.463084832438E+07   0.321016593468E+07   0.636076125168E-01  -0.322482120788E-01   0.548268290877E-01
       1398   0.463024696034E+07   0.321417783458E+07   0.269961082855E-01  -0.850130671524E-02   0.256226003110E-01
       1463   0.462426755253E+07   0.321729082854E+07   0.172880380945E-01   0.524834297383E-02   0.164721327456E-01
       1374   0.462460101999E+07   0.321269981079E+07   0.439406129888E-01   0.434125844449E-01   0.679153750240E-02
       1316   0.463324875797E+07   0.321076114375E+07   0.185637062647E-01   0.180792201067E-01   0.421342979226E-02
       1353   0.463192000366E+07   0.321240057000E+07   0.869348954511E-02   0.691815572654E-02   0.526458752556E-02
       1315   0.463207019713E+07   0.321082790650E+07   0.198809839977E-01   0.193959154333E-01   0.436485844244E-02
       1399   0.463167598026E+07   0.321465077371E+07   0.451836836246E-02  -0.707361268695E-03   0.446265534121E-02
       1401   0.463621450817E+07   0.321380039262E+07   0.499210636639E-02  -0.358586178210E-02   0.347314284949E-02
       1403   0.463815732560E+07   0.322158686804E+07   0.270487750135E-02   0.226224467825E-08   0.270487750135E-02
       1314   0.463093637379E+07   0.321122225083E+07   0.109522906341E+00  -0.669335813719E-01   0.866900380557E-01
       1491   0.462593989706E+07   0.321902344331E+07   0.164950816479E-01  -0.230066119336E-02   0.163338506374E-01
       1447   0.462931034218E+07   0.321720620628E+07   0.101694127352E-01  -0.215451747544E-02   0.993856175843E-02
       1492   0.462773733512E+07   0.322119263727E+07   0.478303921636E-02  -0.240083005956E-02   0.413684410757E-02
       1446   0.462824545016E+07   0.321591654102E+07   0.337620215113E-01  -0.666828362425E-02   0.330969498600E-01
       1400   0.463366567195E+07   0.321404651071E+07   0.486478869071E-02  -0.396124811249E-02   0.282394801590E-02
       1526   0.462336802568E+07   0.322406919090E+07   0.691396672181E-02  -0.685988328317E-02  -0.863097428733E-03
       1584   0.461094377779E+07   0.324002449773E+07   0.956514736096E-02   0.447618123423E-02   0.845315595474E-02
       1567   0.460908547905E+07   0.324411655420E+07   0.379116471061E-02  -0.103371546338E-02   0.364751452413E-02
       1585   0.460787631034E+07   0.324309106181E+07   0.380645431538E-02   0.377095346689E-02  -0.518656346405E-03
       1476   0.461744948725E+07   0.324299648449E+07   0.200265785199E-02  -0.357538078706E-04   0.200233866700E-02
       1513   0.461792509028E+07   0.324057546715E+07   0.315184215883E-02   0.288627137497E-02   0.126631218275E-02
       1497   0.461998326326E+07   0.324042286680E+07   0.343265446733E-02  -0.211104270834E-02   0.270677213220E-02
       1516   0.461222148132E+07   0.324731949601E+07   0.456253994327E-02   0.371412402127E-02   0.264991575121E-02
       1484   0.461105134161E+07   0.324965340252E+07   0.474038513722E-02   0.258337930297E-02   0.397459464929E-02
       1451   0.463265823251E+07   0.322949010488E+07   0.270487750026E-02   0.796231356983E-08   0.270487750025E-02
       1546   0.460740756984E+07   0.324719292821E+07   0.501035385202E-02   0.205243604859E-02  -0.457068397386E-02
       1547   0.460950117264E+07   0.324640074332E+07   0.472794017057E-02  -0.384973161712E-03   0.471224085985E-02
       1477   0.461554055360E+07   0.324478512872E+07   0.556399794068E-02   0.398423545831E-02   0.388380495090E-02
       1514   0.461576949684E+07   0.324266581115E+07   0.890067395860E-02   0.882785659880E-02  -0.113619751290E-02
       1544   0.461172976202E+07   0.324556220347E+07   0.418324478229E-02   0.402586473016E-02   0.113663982113E-02
       1565   0.461159240402E+07   0.324284093629E+07   0.632937618960E-02   0.399633389971E-02   0.490818890341E-02
       1543   0.461392424148E+07   0.324246023935E+07   0.948087940233E-02   0.939753340508E-02   0.125436842355E-02
       1529   0.461998297380E+07   0.323715815381E+07   0.601140490409E-02   0.225645931754E-02   0.557183814097E-02
       1598   0.460360520555E+07   0.324474205742E+07   0.990554198185E-01   0.990346556645E-01  -0.202809586433E-02
       1594   0.460395460797E+07   0.324498875706E+07   0.876844852941E-01   0.869972301263E-01   0.109567746912E-01
       1589   0.460933339926E+07   0.323508676032E+07   0.130094160616E-01   0.102212276228E-01  -0.804806884586E-02
       1588   0.460782879500E+07   0.323445185899E+07   0.128228647287E-01   0.654867966145E-02  -0.110245478158E-01
       1571   0.460928737154E+07   0.323281275157E+07   0.289841673601E-01   0.261374623300E-01  -0.125265725760E-01
       1590   0.461065374680E+07   0.323698684748E+07   0.964435221798E-02   0.934103938157E-02   0.239969018340E-02
       1597   0.460800704664E+07   0.324056772566E+07   0.114438247667E-01   0.968102739153E-02   0.610236297961E-02
       1583   0.460578936890E+07   0.324531213114E+07   0.147925808949E-01   0.595407684101E-02  -0.135413964754E-01
       1566   0.460678475911E+07   0.324591083556E+07   0.839960739482E-02   0.355601354054E-02  -0.760974191984E-02
       1562   0.460536289600E+07   0.324712535611E+07   0.158059352738E-01   0.101875022793E-01  -0.120847998406E-01
       1629   0.460143855338E+07   0.324381320881E+07   0.121330484090E-02  -0.821212997927E-03  -0.893150518663E-03
       1626   0.460202037083E+07   0.324412462095E+07   0.552495629741E-02  -0.458563675672E-02  -0.308173289298E-02
       1630   0.460121225043E+07   0.324477679192E+07   0.611600762376E-02  -0.604855606406E-02  -0.905824924497E-03
       1442   0.460219229456E+07   0.324936364767E+07   0.780934316485E-01   0.521522480162E-01  -0.581268190553E-01
       1487   0.460284553444E+07   0.324845035387E+07   0.103440881081E+00   0.610819028764E-01  -0.834806385926E-01
       1441   0.460282916220E+07   0.324916663918E+07   0.774349363526E-01   0.451324172943E-01  -0.629224465283E-01
       1627   0.460142974040E+07   0.324291800583E+07   0.135213580566E-01   0.129464281581E-01  -0.390091292411E-02
       1621   0.460373943676E+07   0.324219189923E+07   0.662267726162E-02   0.445764714625E-02   0.489788076938E-02
       1616   0.460481795623E+07   0.324094167841E+07   0.174769818346E-01   0.108132562234E-01   0.137301997034E-01
       1472   0.460347377859E+07   0.324818430611E+07   0.964282978135E-01   0.549262526240E-01  -0.792560621775E-01
       1652   0.460123956094E+07   0.325213100003E+07   0.848641997117E-02  -0.529949512689E-02   0.662832371924E-02
       1393   0.460063018295E+07   0.325173284152E+07   0.132537108738E-01  -0.113160771158E-01   0.689980076781E-02
       1394   0.460143858969E+07   0.325103998083E+07   0.124353195972E-01  -0.998735051899E-02   0.740877878567E-02
       1639   0.460018213718E+07   0.324616925728E+07   0.355507926910E-02  -0.251969383652E-02  -0.250793372715E-02
       1638   0.460018729682E+07   0.324543764294E+07   0.197772889947E-02  -0.186133010022E-02  -0.668477267994E-03
       1475   0.460350124774E+07   0.324904890778E+07   0.582606208782E-01   0.349777493885E-01  -0.465924563941E-01
       1344   0.460054150054E+07   0.325459691558E+07   0.418782648451E-02  -0.174411693898E-02   0.380735430023E-02
       1427   0.460209025397E+07   0.325184985498E+07   0.393830615583E-02   0.242008324084E-02  -0.310700056074E-02
       1426   0.460205800237E+07   0.325098712352E+07   0.127804663281E-01   0.491748022883E-02  -0.117965549107E-01
       1474   0.460275203551E+07   0.325074815705E+07   0.994067376142E-02   0.247931653193E-02  -0.962652504103E-02
       1438   0.460353403196E+07   0.325271561402E+07   0.239750507847E-02   0.155739995101E-02   0.182278248672E-02
       1440   0.460452727951E+07   0.325370923917E+07   0.337245999246E-02   0.995287282338E-03   0.322224915647E-02
       1515   0.461384566997E+07   0.324492843982E+07   0.722722791541E-02   0.722388249379E-02  -0.219875094352E-03
       1483   0.460902588796E+07   0.325233133260E+07   0.685091811212E-02   0.119245728611E-02   0.674634157153E-02
       1519   0.460593693767E+07   0.324941062568E+07   0.380421626762E-02   0.246555917938E-02  -0.289708117660E-02
       1324   0.461629947284E+07   0.325043981056E+07   0.454334967970E-02  -0.392980533505E-02   0.228005621436E-02
       1363   0.461895141683E+07   0.324906135711E+07   0.270487705389E-02   0.689863908935E-06   0.270487696592E-02
       1325   0.461626036452E+07   0.325288657034E+07   0.270487724758E-02   0.971052338831E-06   0.270487707328E-02
       1362   0.461769190682E+07   0.324803052112E+07   0.352211472986E-02  -0.255884663924E-02   0.242024710457E-02
       1361   0.461617771780E+07   0.324851496371E+07   0.327247029629E-02  -0.699070505655E-03   0.319693013190E-02
       1404   0.461750617341E+07   0.324626988799E+07   0.236169946803E-02  -0.208088540765E-02   0.111693343469E-02
        987   0.467036330700E+07   0.317470102315E+07   0.423506040765E-03  -0.282654742151E-03   0.315378603116E-03
       1108   0.466791092805E+07   0.317832293943E+07   0.200654992502E-02  -0.199342899426E-02   0.229092659125E-03
       1172   0.466545444245E+07   0.318031098750E+07   0.377957518784E-03  -0.377881233832E-03  -0.759336043824E-05
       1105   0.466485974993E+07   0.317940378475E+07   0.433005236465E-03  -0.290367020281E-03   0.321217260339E-03
        982   0.466481228961E+07   0.317713693196E+07   0.173433905068E-02   0.115942933483E-02   0.128982772503E-02
        985   0.466698138309E+07   0.317688656087E+07   0.937212357687E-03   0.530189041143E-03  -0.772830242714E-03
        980   0.466384776702E+07   0.317695705148E+07   0.270618639188E-02   0.111700037023E-02   0.246490465546E-02
        918   0.466440738098E+07   0.317604734605E+07   0.288770084306E-02  -0.271223629629E-02  -0.991256995969E-03
        919   0.466454979115E+07   0.317644185497E+07   0.234577405055E-02  -0.232950377582E-02  -0.275804377580E-03
       1106   0.466591733767E+07   0.317890129559E+07   0.586866240582E-03   0.551500976737E-03  -0.200645600483E-03
        823   0.466552734037E+07   0.317510057984E+07   0.762325638281E-02  -0.726892911345E-02   0.229710849149E-02
        824   0.466616993243E+07   0.317492094427E+07   0.742237391130E-02  -0.722891031960E-02   0.168359439006E-02
        867   0.466565175710E+07   0.317572840929E+07   0.695535353463E-02  -0.695535105187E-02   0.587680926147E-05
       1043   0.466588826424E+07   0.317783115736E+07   0.214839512932E-02  -0.952836613166E-03   0.192553992956E-02
        983   0.466545430456E+07   0.317687741386E+07   0.328817205339E-02   0.535125842663E-03   0.324433595443E-02
        827   0.466801937898E+07   0.317366525754E+07   0.146590536770E-02  -0.480369957320E-03   0.138496326708E-02
        870   0.466910395410E+07   0.317310728086E+07   0.585966000728E-03  -0.585626936575E-03  -0.199310101879E-04
        868   0.466726626733E+07   0.317491498475E+07   0.615685346504E-03  -0.528656593332E-03   0.315579866637E-03
        825   0.466723610929E+07   0.317354159992E+07   0.111205566461E-02   0.357722857322E-03   0.105294926684E-02
        826   0.466815136324E+07   0.317246913254E+07   0.118215947138E-02   0.350861083213E-03   0.112889216317E-02
        793   0.466583919689E+07   0.317398120156E+07   0.567401770093E-02  -0.493939646977E-02   0.279228211055E-02
        866   0.466504454784E+07   0.317577519656E+07   0.476870848261E-02  -0.468433516332E-02   0.893075959718E-03
        795   0.466600068219E+07   0.317438678721E+07   0.729799988485E-02  -0.615784465319E-02   0.391685480282E-02
        796   0.466659748123E+07   0.317408736611E+07   0.573958577748E-02  -0.449024856050E-02   0.357498430234E-02
        759   0.466679693702E+07   0.317244648862E+07   0.723949681435E-03  -0.722616198416E-03  -0.439200527856E-04
        776   0.466615699517E+07   0.317262884076E+07   0.148777840918E-02  -0.145716729964E-02   0.300246658041E-03
        966   0.466297814703E+07   0.317657812705E+07   0.189458394334E-02  -0.921599520532E-04   0.189234110604E-02
        981   0.466426084021E+07   0.317718492349E+07   0.305051137700E-02  -0.126066426636E-02   0.277783103675E-02
        965   0.466371521958E+07   0.317639535325E+07   0.218158390397E-02  -0.217974464099E-02  -0.895635536350E-04
        905   0.466426297545E+07   0.317563515216E+07   0.210732899101E-02  -0.181816558440E-02  -0.106541512287E-02
        920   0.466502305603E+07   0.317635948431E+07   0.323874392563E-02  -0.306291947736E-02  -0.105260937247E-02
        974   0.466022099793E+07   0.317754759674E+07   0.177707152838E-02   0.655295690062E-03   0.165183860458E-02
        864   0.465872247734E+07   0.317745278380E+07   0.698733888409E-03   0.697873333062E-03  -0.346678210040E-04
        863   0.465624885775E+07   0.317914172246E+07   0.518299337116E-02   0.710719125256E-03   0.513403336671E-02
        915   0.465576767797E+07   0.317993886651E+07   0.649145682963E-02   0.798838400566E-03   0.644211680900E-02
        916   0.465640578231E+07   0.317948781625E+07   0.524567745601E-02   0.857645553944E-04   0.524497630247E-02
        977   0.465702095602E+07   0.317953270657E+07   0.760478244232E-02   0.324752692139E-02   0.687650237329E-02
       1218   0.465973165388E+07   0.318412785137E+07   0.156877629317E-02  -0.123928942188E-02   0.961883977835E-03
       1173   0.466668481245E+07   0.318012245032E+07   0.136444872391E-02  -0.134346484545E-02  -0.238374766296E-03
       1262   0.466161529762E+07   0.318754932039E+07   0.270487750556E-02  -0.129336298817E-05   0.270487719634E-02
       1217   0.465062037540E+07   0.318933673150E+07   0.364398612667E-02  -0.406150410786E-03   0.362128109033E-02
       1034   0.465446161596E+07   0.318195387026E+07   0.686523938142E-02   0.355646068959E-02   0.587223118819E-02
       1156   0.464908467403E+07   0.318683108182E+07   0.689164509268E-02   0.198923054877E-02   0.659831295918E-02
       1293   0.465650333176E+07   0.319500890021E+07   0.270487730324E-02  -0.223966418908E-06   0.270487729397E-02
       1360   0.464224126274E+07   0.321569948268E+07   0.270487749734E-02   0.787522307054E-07   0.270487749619E-02
       1357   0.463964008619E+07   0.320961601056E+07   0.393043574144E-02  -0.310553947773E-02   0.240913878178E-02
       1283   0.463315900745E+07   0.320981585224E+07   0.291978680650E-01   0.265013009093E-01   0.122554701930E-01
       1284   0.463416099127E+07   0.320898865258E+07   0.143104580412E-01   0.102475103885E-01   0.998888082755E-02
       1148   0.463563761350E+07   0.320497420514E+07   0.132356027574E-01   0.110937510651E-01  -0.721871648271E-02
       1149   0.463625076999E+07   0.320419108276E+07   0.125185418833E+00   0.531116466478E-01   0.113360231470E+00
       1143   0.463372902069E+07   0.320714424047E+07   0.189162029633E-01  -0.592745911805E-02   0.179635175551E-01
       1144   0.463318219248E+07   0.320795515155E+07   0.172809556234E-01  -0.845411867794E-04   0.172807488277E-01
       1080   0.463420504008E+07   0.320646442969E+07   0.105044532219E-01  -0.100450477801E-01  -0.307254822359E-02
       1078   0.463324196857E+07   0.320728137440E+07   0.199340225205E-01  -0.106631535568E-01   0.168422804297E-01
       1077   0.463372250949E+07   0.320645547287E+07   0.948617702378E-02  -0.888239886429E-02   0.333024697916E-02
       1154   0.464189125898E+07   0.319675565474E+07   0.535971851963E-02  -0.356868304179E-02   0.399888533931E-02
        810   0.464034398160E+07   0.319328124869E+07   0.638187782307E-01   0.630098750991E-01  -0.101287755850E-01
       1089   0.464834853123E+07   0.318601587338E+07   0.897707157218E-02   0.471342447205E-02   0.764012066385E-02
        855   0.465387429719E+07   0.317942335657E+07   0.342664887737E-02   0.325386880756E-02   0.107436507387E-02
        820   0.465443899582E+07   0.317870826192E+07   0.113078001895E-02   0.775724242704E-03   0.822748655751E-03
        949   0.463766602409E+07   0.319914974971E+07   0.211858675912E-01  -0.107323368471E-01   0.182663059044E-01
        950   0.463800185830E+07   0.319938999487E+07   0.236936523848E-01  -0.176294524585E-01   0.158300843126E-01
        948   0.463777488933E+07   0.319845793786E+07   0.244602902228E-01  -0.329854924985E-02   0.242368597518E-01
       1012   0.463707100851E+07   0.319929083928E+07   0.409539689933E-01  -0.208937363744E-01   0.352232786182E-01
        892   0.463822336225E+07   0.319858524050E+07   0.122174521514E-01  -0.519169793873E-02   0.110594940926E-01
        944   0.463866540493E+07   0.319616407901E+07   0.351742590751E-01   0.327508821614E-01   0.128299734656E-01
        947   0.463811721257E+07   0.319718932869E+07   0.141172875106E-01  -0.140577679008E-01   0.129497810943E-02
       1066   0.463413564662E+07   0.319824587722E+07   0.934698681825E-01  -0.565545270632E-01   0.744190951753E-01
       1245   0.463279425128E+07   0.320318139076E+07   0.529924110913E-01   0.291588286937E-01   0.442488230632E-01
       1197   0.463248325759E+07   0.320226043950E+07   0.627621386301E-01   0.457286690799E-01   0.429880782264E-01
       1137   0.463306383196E+07   0.320100377141E+07   0.350453764243E-01   0.117508183881E-01   0.330166121207E-01
       1136   0.463207841907E+07   0.320155735029E+07   0.649955494592E-01   0.503590936520E-01   0.410899395966E-01
       1131   0.463175830118E+07   0.320103823331E+07   0.253430510493E-01   0.214004766594E-01   0.135753392312E-01
       1244   0.463156620813E+07   0.320358188737E+07   0.983285265032E-01   0.849126927724E-01   0.495815866066E-01
       1072   0.463449892918E+07   0.320505290747E+07   0.125739955303E+00  -0.479230883929E-01   0.116249361110E+00
       1079   0.463425278606E+07   0.320576529745E+07   0.139450771852E-01  -0.495518363625E-02  -0.130350041363E-01
       1015   0.463321216459E+07   0.320649160723E+07   0.143578174152E-01  -0.109328199706E-01   0.930700641550E-02
       1016   0.463380001487E+07   0.320561788638E+07   0.834846060494E-02  -0.652055322552E-02  -0.521336552578E-02
       1282   0.463152391838E+07   0.320745158806E+07   0.465777248359E-01  -0.428231712565E-01   0.183210385738E-01
       1309   0.463037130219E+07   0.320779075699E+07   0.537989518195E-01  -0.354768731094E-01   0.404440192273E-01
       1190   0.462787437565E+07   0.320341090800E+07   0.143002358787E-01  -0.683214854483E-02   0.125625830324E-01
       1277   0.462835458939E+07   0.320501435602E+07   0.296917868674E-01   0.181098097864E-01   0.235294920660E-01
       1132   0.463098439079E+07   0.320157265509E+07   0.120390291855E-01   0.543554922023E-02   0.107421147082E-01
       1133   0.463042421222E+07   0.320224673860E+07   0.290319948645E-01  -0.453174605187E-02   0.286761225331E-01
       1335   0.462703808942E+07   0.320850832544E+07   0.368124895543E-01   0.209459457245E-01   0.302725411039E-01
       1375   0.462660286906E+07   0.321076016638E+07   0.354691044601E-01   0.534796261390E-02   0.350636088713E-01
       1336   0.462539618423E+07   0.321047790664E+07   0.560518308810E-01   0.550049934708E-01   0.107823206405E-01
       1234   0.462513049339E+07   0.320754527187E+07   0.717230028795E-01   0.566556134205E-01   0.439810255679E-01
       1191   0.462873777773E+07   0.320285833813E+07   0.964415224308E-02  -0.841220603275E-02   0.471640351860E-02
       1304   0.462635997463E+07   0.320788359281E+07   0.381817426097E-01   0.295208253289E-01   0.242150023871E-01
       1055   0.462590539981E+07   0.320415851261E+07   0.769125922395E-02  -0.768588256017E-02  -0.287537338665E-03
       1272   0.462714664342E+07   0.320580158506E+07   0.308421258308E-01   0.229402041078E-01   0.206151342769E-01
       1061   0.462963056976E+07   0.320206239384E+07   0.281316562639E-02  -0.232699620595E-02  -0.158081924932E-02
       1059   0.462893607382E+07   0.320143921765E+07   0.420984753679E-02  -0.282397473646E-02  -0.312217599934E-02
       1000   0.462930993999E+07   0.320055167730E+07   0.117743101187E-02  -0.117253028351E-02   0.107315059372E-03
       1069   0.463268310086E+07   0.320046250743E+07   0.161021816558E-01   0.835267047390E-03   0.160805031959E-01
        937   0.463065300008E+07   0.320014433392E+07   0.379650433561E-02  -0.369600910387E-02  -0.867733757797E-03
       1062   0.463221568638E+07   0.320005914766E+07   0.231335527873E-02   0.780917963197E-03   0.217756280745E-02
       1003   0.463167037770E+07   0.320007076370E+07   0.595892465546E-02  -0.521615410129E-02   0.288106220706E-02
       1065   0.463297356651E+07   0.319940269061E+07   0.401890592604E-01  -0.290533259803E-01   0.277680523933E-01
       1006   0.463323841385E+07   0.319821822860E+07   0.960905029005E-01  -0.484780676637E-01   0.829654247459E-01
       1655   0.463511767305E+07   0.319683421801E+07   0.944003623201E-01  -0.572387113999E-01   0.750676916086E-01
        942   0.463746995515E+07   0.319435343683E+07   0.952490837165E-01  -0.704339187375E-01   0.641205976275E-01
        891   0.463825698823E+07   0.319400971392E+07   0.854669514857E-01  -0.453481489654E-01   0.724440831378E-01
        903   0.464206403500E+07   0.319055194955E+07   0.126733492571E+00   0.447366191474E-01   0.118574925876E+00
        851   0.464178816591E+07   0.318922471515E+07   0.276277545227E+00   0.693782854069E-01   0.267424635198E+00
        819   0.464102629524E+07   0.319106178109E+07   0.225394861356E+00   0.222347961942E+00  -0.369354483640E-01
        843   0.463899336185E+07   0.319366240999E+07   0.551707375352E-01   0.548263081861E-01   0.615517756607E-02
        890   0.463843627672E+07   0.319441840215E+07   0.536937608264E-01   0.222957113587E-01   0.488458924240E-01
        943   0.463846257321E+07   0.319570471519E+07   0.449881753939E-01   0.360709579473E-01   0.268853476458E-01
        886   0.463912897661E+07   0.319530317285E+07   0.524095841200E-01   0.496895895713E-01   0.166646090824E-01
        887   0.463976314335E+07   0.319509154533E+07   0.533461137835E-01   0.524058658195E-01   0.997161388722E-02
        840   0.464063894903E+07   0.319377426239E+07   0.594955751017E-01   0.589615740294E-01  -0.795337944872E-02
        963   0.464255671427E+07   0.319130634754E+07   0.218846112813E-01  -0.385349416315E-02   0.215426737818E-01
        962   0.464287081181E+07   0.319003357829E+07   0.546265742552E-01  -0.171488995943E-02   0.545996498824E-01
        961   0.464336928983E+07   0.318875148829E+07   0.805654282452E-01  -0.928919128942E-03   0.805600728500E-01
        894   0.464845638660E+07   0.318299262149E+07   0.995281147495E-02   0.858537211140E-02   0.503486265600E-02
        893   0.464970788221E+07   0.318226757625E+07   0.223144155322E-01   0.116914239418E-01   0.190064133060E-01
        897   0.464356454921E+07   0.318617957308E+07   0.110538521368E+00   0.104673796806E-01   0.110041804187E+00
        846   0.464428394891E+07   0.318442850249E+07   0.753534289096E-01   0.744418185026E-02   0.749848211641E-01
        901   0.464266642268E+07   0.318800355304E+07   0.187346181084E+00   0.183407848972E-01   0.186446258144E+00
        848   0.464203987378E+07   0.318695931343E+07   0.113403174677E+00   0.327766695875E-01   0.108563207201E+00
        845   0.464313855679E+07   0.318540984228E+07   0.702508146928E-01   0.127789658378E-01   0.690787593774E-01
        876   0.462806697129E+07   0.319965107128E+07   0.914062687014E-02  -0.593705864490E-02  -0.694999239037E-02
        831   0.462505463498E+07   0.320138092159E+07   0.359654827587E-02  -0.359017605902E-02  -0.213998518495E-03
       1054   0.462622900903E+07   0.320327481658E+07   0.396080056033E-02  -0.358307600783E-02   0.168804840002E-02
        799   0.462513341839E+07   0.320070832107E+07   0.934467266588E-03   0.200382335439E-03   0.912729966621E-03
        873   0.462470726883E+07   0.320289557395E+07   0.311045414612E-02  -0.186237275436E-02   0.249128334778E-02
        829   0.462412128209E+07   0.320313144368E+07   0.707009905122E-02  -0.317727032972E-02   0.631595233088E-02
        830   0.462362847023E+07   0.320383341956E+07   0.208669865583E-01  -0.446745446334E-02   0.203831542858E-01
        930   0.462454004668E+07   0.320498462077E+07   0.297311566399E-02  -0.252703353010E-02   0.156637105732E-02
       1126   0.462599138010E+07   0.320457523206E+07   0.464411407123E-01  -0.464285605418E-01   0.108088698662E-02
       1120   0.462523777646E+07   0.320589316729E+07   0.495750850000E-01  -0.348686882662E-01   0.352400855754E-01
       1183   0.462593196795E+07   0.320539632370E+07   0.239799475034E-01  -0.126677411517E-01   0.203608992036E-01
        925   0.462402198162E+07   0.320512148052E+07   0.903306164912E-03   0.573565766071E-03  -0.697842632374E-03
        990   0.462393356741E+07   0.320583077998E+07   0.476469066334E-02  -0.260414451929E-02   0.399007624488E-02
       1117   0.462041391581E+07   0.321100740096E+07   0.111916756332E-02  -0.290584853581E-03   0.108078512095E-02
       1050   0.461923078915E+07   0.321225082367E+07   0.144502471206E-02   0.249584873030E-03   0.142330734896E-02
       1048   0.461924079253E+07   0.321150829025E+07   0.591641202817E-03  -0.591314040909E-03   0.196727703896E-04
       1174   0.461824955844E+07   0.321365279694E+07   0.637153508081E-02  -0.429989962886E-02  -0.470184245458E-02
       1224   0.461790468150E+07   0.321454667301E+07   0.765767665350E-02  -0.182508108721E-02   0.743700818574E-02
       1175   0.461750526290E+07   0.321422755342E+07   0.180551393395E-02  -0.901956958117E-03   0.156408254622E-02
       1111   0.461676161556E+07   0.321470275695E+07   0.476403020725E-03  -0.257625810929E-03  -0.400735298794E-03
       1176   0.461707348698E+07   0.321516398706E+07   0.184791632362E-02   0.125662981521E-02   0.135487130261E-02
       1110   0.461756755257E+07   0.321345509653E+07   0.195753689819E-02  -0.194796735256E-02  -0.193323307294E-03
       1109   0.461832930236E+07   0.321285026356E+07   0.164441907536E-02   0.856747922357E-03  -0.140360147227E-02
       1395   0.460868428468E+07   0.322798716673E+07   0.169153360990E-01   0.166661018829E-01   0.289303359308E-02
       1420   0.460824546300E+07   0.322886094406E+07   0.592975891031E-01   0.592829383742E-01  -0.131806341516E-02
       1377   0.460817764289E+07   0.322784190558E+07   0.148397901643E-01   0.115062126481E-01  -0.937157631445E-02
       1423   0.460687004386E+07   0.322995373246E+07   0.472934748207E-02  -0.462405092529E-02  -0.992411530813E-03
       1421   0.460661786630E+07   0.322961879286E+07   0.447072823197E-02  -0.247779309214E-02   0.372128369204E-02
       1379   0.460725952306E+07   0.322912124379E+07   0.178554694569E-02  -0.167691357380E-02  -0.613301525574E-03
       1378   0.460703925043E+07   0.322868467407E+07   0.163701068194E-02  -0.152136422415E-02   0.604363193995E-03
       1556   0.460408299029E+07   0.323555070707E+07   0.391950342715E-01  -0.291106886166E-01   0.262453523469E-01
       1469   0.460512338123E+07   0.323147489320E+07   0.665607284081E-02  -0.337875953544E-02   0.573474408006E-02
       1422   0.460561288339E+07   0.323084568328E+07   0.850756921069E-02  -0.765735349627E-02  -0.370724578466E-02
       1507   0.460616118984E+07   0.323128219804E+07   0.765049695249E-02  -0.761091388416E-02  -0.777234499990E-03
       1467   0.460619302662E+07   0.323055196793E+07   0.726384893260E-02  -0.689492601808E-02  -0.228549699646E-02
       1506   0.460871082371E+07   0.322998106367E+07   0.440036350830E-01   0.436933227708E-01   0.521665081827E-02
       1538   0.460667484078E+07   0.323194379425E+07   0.351994850928E-01   0.350899090518E-01  -0.277525377838E-02
       1628   0.460049063533E+07   0.324328481280E+07   0.116195576829E-01   0.114751174590E-01  -0.182641727129E-02
       1636   0.460019780089E+07   0.324488521467E+07   0.218363535247E-02   0.218327803199E-02   0.395017413120E-04
       1641   0.459913188804E+07   0.324539620641E+07   0.104089651815E-01   0.100213620765E-01  -0.281404660224E-02
       1633   0.460074488396E+07   0.324467988732E+07   0.136831624617E-02  -0.120603118774E-02   0.646357581950E-03
       1586   0.460317350542E+07   0.324547397255E+07   0.123490185596E+00   0.121028275865E+00  -0.245353292182E-01
       1587   0.460258908040E+07   0.324597126784E+07   0.127980353092E+00   0.117991233954E+00  -0.495685332410E-01
       1599   0.460295589902E+07   0.324497808582E+07   0.106253847687E+00   0.104768393194E+00  -0.177049127599E-01
       1634   0.460064808804E+07   0.324544582235E+07   0.543591165725E-02  -0.542710543909E-02  -0.309292900673E-03
       1622   0.460291803570E+07   0.324335078009E+07   0.726259261495E-02  -0.671405982012E-02  -0.276887201268E-02
       1624   0.460117900548E+07   0.324213491716E+07   0.403998171000E-01   0.398246098143E-01  -0.679306078653E-02
       1550   0.460930162156E+07   0.323102511065E+07   0.203543253466E-01   0.200651203213E-01  -0.341899207451E-02
       1525   0.460913244690E+07   0.323013509274E+07   0.157610510269E-01   0.118987151756E-02   0.157160725133E-01
       1464   0.460771581777E+07   0.322964988781E+07   0.102014371871E+00   0.910120993624E-01  -0.460839433850E-01
       1572   0.461095596031E+07   0.323245984780E+07   0.311156808593E-01   0.290114790698E-01  -0.112480966176E-01
       1524   0.461009201465E+07   0.322928289659E+07   0.151694508773E-01   0.528076144697E-02   0.142206117470E-01
       1551   0.461055727097E+07   0.323100751069E+07   0.329222318021E-01   0.316868210273E-01  -0.893413230358E-02
       1498   0.461113571785E+07   0.322754653027E+07   0.213994975579E-01   0.196237098265E-01   0.853513376433E-02
       1367   0.461596300978E+07   0.321897340947E+07   0.170905252032E-01  -0.169481122343E-01   0.220171374476E-02
       1456   0.461132362947E+07   0.322579863815E+07   0.156027933759E-01   0.142974809897E-01   0.624733531035E-02
       1411   0.461341052514E+07   0.322248893047E+07   0.871205176102E-02   0.816794977754E-02   0.303058448462E-02
       1413   0.461432599364E+07   0.322151371147E+07   0.983967661878E-02   0.974445824330E-02   0.136556563620E-02
       1408   0.461031689155E+07   0.322615831912E+07   0.750110734364E-02   0.615669696444E-02   0.428505471014E-02
       1407   0.460943068526E+07   0.322735321377E+07   0.100311056242E-01   0.663863761253E-02   0.752007783820E-02
       1409   0.461106892307E+07   0.322443852730E+07   0.691638307540E-02   0.604515066154E-02   0.336043275857E-02
       1366   0.460992142957E+07   0.322574960294E+07   0.329628309053E-02   0.280930191804E-02   0.172432738950E-02
       1365   0.460948271613E+07   0.322662208028E+07   0.452618699537E-02   0.199050121745E-02   0.406500598036E-02
       1410   0.461238416235E+07   0.322321387320E+07   0.112846743056E-01  -0.996183183221E-02  -0.530148853913E-02
       1424   0.460731931581E+07   0.322958010826E+07   0.205688463144E-02   0.473257903669E-03  -0.200169961374E-02
       1112   0.461632016521E+07   0.321565327203E+07   0.170732192929E-02   0.147367104532E-02   0.862114737387E-03
       1223   0.461858636542E+07   0.321415491504E+07   0.766110111827E-02  -0.278424256755E-02   0.713725883441E-02
       1264   0.461827965670E+07   0.321512108544E+07   0.323235362261E-01   0.964966945053E-02   0.308495522440E-01
       1297   0.461837044651E+07   0.321624664543E+07   0.167201383248E-01  -0.155944164839E-01  -0.603135143443E-02
       1294   0.461721896790E+07   0.321715153427E+07   0.256635938245E-01  -0.235194969764E-01  -0.102690462054E-01
       1301   0.462134713798E+07   0.321269246737E+07   0.672552502578E-01   0.667273652422E-01  -0.840995927873E-02
       1049   0.461993352961E+07   0.321079600040E+07   0.187846582222E-02  -0.185482719447E-02  -0.297068887440E-03
       1115   0.462073328882E+07   0.321023595211E+07   0.428260163511E-02  -0.288817050711E-02  -0.316214292639E-02
        989   0.461866857145E+07   0.321215987611E+07   0.590822234605E-03   0.395221144885E-03   0.439170991231E-03
        875   0.462385855237E+07   0.320466180237E+07   0.189484186717E-02  -0.182262599815E-02  -0.518131423899E-03
       1113   0.462209155417E+07   0.320910663451E+07   0.432456084400E-02  -0.307585166047E-02  -0.303989523771E-02
       1114   0.462273089545E+07   0.320845019449E+07   0.293295146898E-02  -0.293021056397E-02  -0.126768963802E-03
        991   0.462333157877E+07   0.320655666982E+07   0.859640062364E-02  -0.945746425761E-03   0.854421835982E-02
        926   0.462346130230E+07   0.320577194326E+07   0.288298161981E-02  -0.719674160855E-03   0.279171132504E-02
       1119   0.462559917971E+07   0.320511121822E+07   0.513928424544E-01  -0.508423375597E-01   0.750206418283E-02
       1228   0.462227951454E+07   0.321004887805E+07   0.670607928055E-02   0.667371790471E-02  -0.658018727224E-03
       1237   0.462453268050E+07   0.320818002979E+07   0.155290798342E+00   0.153138741058E+00   0.257635020266E-01
       1276   0.462459130955E+07   0.320907677808E+07   0.143825769208E+00   0.142546439029E+00   0.191406532954E-01
       1236   0.462388498771E+07   0.320906791121E+07   0.255120171069E+00   0.246262401780E+00   0.666418123666E-01
       1122   0.462372486158E+07   0.320788727609E+07   0.227468765346E-01   0.554246626691E-02   0.220613113789E-01
       1232   0.462629565604E+07   0.320631034816E+07   0.456242411928E-01   0.409672654447E-01   0.200811988287E-01
       1303   0.462743340750E+07   0.320668217010E+07   0.369340092698E-01   0.238304554286E-01   0.282175554364E-01
       1306   0.462551016981E+07   0.320910426237E+07   0.599516354713E-01   0.574311530732E-01   0.172006177904E-01
       1305   0.462438823122E+07   0.321021636718E+07   0.148653083362E+00   0.148431958623E+00   0.810511274576E-02
       1274   0.462371844815E+07   0.320991818565E+07   0.256939744144E+00   0.247861644309E+00   0.676951800436E-01
       1185   0.462358061820E+07   0.320884351721E+07   0.158752574812E-01  -0.113917065379E-01  -0.110567998196E-01
       1370   0.461858597979E+07   0.321745065292E+07   0.671262239932E-02   0.671117904890E-02  -0.139195004872E-03
       1416   0.461886021291E+07   0.321847588785E+07   0.126262459998E-01   0.126175489407E-01  -0.468558188944E-03
       1596   0.460615324512E+07   0.324339588450E+07   0.130345735264E-01   0.126557749835E-01  -0.311952986577E-02
       1608   0.460588437515E+07   0.324217268567E+07   0.199817200931E-01   0.199048512491E-01   0.175100960323E-02
       1511   0.460349112579E+07   0.324755245876E+07   0.111891994240E+00   0.532907799488E-01  -0.983865394631E-01
       1573   0.461469704338E+07   0.323497176079E+07   0.667798064545E-02   0.165931484160E-02   0.646854695874E-02
       1564   0.461423676569E+07   0.323907953478E+07   0.101575343121E-01   0.694187001318E-02   0.741525077269E-02
       1383   0.461487496885E+07   0.324778941078E+07   0.434064658327E-02  -0.282363041719E-02   0.329671412591E-02
       1431   0.461528711825E+07   0.324646128231E+07   0.359346209283E-02   0.268781738610E-02   0.238508018977E-02
       1382   0.461600937236E+07   0.324709831628E+07   0.310406430061E-02  -0.175539690410E-02   0.256003845506E-02
       1542   0.461654975333E+07   0.323951400933E+07   0.656422319366E-02   0.556574671948E-02   0.348015654687E-02
       1553   0.461817499053E+07   0.323528944699E+07   0.846270820198E-02   0.214279859677E-02   0.818693131066E-02
       1462   0.462150137229E+07   0.321898616199E+07   0.124743822748E-01   0.111470409593E-01   0.559943666707E-02
       1428   0.461678630283E+07   0.324522018147E+07   0.179730385884E-02  -0.755068894191E-03   0.163100341079E-02
       1454   0.462216345023E+07   0.324109175725E+07   0.415151616932E-02  -0.336517441845E-02   0.243119058026E-02
       1452   0.462714129776E+07   0.323738923040E+07   0.270487750535E-02  -0.125433151621E-06   0.270487750244E-02
       1453   0.461897051256E+07   0.324352405122E+07   0.280332732585E-02  -0.255083336355E-02   0.116270944231E-02
       1406   0.462234284027E+07   0.324423654444E+07   0.270487746327E-02  -0.663734521626E-06   0.270487738184E-02
       1405   0.461953377831E+07   0.324549251853E+07   0.372908741237E-02  -0.295497763610E-02   0.227468681345E-02
       1381   0.461506922181E+07   0.324863596291E+07   0.105089881410E-01  -0.146934731851E-03   0.105079608836E-01
       1380   0.461405029233E+07   0.324989848403E+07   0.304208075079E-01   0.106583996595E-01   0.284925261451E-01
       1430   0.461435956200E+07   0.324834142296E+07   0.177995578837E-01   0.503408286657E-02   0.170728518575E-01
       1343   0.461480583090E+07   0.325045597936E+07   0.111973139093E-01   0.358967817605E-02   0.106063211990E-01
       1479   0.461399100703E+07   0.324667950498E+07   0.110501635661E-01   0.940938065654E-02   0.579393393979E-02
       1478   0.461315184723E+07   0.324857882067E+07   0.147737147059E-01   0.103319241261E-01   0.105600184689E-01
       1429   0.461315029752E+07   0.324986986712E+07   0.322781292808E-01   0.137901750459E-01   0.291840487608E-01
       1432   0.461442933641E+07   0.324759514778E+07   0.697530465000E-02   0.529751410698E-02   0.453775486850E-02
       1437   0.461160215620E+07   0.325100480973E+07   0.145021312866E-01   0.554688264790E-02   0.133993994173E-01
       1342   0.461408828580E+07   0.325307104334E+07   0.900068008620E-02  -0.332689563354E-03   0.899452943008E-02
       1387   0.461278592017E+07   0.325189391611E+07   0.276091498979E-01   0.870186175878E-02   0.262019609957E-01
       1341   0.461321118268E+07   0.325720899656E+07   0.270440161563E-02  -0.433889612718E-04   0.270405353065E-02
       1436   0.461064627494E+07   0.325330799567E+07   0.196711741000E-01   0.143505011065E-02   0.196187594321E-01
       1386   0.461144750028E+07   0.325508296103E+07   0.183596471365E-01  -0.178719922208E-02   0.182724536370E-01
       1435   0.460821718628E+07   0.325600025289E+07   0.136443186193E-01  -0.273268579972E-02   0.133678666549E-01
       1485   0.460547283273E+07   0.325142044895E+07   0.307838256364E-02   0.108908786719E-02   0.287929276484E-02
       1545   0.460546038768E+07   0.324823464573E+07   0.726335888664E-02   0.445099430950E-02  -0.573977629991E-02
       1434   0.460287702325E+07   0.325137777505E+07   0.373658265267E-02   0.185122021080E-02  -0.324577165730E-02
       1518   0.460415841312E+07   0.324948864416E+07   0.437138819294E-02   0.153944177792E-02  -0.409135109051E-02
       1541   0.460412405391E+07   0.324867545216E+07   0.905588477158E-02   0.746789485053E-02  -0.512245990687E-02
       1482   0.460453578010E+07   0.325106930288E+07   0.269184470734E-02   0.241626036214E-02  -0.118647115041E-02
       1563   0.460452982311E+07   0.324715011615E+07   0.205893893000E-01   0.128149350415E-01  -0.161152223574E-01
       1512   0.460330446725E+07   0.324983432141E+07   0.161956321604E-01   0.979059077674E-02  -0.129012725464E-01
       1473   0.460270066647E+07   0.324996838342E+07   0.347842077321E-01   0.173753542437E-01  -0.301336717388E-01
       1595   0.460482426585E+07   0.324485723521E+07   0.258460562857E-01   0.243174624128E-01  -0.875669157427E-02
       1581   0.460378200944E+07   0.324574891583E+07   0.942050749232E-01   0.941930938186E-01   0.150240412692E-02
       1582   0.460453115717E+07   0.324607180143E+07   0.200559821038E-01   0.495181583871E-02  -0.194350697979E-01
       1517   0.460462100585E+07   0.324997845033E+07   0.301938635662E-02   0.138683501287E-02  -0.268204821314E-02
       1561   0.460330412120E+07   0.324648141687E+07   0.147619805690E+00   0.126079174127E+00  -0.767831288982E-01
       1548   0.460273503046E+07   0.324703407832E+07   0.153821261360E+00   0.105281510822E+00  -0.112146261308E+00
       1568   0.460281182284E+07   0.324637315170E+07   0.144013832178E+00   0.127304618557E+00  -0.673314039116E-01
       1522   0.460273500083E+07   0.324778889186E+07   0.130122539017E+00   0.759319423124E-01  -0.105670314170E+00
       1540   0.460331848607E+07   0.324702956825E+07   0.145410714549E+00   0.715319828085E-01  -0.126599570857E+00
       1580   0.460330583532E+07   0.324585169803E+07   0.133243535517E+00   0.130937032574E+00  -0.246846765798E-01
       1617   0.460371720359E+07   0.324329337149E+07   0.259770583797E-01   0.184733031738E-01  -0.182632043167E-01
       1569   0.460214723899E+07   0.324694612309E+07   0.134108350303E+00   0.103197787836E+00  -0.856461686635E-01
       1549   0.460217176005E+07   0.324766656575E+07   0.140767705665E+00   0.917517743585E-01  -0.106757476835E+00
       1488   0.460229295155E+07   0.324866270652E+07   0.101133985319E+00   0.712023678869E-01  -0.718213463657E-01
       1481   0.460355184122E+07   0.325048700424E+07   0.494540406137E-02   0.947801937339E-03  -0.485372978418E-02
       1425   0.460208020551E+07   0.325012328912E+07   0.416505319648E-01   0.235629986060E-01  -0.343446052481E-01
       1489   0.460171505909E+07   0.324930595189E+07   0.802361454995E-01   0.636240674319E-01  -0.488857554717E-01
       1443   0.460135002581E+07   0.325028978290E+07   0.386879417935E-01   0.302165824258E-01  -0.241601942608E-01
       1523   0.460196506760E+07   0.324843724409E+07   0.114066347591E+00   0.873358076634E-01  -0.733729401921E-01
       1349   0.460031091843E+07   0.325274602354E+07   0.102434919222E-01  -0.621400021768E-02   0.814342237974E-02
       1340   0.460060237399E+07   0.325342943742E+07   0.802696554203E-02  -0.298234144321E-02   0.745236977941E-02
       1346   0.460073747489E+07   0.325553945599E+07   0.367630065785E-02   0.225863561376E-02  -0.290064677118E-02
       1480   0.460359597137E+07   0.325135140567E+07   0.257954225721E-02   0.163109667748E-02  -0.199838982319E-02
       1310   0.460049383544E+07   0.325667085189E+07   0.341085110919E-02   0.241389706642E-02  -0.240977306853E-02
       1311   0.460025655969E+07   0.325789342125E+07   0.187296864601E-02   0.804214195837E-03  -0.169152330051E-02
       1345   0.460887867436E+07   0.326311189168E+07   0.199897775674E-02  -0.112821269125E-02   0.165016611141E-02
       1385   0.460888352532E+07   0.325884874010E+07   0.797122168163E-02  -0.182097033613E-02   0.776044084654E-02
