         833           2
       1074   0.463643152173E+07   0.320041381513E+07   0.157394911675E+01
       1013   0.463726553191E+07   0.319996351200E+07   0.157246669219E+01
       1014   0.463690539152E+07   0.320093256009E+07   0.156934764119E+01
       1081   0.463568052716E+07   0.320444238203E+07   0.158784119257E+01
       1071   0.463519951960E+07   0.320429396694E+07   0.158545937156E+01
       1070   0.463571495144E+07   0.320362467648E+07   0.158112740284E+01
       1592   0.460629004765E+07   0.323548360635E+07   0.161832407341E+01
       1578   0.460580072650E+07   0.323460091788E+07   0.161696835729E+01
       1577   0.460700088042E+07   0.323351963249E+07   0.161936385611E+01
       1169   0.465623885433E+07   0.318452214252E+07   0.158384906546E+01
       1167   0.465454208064E+07   0.318493427253E+07   0.158082937740E+01
       1101   0.465575342005E+07   0.318283525206E+07   0.157910702451E+01
       1290   0.464245705023E+07   0.320196044459E+07   0.158530698718E+01
       1258   0.464025574724E+07   0.320223036318E+07   0.158072695521E+01
       1257   0.464196017013E+07   0.320014549567E+07   0.158601576027E+01
       1104   0.466366541976E+07   0.317978204532E+07   0.157830548378E+01
       1103   0.466265617753E+07   0.317963502661E+07   0.157901525430E+01
       1041   0.466394422022E+07   0.317832784497E+07   0.157648621370E+01
        960   0.464501884725E+07   0.318666364965E+07   0.159023640837E+01
       1026   0.464594085276E+07   0.318667547079E+07   0.164600608627E+01
       1025   0.464457414775E+07   0.318806102967E+07   0.158034084449E+01
        856   0.465419692154E+07   0.317955513189E+07   0.157740421008E+01
        857   0.465464346188E+07   0.317911901773E+07   0.158335476089E+01
        910   0.465443970750E+07   0.318001142403E+07   0.159219089739E+01
       1213   0.464621249239E+07   0.319227662972E+07   0.158565625696E+01
       1158   0.464591219533E+07   0.319031567495E+07   0.159666939198E+01
       1212   0.464819216834E+07   0.318954392720E+07   0.158543922059E+01
       1611   0.460317132819E+07   0.323884200186E+07   0.163752317032E+01
       1600   0.460362880806E+07   0.323730075826E+07   0.163143451039E+01
       1605   0.460421540906E+07   0.323780071651E+07   0.162205476726E+01
       1317   0.463464884357E+07   0.321001596060E+07   0.159858929059E+01
       1355   0.463516879552E+07   0.321149691715E+07   0.159241815209E+01
       1354   0.463336984392E+07   0.321221801454E+07   0.159427034531E+01
       1162   0.463867546851E+07   0.320100530325E+07   0.158274088127E+01
       1207   0.463824464961E+07   0.320232781871E+07   0.158253528153E+01
       1150   0.463775945843E+07   0.320206650308E+07   0.159574809289E+01
       1415   0.461760571784E+07   0.321884071909E+07   0.160228171856E+01
       1414   0.461631488670E+07   0.321989338668E+07   0.160527004350E+01
       1368   0.461689276474E+07   0.321855994909E+07   0.160320208364E+01
       1560   0.460505477818E+07   0.323463599429E+07   0.161840303903E+01
       1575   0.460473013628E+07   0.323560751348E+07   0.161775166205E+01
       1389   0.460452190864E+07   0.326018645064E+07   0.162353936684E+01
       1390   0.460265273746E+07   0.325887048087E+07   0.162367904458E+01
       1439   0.460574779657E+07   0.325537324701E+07   0.162333191977E+01
       1042   0.466483204619E+07   0.317816460228E+07   0.157713483899E+01
       1037   0.465545678455E+07   0.318172299318E+07   0.158358392404E+01
       1038   0.465690495993E+07   0.318075696182E+07   0.157869775541E+01
       1222   0.466476490440E+07   0.318293871430E+07   0.158089926672E+01
       1221   0.466178881052E+07   0.318425362253E+07   0.158261472682E+01
       1171   0.466375741264E+07   0.318145917427E+07   0.158138096743E+01
       1160   0.464083190133E+07   0.319837272033E+07   0.158302163465E+01
       1215   0.464041640506E+07   0.320020503142E+07   0.158223116222E+01
       1161   0.463995476635E+07   0.319938212201E+07   0.158365795636E+01
        978   0.465806296155E+07   0.317918084812E+07   0.158247516775E+01
        917   0.465862161237E+07   0.317820876372E+07   0.158456245608E+01
        979   0.465881987337E+07   0.317888058406E+07   0.158425825076E+01
       1099   0.466001509333E+07   0.317994712931E+07   0.158524443713E+01
       1168   0.465866474078E+07   0.318261439156E+07   0.158341960232E+01
       1100   0.465874618690E+07   0.318068135316E+07   0.158441464606E+01
       1102   0.465730890037E+07   0.318202431723E+07   0.158261503372E+01
       1206   0.463680502509E+07   0.320442942272E+07   0.159309787812E+01
       1251   0.463635703807E+07   0.320565235121E+07   0.159617936959E+01
       1205   0.463610396515E+07   0.320507469090E+07   0.159914023629E+01
       1033   0.465333045977E+07   0.318254945764E+07   0.162363028242E+01
        969   0.465361231410E+07   0.318116119502E+07   0.159855619371E+01
        970   0.465434723379E+07   0.318106385607E+07   0.157830707433E+01
       1261   0.465448471916E+07   0.319151881710E+07   0.158386652762E+01
       1220   0.465689950502E+07   0.318649692634E+07   0.158234911086E+01
       1260   0.465835874202E+07   0.318852962586E+07   0.158398890167E+01
       1098   0.465403264108E+07   0.318354962849E+07   0.158038356888E+01
       1166   0.465260507831E+07   0.318622033952E+07   0.158408003734E+01
       1097   0.465222708520E+07   0.318462184057E+07   0.158523217243E+01
        914   0.465507338769E+07   0.318001843225E+07   0.158632792878E+01
        861   0.465511713255E+07   0.317910463896E+07   0.158270657982E+01
        899   0.464594072626E+07   0.318448612188E+07   0.157558426976E+01
        953   0.464687409811E+07   0.318439360630E+07   0.158298695582E+01
        959   0.464589794259E+07   0.318542468260E+07   0.160133488482E+01
       1501   0.461686326367E+07   0.322258733521E+07   0.160739912757E+01
       1461   0.461905698666E+07   0.322010554332E+07   0.159466204759E+01
       1502   0.461911887216E+07   0.322258707752E+07   0.160151251089E+01
       1280   0.463160327269E+07   0.320478074468E+07   0.157748264065E+01
       1246   0.463291047975E+07   0.320456343879E+07   0.157651213280E+01
       1281   0.463153936394E+07   0.320614049311E+07   0.157742138027E+01
       1163   0.463936999976E+07   0.320038163071E+07   0.158192593030E+01
       1338   0.462943588469E+07   0.320941382160E+07   0.158613422204E+01
       1376   0.462791656674E+07   0.321098619407E+07   0.158721851373E+01
       1337   0.462859049977E+07   0.320849249212E+07   0.157940096558E+01
       1076   0.463583862354E+07   0.320267205199E+07   0.156099756669E+01
       1020   0.463631765014E+07   0.320294499547E+07   0.157666989861E+01
       1278   0.462964234836E+07   0.320423350716E+07   0.157507013557E+01
       1243   0.463068037452E+07   0.320362070837E+07   0.157693229748E+01
       1279   0.463035405917E+07   0.320491371070E+07   0.157790744872E+01
       1019   0.463661762797E+07   0.320199740011E+07   0.155530557748E+01
       1075   0.463600675402E+07   0.320160654692E+07   0.157129080287E+01
       1155   0.464326474232E+07   0.319424821121E+07   0.158285711290E+01
       1086   0.464232387253E+07   0.319430198802E+07   0.158450235690E+01
       1092   0.464279078955E+07   0.319319393045E+07   0.158654299560E+01
       1134   0.463395247447E+07   0.319960589335E+07   0.157913889947E+01
       1135   0.463515223044E+07   0.319960139118E+07   0.158055184935E+01
       1196   0.463386299945E+07   0.320128333707E+07   0.157654538966E+01
        957   0.464942136098E+07   0.318347230035E+07   0.172758075541E+01
        956   0.464873345463E+07   0.318393396549E+07   0.162611090233E+01
        896   0.464929077114E+07   0.318296945578E+07   0.168333241275E+01
       1159   0.464437803849E+07   0.319268951715E+07   0.158697506098E+01
       1210   0.464327652776E+07   0.319587785637E+07   0.158692584070E+01
       1211   0.464451672817E+07   0.319413423550E+07   0.158697371607E+01
       1255   0.464534414590E+07   0.319543025313E+07   0.158322551310E+01
        967   0.465166511807E+07   0.318248463899E+07   0.166474382612E+01
        964   0.465079989162E+07   0.318257332616E+07   0.156779204369E+01
        906   0.465165465914E+07   0.318168105788E+07   0.167311558304E+01
       1032   0.465191092838E+07   0.318343281185E+07   0.162095736121E+01
       1029   0.465078977621E+07   0.318368152512E+07   0.166118360356E+01
        853   0.465267738115E+07   0.318079416867E+07   0.165294643633E+01
        854   0.465327965894E+07   0.318037437327E+07   0.160316246633E+01
        908   0.465306179508E+07   0.318105468465E+07   0.158910115989E+01
       1021   0.464999391794E+07   0.318354110823E+07   0.160598505115E+01
       1087   0.464966392518E+07   0.318493678086E+07   0.161000306668E+01
        849   0.464133084725E+07   0.318868405319E+07   0.156901994876E+01
        817   0.464093077702E+07   0.319007709385E+07   0.157968448538E+01
        816   0.464012021305E+07   0.319015034421E+07   0.155611243512E+01
        913   0.466046869962E+07   0.317643977127E+07   0.158374365014E+01
        859   0.465979295305E+07   0.317668429446E+07   0.158453782676E+01
        860   0.465991819100E+07   0.317597280625E+07   0.158456961223E+01
       1004   0.463106967487E+07   0.320047597128E+07   0.160095787958E+01
       1064   0.463052063745E+07   0.320151411759E+07   0.160361513372E+01
       1005   0.463033736864E+07   0.320103247297E+07   0.160463074933E+01
       1620   0.460370232365E+07   0.324082368599E+07   0.163778423502E+01
       1625   0.460251583794E+07   0.324265805583E+07   0.164404530437E+01
       1623   0.460226754926E+07   0.324167418186E+07   0.164500772019E+01
       1535   0.460821615159E+07   0.323080110778E+07   0.162155797093E+01
       1557   0.460723727775E+07   0.323214530408E+07   0.162100248928E+01
       1534   0.460749194985E+07   0.323110204810E+07   0.162235601923E+01
       1118   0.461989410215E+07   0.321222661467E+07   0.159966617442E+01
       1116   0.461985708741E+07   0.321160102956E+07   0.159988302630E+01
       1182   0.462050369661E+07   0.321162428549E+07   0.159903074010E+01
       1444   0.460901806243E+07   0.322845834878E+07   0.161290236851E+01
       1455   0.461013660410E+07   0.322742531153E+07   0.161258055928E+01
       1490   0.460957615602E+07   0.322880582646E+07   0.161465434804E+01
       1240   0.462926692971E+07   0.320353425192E+07   0.157583299323E+01
       1194   0.462979215505E+07   0.320254108384E+07   0.157671992971E+01
       1242   0.463001822979E+07   0.320285356161E+07   0.157511901141E+01
       1593   0.460507499421E+07   0.323669758735E+07   0.161654723181E+01
       1606   0.460542931055E+07   0.323746405666E+07   0.161548586846E+01
       1555   0.461594428225E+07   0.323004880614E+07   0.160870265391E+01
       1574   0.461243274946E+07   0.323328501966E+07   0.161339231305E+01
       1554   0.461294556971E+07   0.322970515958E+07   0.161360286202E+01
        999   0.462681979966E+07   0.320205413823E+07   0.157801246092E+01
        997   0.462775947605E+07   0.320100645337E+07   0.158029882866E+01
       1056   0.462767048172E+07   0.320182336263E+07   0.157847840728E+01
       1017   0.463504640881E+07   0.320493650148E+07   0.158067909663E+01
       1239   0.462855664648E+07   0.320366131332E+07   0.157738049891E+01
       1192   0.462943878898E+07   0.320249819478E+07   0.157727533994E+01
       1139   0.463476577864E+07   0.320427975717E+07   0.157499052174E+01
       1198   0.463416063387E+07   0.320390678422E+07   0.157121677344E+01
       1138   0.463514553178E+07   0.320348799707E+07   0.156750051892E+01
       1494   0.462865566403E+07   0.322786021384E+07   0.160115303823E+01
       1527   0.462525045578E+07   0.322654661004E+07   0.159432046317E+01
       1493   0.463028422542E+07   0.322253007461E+07   0.159336451570E+01
       1558   0.460824279889E+07   0.323185840249E+07   0.161952045222E+01
       1570   0.460842424486E+07   0.323252335238E+07   0.161979678893E+01
       1369   0.461771091308E+07   0.321789678262E+07   0.160200148278E+01
       1328   0.461736782830E+07   0.321759578386E+07   0.160223825778E+01
       1329   0.461815091054E+07   0.321702422475E+07   0.160080050316E+01
       1520   0.460971085455E+07   0.324895142859E+07   0.162548596539E+01
       1486   0.460708783171E+07   0.325183269437E+07   0.162303200249E+01
       1521   0.460758514417E+07   0.324920634819E+07   0.162234907747E+01
       1495   0.462697427780E+07   0.323292163223E+07   0.160383575200E+01
       1496   0.462319743730E+07   0.323694493201E+07   0.160787958728E+01
       1528   0.462313207573E+07   0.323216498990E+07   0.160660971489E+01
       1603   0.460703371603E+07   0.323660904619E+07   0.161736837450E+01
       1533   0.461929496965E+07   0.322583854692E+07   0.159399676693E+01
       1532   0.461597684231E+07   0.322614160874E+07   0.160804822239E+01
       1645   0.459937704076E+07   0.324681153998E+07   0.165226429572E+01
       1643   0.459926544613E+07   0.324621781874E+07   0.165161806186E+01
       1642   0.459976081606E+07   0.324603098142E+07   0.165001144309E+01
       1348   0.460116087776E+07   0.325781721082E+07   0.162485712090E+01
       1392   0.460304551633E+07   0.325619772358E+07   0.162436727383E+01
       1433   0.460259646854E+07   0.325240491243E+07   0.162803490447E+01
       1388   0.460190969256E+07   0.325381442779E+07   0.162785386124E+01
       1384   0.460149636806E+07   0.325304341548E+07   0.162859499541E+01
        922   0.466711454502E+07   0.317624794042E+07   0.158613179933E+01
        921   0.466779433690E+07   0.317535449352E+07   0.158566480370E+01
        984   0.466769405542E+07   0.317614661576E+07   0.158581462260E+01
        924   0.466858032602E+07   0.317506999270E+07   0.158483062986E+01
        871   0.466840332504E+07   0.317432217181E+07   0.158544730264E+01
        923   0.466976314204E+07   0.317356217003E+07   0.158412280936E+01
       1047   0.466778620023E+07   0.317742415457E+07   0.158316302913E+01
       1107   0.466683319063E+07   0.317855838369E+07   0.158226038315E+01
       1044   0.466725474831E+07   0.317716943905E+07   0.158382091832E+01
       1095   0.466223174912E+07   0.317877339171E+07   0.157946130445E+01
       1040   0.466333425828E+07   0.317805138198E+07   0.157684027900E+01
        869   0.466723572984E+07   0.317565788256E+07   0.158599053364E+01
        821   0.466537419110E+07   0.317457937349E+07   0.157490858194E+01
        822   0.466479685460E+07   0.317463948362E+07   0.157678287704E+01
        794   0.466526387303E+07   0.317396844485E+07   0.157615732572E+01
        865   0.466489228754E+07   0.317523269293E+07   0.157588005067E+01
       1036   0.465951694865E+07   0.317898068690E+07   0.158380584135E+01
       1039   0.465819613605E+07   0.318008484971E+07   0.158387642265E+01
        972   0.466192922867E+07   0.317643500985E+07   0.158071285254E+01
       1031   0.466204165537E+07   0.317760468173E+07   0.158052528930E+01
       1035   0.466084671085E+07   0.317793722861E+07   0.158274459924E+01
       1030   0.466299374388E+07   0.317746590581E+07   0.157725217322E+01
        912   0.465985235466E+07   0.317719503995E+07   0.158453776198E+01
        973   0.465938454813E+07   0.317799624097E+07   0.158467309305E+01
        911   0.465925935669E+07   0.317739601850E+07   0.158472946366E+01
       1170   0.466203863515E+07   0.318167642091E+07   0.158166362026E+01
       1165   0.466088247739E+07   0.318092748527E+07   0.158277954154E+01
       1096   0.466124513981E+07   0.317896092965E+07   0.158271804896E+01
        858   0.465928206215E+07   0.317678492556E+07   0.158486723094E+01
        862   0.465575255629E+07   0.317932337433E+07   0.157604632371E+01
        909   0.465377661627E+07   0.318024565885E+07   0.159012675040E+01
        968   0.465261548956E+07   0.318205943665E+07   0.167435541460E+01
        976   0.465612600454E+07   0.318041470474E+07   0.158143833450E+01
        975   0.465519087348E+07   0.318084530696E+07   0.158323421416E+01
       1094   0.465070668074E+07   0.318506923466E+07   0.158473957895E+01
       1164   0.465049658286E+07   0.318700237006E+07   0.158100900362E+01
        971   0.466108565954E+07   0.317640474641E+07   0.158237568314E+01
       1219   0.465377831103E+07   0.318801738590E+07   0.158329652626E+01
       1045   0.466656841593E+07   0.317779691983E+07   0.158198369166E+01
       1292   0.465077759585E+07   0.319739003002E+07   0.158349573534E+01
       1289   0.464756892606E+07   0.319639142180E+07   0.158371537802E+01
       1259   0.465093534584E+07   0.319255619920E+07   0.158423933086E+01
        986   0.466922540586E+07   0.317526358890E+07   0.158267503813E+01
        988   0.466825519485E+07   0.317630173920E+07   0.158417584579E+01
       1322   0.464748455171E+07   0.320357619690E+07   0.158717208719E+01
       1323   0.465160240310E+07   0.320214204316E+07   0.158792545103E+01
       1359   0.464648437519E+07   0.320956473689E+07   0.159182332059E+01
       1046   0.466896558196E+07   0.317677145939E+07   0.158344911572E+01
       1216   0.463925334115E+07   0.320159419253E+07   0.157977458080E+01
       1256   0.464810920496E+07   0.319255407283E+07   0.158176820572E+01
       1287   0.463865557988E+07   0.320471444183E+07   0.158320498875E+01
       1291   0.464030351309E+07   0.320425634669E+07   0.158113144144E+01
       1319   0.463865446173E+07   0.320706463028E+07   0.158334011267E+01
       1448   0.463202777748E+07   0.321762761912E+07   0.159096975111E+01
       1449   0.463530257768E+07   0.321867013415E+07   0.159491336919E+01
       1208   0.463760894715E+07   0.320350282688E+07   0.158600160347E+01
       1253   0.463862444043E+07   0.320318669861E+07   0.158233222398E+01
       1320   0.464559792376E+07   0.320147062726E+07   0.158651977606E+01
       1402   0.464010498139E+07   0.321393110925E+07   0.159354790774E+01
       1358   0.464344201442E+07   0.320743485058E+07   0.158668991742E+01
       1450   0.463320404298E+07   0.322411422953E+07   0.159847680684E+01
       1249   0.463456499978E+07   0.320788608214E+07   0.160192857305E+01
       1202   0.463414079258E+07   0.320767870054E+07   0.160263641665E+01
       1203   0.463484290760E+07   0.320695364794E+07   0.160118777565E+01
       1250   0.463558879461E+07   0.320686079117E+07   0.160022396036E+01
       1286   0.463693887879E+07   0.320657818490E+07   0.158840431002E+01
       1285   0.463540696613E+07   0.320819210408E+07   0.159793714955E+01
       1351   0.462992449617E+07   0.321165430041E+07   0.157640835236E+01
       1352   0.463081466370E+07   0.321206279474E+07   0.159205265214E+01
       1397   0.462906619546E+07   0.321358141689E+07   0.158736584180E+01
       1321   0.464175193424E+07   0.320531617599E+07   0.158544765182E+01
       1356   0.463723342320E+07   0.321002926316E+07   0.158683174800E+01
       1318   0.463639244741E+07   0.320876472402E+07   0.158994557482E+01
       1145   0.463421060937E+07   0.320706867696E+07   0.160238686317E+01
       1201   0.463368480730E+07   0.320774259323E+07   0.160382900005E+01
       1084   0.463694147095E+07   0.320256371347E+07   0.159534093781E+01
       1085   0.463666040837E+07   0.320331518855E+07   0.159644413900E+01
       1396   0.462807544396E+07   0.321269272462E+07   0.158482234386E+01
       1445   0.462680648476E+07   0.321534197647E+07   0.158709936198E+01
       1147   0.463470080151E+07   0.320647600318E+07   0.160199561294E+01
       1146   0.463480799361E+07   0.320583073365E+07   0.160174731946E+01
       1204   0.463542503222E+07   0.320597026660E+07   0.160103551977E+01
       1252   0.463750410571E+07   0.320469726343E+07   0.158814531113E+01
       1288   0.464447052320E+07   0.319879507361E+07   0.158613377112E+01
       1214   0.464163308189E+07   0.319891858374E+07   0.158513396446E+01
       1209   0.464223683706E+07   0.319749264127E+07   0.158734559388E+01
       1254   0.464331108453E+07   0.319770345229E+07   0.158485584898E+01
        907   0.465234298169E+07   0.318135152369E+07   0.175110374926E+01
       1024   0.464901686504E+07   0.318453395008E+07   0.166606935795E+01
       1023   0.464802663417E+07   0.318504373493E+07   0.174654164931E+01
       1093   0.464411657776E+07   0.319168224484E+07   0.158498081146E+01
       1091   0.464456864165E+07   0.319026263353E+07   0.157775508915E+01
       1083   0.463727803457E+07   0.320187260260E+07   0.158600716871E+01
       1018   0.463734161194E+07   0.320129351981E+07   0.155503722509E+01
       1151   0.463733514436E+07   0.320292634205E+07   0.159107593212E+01
       1152   0.463687816508E+07   0.320370690392E+07   0.159235367218E+01
       1082   0.463611487449E+07   0.320372320141E+07   0.159414444654E+01
       1141   0.463503730589E+07   0.320257879252E+07   0.157506015873E+01
       1248   0.463350855479E+07   0.320869014682E+07   0.160505084274E+01
       1275   0.462536622070E+07   0.320808855112E+07   0.157659494899E+01
       1235   0.462575399938E+07   0.320722476391E+07   0.157504640527E+01
       1273   0.462635348646E+07   0.320701018846E+07   0.157450185724E+01
       1312   0.463088432802E+07   0.320897149856E+07   0.158539155363E+01
       1350   0.462948138092E+07   0.321071966296E+07   0.158700923264E+01
       1200   0.463341604155E+07   0.320538939147E+07   0.156953294957E+01
       1142   0.463405437910E+07   0.320470988823E+07   0.156394128753E+01
       1199   0.463399715770E+07   0.320273183450E+07   0.157767500342E+01
       1193   0.463119188481E+07   0.320197962408E+07   0.159333049594E+01
       1195   0.463145863180E+07   0.320261221710E+07   0.158698518152E+01
       1241   0.463059631107E+07   0.320277790358E+07   0.157746968276E+01
       1063   0.463128445571E+07   0.320086376282E+07   0.159700458487E+01
       1247   0.463265275572E+07   0.320599703381E+07   0.157304652047E+01
       1067   0.463543839968E+07   0.319782396984E+07   0.157155806000E+01
       1068   0.463646999162E+07   0.319803117240E+07   0.157147064336E+01
       1238   0.462757718504E+07   0.320457745248E+07   0.157685808704E+01
       1231   0.462663779920E+07   0.320535984256E+07   0.157320216010E+01
       1189   0.462680886736E+07   0.320438207412E+07   0.157624042940E+01
       1130   0.462914051768E+07   0.320226735943E+07   0.157735276411E+01
       1129   0.462861838314E+07   0.320232068672E+07   0.157771689062E+01
       1060   0.462934677677E+07   0.320163283990E+07   0.157742357644E+01
       1127   0.462802294761E+07   0.320229283899E+07   0.157838345218E+01
       1057   0.462849976370E+07   0.320109404979E+07   0.157919459293E+01
        998   0.462862482056E+07   0.320021788258E+07   0.158081268357E+01
       1011   0.463733760374E+07   0.319817339894E+07   0.157164475978E+01
       1073   0.463624488843E+07   0.319943834376E+07   0.157767168969E+01
        936   0.463045374550E+07   0.320007850021E+07   0.157753617734E+01
       1002   0.462997288384E+07   0.320110698940E+07   0.157744029855E+01
       1001   0.462967980047E+07   0.320081778808E+07   0.157742599895E+01
       1008   0.463631924901E+07   0.319578018093E+07   0.156817977999E+01
        946   0.463752524707E+07   0.319518998844E+07   0.156592834776E+01
       1010   0.463691004474E+07   0.319653704152E+07   0.156916743014E+01
        945   0.463809099671E+07   0.319540631059E+07   0.156808280904E+01
       1009   0.463766093604E+07   0.319677776671E+07   0.156924591102E+01
       1140   0.463521434778E+07   0.320111126567E+07   0.157730549311E+01
        951   0.463772878714E+07   0.320024143543E+07   0.156822046308E+01
       1027   0.464384144490E+07   0.318980346714E+07   0.158349925684E+01
       1028   0.464317555572E+07   0.319171691991E+07   0.158463339428E+01
        842   0.463967752798E+07   0.319428540341E+07   0.157013883959E+01
        889   0.463892784469E+07   0.319494250905E+07   0.156952089161E+01
        888   0.463896449636E+07   0.319435175461E+07   0.157022331031E+01
        818   0.464140528327E+07   0.319147777172E+07   0.156417330170E+01
        791   0.464077677499E+07   0.319241234571E+07   0.156959533747E+01
        792   0.464051081113E+07   0.319203168343E+07   0.156783502420E+01
        809   0.464012583723E+07   0.319284519488E+07   0.156906310597E+01
        841   0.463959672468E+07   0.319360686113E+07   0.157021757842E+01
        811   0.463960155343E+07   0.319287658426E+07   0.156821340496E+01
       1022   0.464711682179E+07   0.318506449217E+07   0.157052028926E+01
        954   0.464782142773E+07   0.318348406930E+07   0.157208520382E+01
       1153   0.464225154147E+07   0.319548666345E+07   0.158339392439E+01
        902   0.464232934745E+07   0.318952751628E+07   0.159803504667E+01
        852   0.464158089542E+07   0.319071157668E+07   0.159233224614E+01
        850   0.464162673527E+07   0.319007062306E+07   0.159686451688E+01
        904   0.465118255238E+07   0.318155077619E+07   0.172973244291E+01
        952   0.465005174197E+07   0.318244557230E+07   0.160183098653E+01
       1157   0.464730967205E+07   0.318805730075E+07   0.158516399032E+01
       1090   0.464559762376E+07   0.318853491529E+07   0.160662722558E+01
       1088   0.464703934373E+07   0.318655752943E+07   0.157951375162E+01
        955   0.464811122860E+07   0.318401382144E+07   0.166419724276E+01
        895   0.464872480421E+07   0.318329606000E+07   0.159700667479E+01
        844   0.464909971849E+07   0.318254546381E+07   0.157355421214E+01
        958   0.464391975278E+07   0.318730020313E+07   0.158367741010E+01
        808   0.464123003728E+07   0.319258888770E+07   0.156939752831E+01
        900   0.464470603152E+07   0.318591865113E+07   0.157065791369E+01
        847   0.464472490710E+07   0.318471634691E+07   0.156393341970E+01
        898   0.464532088541E+07   0.318490150312E+07   0.157487373081E+01
        760   0.466681243304E+07   0.317295084839E+07   0.157476659341E+01
        777   0.466643957699E+07   0.317360853965E+07   0.157481222465E+01
        775   0.466612732821E+07   0.317330001698E+07   0.157489884680E+01
        874   0.462420115607E+07   0.320385048564E+07   0.158487043627E+01
        928   0.462502836043E+07   0.320342181724E+07   0.158217261318E+01
        929   0.462451197368E+07   0.320428459433E+07   0.158368634215E+01
        832   0.462577026099E+07   0.320070213660E+07   0.158382019350E+01
        878   0.462636627633E+07   0.320072352494E+07   0.158269816414E+01
        877   0.462564735450E+07   0.320149686049E+07   0.158365410679E+01
        932   0.462820598155E+07   0.320010800937E+07   0.158078045249E+01
        933   0.462879283584E+07   0.319936255925E+07   0.158152643232E+01
        879   0.462733794253E+07   0.320002545512E+07   0.158146457117E+01
        931   0.462764527243E+07   0.320040179340E+07   0.158129940699E+01
        935   0.462698232333E+07   0.320101369678E+07   0.158061755202E+01
        934   0.462618978806E+07   0.320177083002E+07   0.158123158492E+01
        994   0.462582953722E+07   0.320289276381E+07   0.158006046134E+01
        995   0.462530623758E+07   0.320410103089E+07   0.158066268197E+01
        798   0.462355693588E+07   0.320318269922E+07   0.159198342394E+01
        797   0.462370092048E+07   0.320249292876E+07   0.159395636731E+01
        828   0.462445174654E+07   0.320227901010E+07   0.158727407755E+01
        996   0.462551605349E+07   0.320479718671E+07   0.157961817882E+01
        993   0.462497578857E+07   0.320502754664E+07   0.158110484132E+01
        927   0.462541685222E+07   0.320244561377E+07   0.158292642170E+01
        872   0.462503755073E+07   0.320210408308E+07   0.158509735418E+01
       1347   0.460148095039E+07   0.325627114875E+07   0.162562461642E+01
       1391   0.460247388706E+07   0.325463501200E+07   0.162626141243E+01
       1591   0.460439000184E+07   0.323666328515E+07   0.162066340015E+01
       1576   0.460400508786E+07   0.323647187548E+07   0.162962346712E+01
       1468   0.460561372704E+07   0.323138457014E+07   0.161905928827E+01
       1508   0.460550627044E+07   0.323205319678E+07   0.161895159592E+01
       1509   0.460496649058E+07   0.323220651580E+07   0.162516121694E+01
       1579   0.460528398287E+07   0.323573932651E+07   0.161622065322E+01
       1618   0.460287879629E+07   0.324026119568E+07   0.164243353771E+01
       1612   0.460203222265E+07   0.324021260865E+07   0.165043224602E+01
       1613   0.460556933539E+07   0.323907033021E+07   0.161764093683E+01
       1614   0.460416259619E+07   0.323906634285E+07   0.162618135872E+01
       1632   0.459999379880E+07   0.324399113617E+07   0.164617399700E+01
       1631   0.460063307971E+07   0.324398301029E+07   0.164502610688E+01
       1635   0.459998776704E+07   0.324457691121E+07   0.164638484982E+01
       1609   0.460616131092E+07   0.324046853091E+07   0.161838460397E+01
       1604   0.460781802675E+07   0.323809494672E+07   0.161796357295E+01
       1646   0.459880232420E+07   0.324685099619E+07   0.165485103992E+01
       1644   0.459875682983E+07   0.324623312022E+07   0.165314901768E+01
       1610   0.460366907740E+07   0.324403897130E+07   0.164020559816E+01
       1615   0.460464846529E+07   0.324250837301E+07   0.163047740800E+01
       1607   0.460465401425E+07   0.324379956713E+07   0.162895330407E+01
       1640   0.459957046228E+07   0.324544757335E+07   0.164931116024E+01
       1637   0.459951733570E+07   0.324470078907E+07   0.164763920617E+01
       1619   0.460172661124E+07   0.324124459547E+07   0.164861344994E+01
       1602   0.460222594378E+07   0.323926586046E+07   0.164890386669E+01
       1601   0.460277332054E+07   0.323841208701E+07   0.164116239713E+01
       1536   0.460598750877E+07   0.323214916343E+07   0.161926137584E+01
       1537   0.460490248489E+07   0.323313809166E+07   0.162161680893E+01
       1559   0.460586046511E+07   0.323332059711E+07   0.161848496690E+01
       1500   0.461470033822E+07   0.322441879024E+07   0.161057147149E+01
       1459   0.461538030348E+07   0.322179185197E+07   0.160796258474E+01
       1465   0.460825854942E+07   0.322948467096E+07   0.162546795703E+01
       1505   0.460816847077E+07   0.323015874906E+07   0.162495748084E+01
       1504   0.460764894310E+07   0.323036693533E+07   0.162523191754E+01
       1265   0.461946680814E+07   0.321437642286E+07   0.159543835008E+01
       1266   0.461986599466E+07   0.321356791201E+07   0.159564802512E+01
       1299   0.462037381748E+07   0.321383742013E+07   0.159420805850E+01
       1552   0.461986760159E+07   0.323013008807E+07   0.160652570737E+01
       1458   0.461383803205E+07   0.322331624106E+07   0.161105679446E+01
       1499   0.461270345731E+07   0.322549316427E+07   0.161381932873E+01
       1457   0.461239785602E+07   0.322424539501E+07   0.161322309915E+01
       1412   0.461508112463E+07   0.322043403407E+07   0.160658234724E+01
       1327   0.461665066580E+07   0.321795482084E+07   0.160317102982E+01
       1466   0.460878592238E+07   0.322932097313E+07   0.161987401907E+01
       1539   0.460449318590E+07   0.323442385535E+07   0.162365884329E+01
       1364   0.460885467642E+07   0.322719823922E+07   0.161044178664E+01
       1339   0.460838603648E+07   0.322700642814E+07   0.161619103246E+01
       1326   0.460908519828E+07   0.322633034493E+07   0.161136508589E+01
       1531   0.461312285736E+07   0.322710799400E+07   0.161533743548E+01
       1177   0.462147035411E+07   0.321005920164E+07   0.159778563503E+01
       1179   0.462228658344E+07   0.320945630691E+07   0.159515906465E+01
       1226   0.462168947195E+07   0.321045146114E+07   0.159823680668E+01
       1229   0.461982710432E+07   0.321294017104E+07   0.159534507827E+01
       1225   0.461929011940E+07   0.321374929471E+07   0.159482695453E+01
       1510   0.460686475539E+07   0.323106140168E+07   0.161928136562E+01
       1470   0.460671632363E+07   0.323057053023E+07   0.161869313215E+01
       1471   0.460741586734E+07   0.323000934731E+07   0.161737323441E+01
       1184   0.462593258137E+07   0.320605732727E+07   0.157587059878E+01
       1188   0.462561928591E+07   0.320682091698E+07   0.157614666917E+01
       1124   0.462531443766E+07   0.320641208974E+07   0.159722326129E+01
       1053   0.462503239512E+07   0.320557113558E+07   0.157945045948E+01
        992   0.462443521224E+07   0.320574529561E+07   0.158134394155E+01
       1051   0.462383536310E+07   0.320660231104E+07   0.158024551843E+01
       1052   0.462442183999E+07   0.320631424586E+07   0.157954645966E+01
       1121   0.462403447857E+07   0.320708895725E+07   0.158702443527E+01
       1178   0.462302556639E+07   0.320874754574E+07   0.159373305095E+01
       1227   0.462285800587E+07   0.320941050490E+07   0.159206577890E+01
       1181   0.462097216315E+07   0.321081299276E+07   0.159898939046E+01
       1123   0.462482393980E+07   0.320642038302E+07   0.158027734562E+01
       1125   0.462647851397E+07   0.320382477237E+07   0.157759845199E+01
       1058   0.462708231556E+07   0.320276135917E+07   0.157743390063E+01
       1128   0.462726414530E+07   0.320334891112E+07   0.157805143643E+01
       1187   0.462512536524E+07   0.320665719217E+07   0.158340536706E+01
       1186   0.462436712628E+07   0.320737070293E+07   0.159061580330E+01
       1419   0.462581903390E+07   0.321366526980E+07   0.159227041126E+01
       1300   0.462227659573E+07   0.321139559010E+07   0.159752459231E+01
       1270   0.462147151542E+07   0.321174299346E+07   0.160029402148E+01
       1267   0.462189510631E+07   0.321089059583E+07   0.159856801132E+01
       1230   0.462109900386E+07   0.321142713459E+07   0.159930977399E+01
       1302   0.462326586978E+07   0.321105037676E+07   0.159568507301E+01
       1334   0.462382762957E+07   0.321173455864E+07   0.159434576277E+01
       1333   0.462246419319E+07   0.321238490862E+07   0.159491920926E+01
       1269   0.462046159321E+07   0.321272106041E+07   0.159464427890E+01
       1180   0.461901832346E+07   0.321328653631E+07   0.159640352758E+01
       1330   0.461909207141E+07   0.321611892480E+07   0.159508631636E+01
       1296   0.461880552051E+07   0.321536609584E+07   0.159777877563E+01
       1298   0.461960064592E+07   0.321499442392E+07   0.159394604386E+01
       1295   0.461772013964E+07   0.321684720740E+07   0.160130667387E+01
       1331   0.462030278990E+07   0.321513265207E+07   0.158851930331E+01
       1263   0.461890458520E+07   0.321451942695E+07   0.159584539193E+01
       1530   0.461117755922E+07   0.322917809614E+07   0.161364139404E+01
       1460   0.461730783029E+07   0.322036488165E+07   0.160395076001E+01
       1503   0.462233902295E+07   0.322124101747E+07   0.159230031109E+01
       1418   0.462310002646E+07   0.321556928407E+07   0.158645146055E+01
       1372   0.462139849573E+07   0.321539621164E+07   0.158446157267E+01
       1373   0.462282041416E+07   0.321360524528E+07   0.159507577310E+01
       1371   0.461980031926E+07   0.321666464931E+07   0.158679581154E+01
       1233   0.462316816216E+07   0.320969115523E+07   0.159037444884E+01
       1271   0.462298400005E+07   0.321049250912E+07   0.159554821768E+01
       1268   0.462255876718E+07   0.321033165825E+07   0.159581928336E+01
       1417   0.462068878608E+07   0.321751788113E+07   0.158356306972E+01
       1332   0.462143126063E+07   0.321383425340E+07   0.159354079909E+01
       1307   0.462875639128E+07   0.320634106342E+07   0.157921438632E+01
       1308   0.463012244462E+07   0.320647242386E+07   0.158090928637E+01
       1313   0.463084832438E+07   0.321016593468E+07   0.158382200564E+01
       1398   0.463024696034E+07   0.321417783458E+07   0.159078944946E+01
       1463   0.462426755253E+07   0.321729082854E+07   0.159108523180E+01
       1374   0.462460101999E+07   0.321269981079E+07   0.159146728977E+01
       1316   0.463324875797E+07   0.321076114375E+07   0.159680088408E+01
       1353   0.463192000366E+07   0.321240057000E+07   0.159146659923E+01
       1315   0.463207019713E+07   0.321082790650E+07   0.159653567761E+01
       1399   0.463167598026E+07   0.321465077371E+07   0.159314591436E+01
       1401   0.463621450817E+07   0.321380039262E+07   0.159300592054E+01
       1403   0.463815732560E+07   0.322158686804E+07   0.159537004959E+01
       1314   0.463093637379E+07   0.321122225083E+07   0.157842966732E+01
       1491   0.462593989706E+07   0.321902344331E+07   0.158844844246E+01
       1447   0.462931034218E+07   0.321720620628E+07   0.159209075143E+01
       1492   0.462773733512E+07   0.322119263727E+07   0.158905539268E+01
       1446   0.462824545016E+07   0.321591654102E+07   0.158922374765E+01
       1400   0.463366567195E+07   0.321404651071E+07   0.159281111036E+01
       1526   0.462336802568E+07   0.322406919090E+07   0.158499752294E+01
       1584   0.461094377779E+07   0.324002449773E+07   0.161668638187E+01
       1567   0.460908547905E+07   0.324411655420E+07   0.162151150634E+01
       1585   0.460787631034E+07   0.324309106181E+07   0.162084980766E+01
       1476   0.461744948725E+07   0.324299648449E+07   0.161918214414E+01
       1513   0.461792509028E+07   0.324057546715E+07   0.162217887158E+01
       1497   0.461998326326E+07   0.324042286680E+07   0.161711692953E+01
       1516   0.461222148132E+07   0.324731949601E+07   0.161894624718E+01
       1484   0.461105134161E+07   0.324965340252E+07   0.162228124343E+01
       1451   0.463265823251E+07   0.322949010488E+07   0.159812948055E+01
       1546   0.460740756984E+07   0.324719292821E+07   0.162292285671E+01
       1547   0.460950117264E+07   0.324640074332E+07   0.162327315477E+01
       1477   0.461554055360E+07   0.324478512872E+07   0.162087570535E+01
       1514   0.461576949684E+07   0.324266581115E+07   0.162192854626E+01
       1544   0.461172976202E+07   0.324556220347E+07   0.162065590816E+01
       1565   0.461159240402E+07   0.324284093629E+07   0.162107191421E+01
       1543   0.461392424148E+07   0.324246023935E+07   0.162112518366E+01
       1529   0.461998297380E+07   0.323715815381E+07   0.161795673538E+01
       1598   0.460360520555E+07   0.324474205742E+07   0.163771651520E+01
       1594   0.460395460797E+07   0.324498875706E+07   0.163622948884E+01
       1589   0.460933339926E+07   0.323508676032E+07   0.161640104153E+01
       1588   0.460782879500E+07   0.323445185899E+07   0.161942464714E+01
       1571   0.460928737154E+07   0.323281275157E+07   0.161851333038E+01
       1590   0.461065374680E+07   0.323698684748E+07   0.161480615161E+01
       1597   0.460800704664E+07   0.324056772566E+07   0.161782520883E+01
       1583   0.460578936890E+07   0.324531213114E+07   0.162538933704E+01
       1566   0.460678475911E+07   0.324591083556E+07   0.162445766396E+01
       1562   0.460536289600E+07   0.324712535611E+07   0.162540735166E+01
       1629   0.460143855338E+07   0.324381320881E+07   0.164357578350E+01
       1626   0.460202037083E+07   0.324412462095E+07   0.164325192166E+01
       1630   0.460121225043E+07   0.324477679192E+07   0.164380191175E+01
       1442   0.460219229456E+07   0.324936364767E+07   0.162702482921E+01
       1487   0.460284553444E+07   0.324845035387E+07   0.162831242535E+01
       1441   0.460282916220E+07   0.324916663918E+07   0.162670579755E+01
       1627   0.460142974040E+07   0.324291800583E+07   0.164425884896E+01
       1621   0.460373943676E+07   0.324219189923E+07   0.164145701087E+01
       1616   0.460481795623E+07   0.324094167841E+07   0.162739313900E+01
       1472   0.460347377859E+07   0.324818430611E+07   0.162895931636E+01
       1652   0.460123956094E+07   0.325213100003E+07   0.162875050261E+01
       1393   0.460063018295E+07   0.325173284152E+07   0.163084267195E+01
       1394   0.460143858969E+07   0.325103998083E+07   0.162814825922E+01
       1639   0.460018213718E+07   0.324616925728E+07   0.164728916500E+01
       1638   0.460018729682E+07   0.324543764294E+07   0.164701577503E+01
       1475   0.460350124774E+07   0.324904890778E+07   0.162666544136E+01
       1344   0.460054150054E+07   0.325459691558E+07   0.162835620674E+01
       1427   0.460209025397E+07   0.325184985498E+07   0.162846840001E+01
       1426   0.460205800237E+07   0.325098712352E+07   0.162755644438E+01
       1474   0.460275203551E+07   0.325074815705E+07   0.162814229620E+01
       1438   0.460353403196E+07   0.325271561402E+07   0.162567815423E+01
       1440   0.460452727951E+07   0.325370923917E+07   0.162373536951E+01
       1515   0.461384566997E+07   0.324492843982E+07   0.161860168673E+01
       1483   0.460902588796E+07   0.325233133260E+07   0.162347441492E+01
       1519   0.460593693767E+07   0.324941062568E+07   0.162191924683E+01
       1324   0.461629947284E+07   0.325043981056E+07   0.161447388233E+01
       1363   0.461895141683E+07   0.324906135711E+07   0.161196898957E+01
       1325   0.461626036452E+07   0.325288657034E+07   0.161515784749E+01
       1362   0.461769190682E+07   0.324803052112E+07   0.161434808360E+01
       1361   0.461617771780E+07   0.324851496371E+07   0.161908360111E+01
       1404   0.461750617341E+07   0.324626988799E+07   0.161884811692E+01
        987   0.467036330700E+07   0.317470102315E+07   0.158005522259E+01
       1108   0.466791092805E+07   0.317832293943E+07   0.158184354428E+01
       1172   0.466545444245E+07   0.318031098750E+07   0.158096385226E+01
       1105   0.466485974993E+07   0.317940378475E+07   0.157899989895E+01
        982   0.466481228961E+07   0.317713693196E+07   0.157429119547E+01
        985   0.466698138309E+07   0.317688656087E+07   0.158560968604E+01
        980   0.466384776702E+07   0.317695705148E+07   0.157497805114E+01
        918   0.466440738098E+07   0.317604734605E+07   0.157489768573E+01
        919   0.466454979115E+07   0.317644185497E+07   0.157397579827E+01
       1106   0.466591733767E+07   0.317890129559E+07   0.158012114105E+01
        823   0.466552734037E+07   0.317510057984E+07   0.157486629251E+01
        824   0.466616993243E+07   0.317492094427E+07   0.157446371465E+01
        867   0.466565175710E+07   0.317572840929E+07   0.157422432127E+01
       1043   0.466588826424E+07   0.317783115736E+07   0.157902256018E+01
        983   0.466545430456E+07   0.317687741386E+07   0.157593672140E+01
        827   0.466801937898E+07   0.317366525754E+07   0.158592601138E+01
        870   0.466910395410E+07   0.317310728086E+07   0.158564723665E+01
        868   0.466726626733E+07   0.317491498475E+07   0.158614115576E+01
        825   0.466723610929E+07   0.317354159992E+07   0.158645905036E+01
        826   0.466815136324E+07   0.317246913254E+07   0.158581919585E+01
        793   0.466583919689E+07   0.317398120156E+07   0.157480790177E+01
        866   0.466504454784E+07   0.317577519656E+07   0.157458138566E+01
        795   0.466600068219E+07   0.317438678721E+07   0.157495206485E+01
        796   0.466659748123E+07   0.317408736611E+07   0.157452600818E+01
        759   0.466679693702E+07   0.317244648862E+07   0.157509824030E+01
        776   0.466615699517E+07   0.317262884076E+07   0.157573192816E+01
        966   0.466297814703E+07   0.317657812705E+07   0.157752587643E+01
        981   0.466426084021E+07   0.317718492349E+07   0.157377839085E+01
        965   0.466371521958E+07   0.317639535325E+07   0.157576156116E+01
        905   0.466426297545E+07   0.317563515216E+07   0.157635763287E+01
        920   0.466502305603E+07   0.317635948431E+07   0.157404916741E+01
        974   0.466022099793E+07   0.317754759674E+07   0.158380005324E+01
        864   0.465872247734E+07   0.317745278380E+07   0.158473536744E+01
        863   0.465624885775E+07   0.317914172246E+07   0.157829461484E+01
        915   0.465576767797E+07   0.317993886651E+07   0.158140203887E+01
        916   0.465640578231E+07   0.317948781625E+07   0.157984806133E+01
        977   0.465702095602E+07   0.317953270657E+07   0.157819124760E+01
       1218   0.465973165388E+07   0.318412785137E+07   0.158353518405E+01
       1173   0.466668481245E+07   0.318012245032E+07   0.158132309526E+01
       1262   0.466161529762E+07   0.318754932039E+07   0.158086577029E+01
       1217   0.465062037540E+07   0.318933673150E+07   0.158459849543E+01
       1034   0.465446161596E+07   0.318195387026E+07   0.159136443284E+01
       1156   0.464908467403E+07   0.318683108182E+07   0.162843029921E+01
       1293   0.465650333176E+07   0.319500890021E+07   0.158542060419E+01
       1360   0.464224126274E+07   0.321569948268E+07   0.159628991767E+01
       1357   0.463964008619E+07   0.320961601056E+07   0.158627874415E+01
       1283   0.463315900745E+07   0.320981585224E+07   0.159795377333E+01
       1284   0.463416099127E+07   0.320898865258E+07   0.160088277459E+01
       1148   0.463563761350E+07   0.320497420514E+07   0.160422993939E+01
       1149   0.463625076999E+07   0.320419108276E+07   0.160111962473E+01
       1143   0.463372902069E+07   0.320714424047E+07   0.160312592082E+01
       1144   0.463318219248E+07   0.320795515155E+07   0.160536806599E+01
       1080   0.463420504008E+07   0.320646442969E+07   0.160263822373E+01
       1078   0.463324196857E+07   0.320728137440E+07   0.160630456749E+01
       1077   0.463372250949E+07   0.320645547287E+07   0.160351046379E+01
       1154   0.464189125898E+07   0.319675565474E+07   0.158665609128E+01
        810   0.464034398160E+07   0.319328124869E+07   0.157011005635E+01
       1089   0.464834853123E+07   0.318601587338E+07   0.166049455316E+01
        855   0.465387429719E+07   0.317942335657E+07   0.158031039964E+01
        820   0.465443899582E+07   0.317870826192E+07   0.158160352565E+01
        949   0.463766602409E+07   0.319914974971E+07   0.157342242469E+01
        950   0.463800185830E+07   0.319938999487E+07   0.157224362871E+01
        948   0.463777488933E+07   0.319845793786E+07   0.157490057340E+01
       1012   0.463707100851E+07   0.319929083928E+07   0.157426741306E+01
        892   0.463822336225E+07   0.319858524050E+07   0.157382845695E+01
        944   0.463866540493E+07   0.319616407901E+07   0.156868291626E+01
        947   0.463811721257E+07   0.319718932869E+07   0.156687530671E+01
       1066   0.463413564662E+07   0.319824587722E+07   0.157262259413E+01
       1245   0.463279425128E+07   0.320318139076E+07   0.157796533629E+01
       1197   0.463248325759E+07   0.320226043950E+07   0.157734985978E+01
       1137   0.463306383196E+07   0.320100377141E+07   0.157647271702E+01
       1136   0.463207841907E+07   0.320155735029E+07   0.158053021480E+01
       1131   0.463175830118E+07   0.320103823331E+07   0.158761510375E+01
       1244   0.463156620813E+07   0.320358188737E+07   0.158067588229E+01
       1072   0.463449892918E+07   0.320505290747E+07   0.159915103438E+01
       1079   0.463425278606E+07   0.320576529745E+07   0.160378855322E+01
       1015   0.463321216459E+07   0.320649160723E+07   0.160797596884E+01
       1016   0.463380001487E+07   0.320561788638E+07   0.160571644692E+01
       1282   0.463152391838E+07   0.320745158806E+07   0.157633907532E+01
       1309   0.463037130219E+07   0.320779075699E+07   0.157880039606E+01
       1190   0.462787437565E+07   0.320341090800E+07   0.157794203141E+01
       1277   0.462835458939E+07   0.320501435602E+07   0.157621447402E+01
       1132   0.463098439079E+07   0.320157265509E+07   0.159875690844E+01
       1133   0.463042421222E+07   0.320224673860E+07   0.160826068045E+01
       1335   0.462703808942E+07   0.320850832544E+07   0.157602397635E+01
       1375   0.462660286906E+07   0.321076016638E+07   0.158255804674E+01
       1336   0.462539618423E+07   0.321047790664E+07   0.158499980283E+01
       1234   0.462513049339E+07   0.320754527187E+07   0.158209176685E+01
       1191   0.462873777773E+07   0.320285833813E+07   0.157817245408E+01
       1304   0.462635997463E+07   0.320788359281E+07   0.157487360948E+01
       1055   0.462590539981E+07   0.320415851261E+07   0.157792637342E+01
       1272   0.462714664342E+07   0.320580158506E+07   0.157504798532E+01
       1061   0.462963056976E+07   0.320206239384E+07   0.157702236028E+01
       1059   0.462893607382E+07   0.320143921765E+07   0.157780362401E+01
       1000   0.462930993999E+07   0.320055167730E+07   0.157767263380E+01
       1069   0.463268310086E+07   0.320046250743E+07   0.157774689394E+01
        937   0.463065300008E+07   0.320014433392E+07   0.160709753072E+01
       1062   0.463221568638E+07   0.320005914766E+07   0.158412211302E+01
       1003   0.463167037770E+07   0.320007076370E+07   0.159340475365E+01
       1065   0.463297356651E+07   0.319940269061E+07   0.157992272899E+01
       1006   0.463323841385E+07   0.319821822860E+07   0.157410254823E+01
       1655   0.463511767305E+07   0.319683421801E+07   0.156903812607E+01
        942   0.463746995515E+07   0.319435343683E+07   0.156429178327E+01
        891   0.463825698823E+07   0.319400971392E+07   0.156189335682E+01
        903   0.464206403500E+07   0.319055194955E+07   0.160727542580E+01
        851   0.464178816591E+07   0.318922471515E+07   0.158528034140E+01
        819   0.464102629524E+07   0.319106178109E+07   0.158288098618E+01
        843   0.463899336185E+07   0.319366240999E+07   0.157298400101E+01
        890   0.463843627672E+07   0.319441840215E+07   0.156755985702E+01
        943   0.463846257321E+07   0.319570471519E+07   0.156904229359E+01
        886   0.463912897661E+07   0.319530317285E+07   0.156971220004E+01
        887   0.463976314335E+07   0.319509154533E+07   0.157033663820E+01
        840   0.464063894903E+07   0.319377426239E+07   0.157044504197E+01
        963   0.464255671427E+07   0.319130634754E+07   0.159402783681E+01
        962   0.464287081181E+07   0.319003357829E+07   0.159461190127E+01
        961   0.464336928983E+07   0.318875148829E+07   0.158534195782E+01
        894   0.464845638660E+07   0.318299262149E+07   0.164231747307E+01
        893   0.464970788221E+07   0.318226757625E+07   0.160684259304E+01
        897   0.464356454921E+07   0.318617957308E+07   0.156813533729E+01
        846   0.464428394891E+07   0.318442850249E+07   0.156594730084E+01
        901   0.464266642268E+07   0.318800355304E+07   0.157755709030E+01
        848   0.464203987378E+07   0.318695931343E+07   0.156677074967E+01
        845   0.464313855679E+07   0.318540984228E+07   0.156934375287E+01
        876   0.462806697129E+07   0.319965107128E+07   0.158127038448E+01
        831   0.462505463498E+07   0.320138092159E+07   0.158549016497E+01
       1054   0.462622900903E+07   0.320327481658E+07   0.157786713106E+01
        799   0.462513341839E+07   0.320070832107E+07   0.158728783239E+01
        873   0.462470726883E+07   0.320289557395E+07   0.158520943136E+01
        829   0.462412128209E+07   0.320313144368E+07   0.158710458622E+01
        830   0.462362847023E+07   0.320383341956E+07   0.158855103860E+01
        930   0.462454004668E+07   0.320498462077E+07   0.158286147531E+01
       1126   0.462599138010E+07   0.320457523206E+07   0.158085872474E+01
       1120   0.462523777646E+07   0.320589316729E+07   0.160042802562E+01
       1183   0.462593196795E+07   0.320539632370E+07   0.157763662451E+01
        925   0.462402198162E+07   0.320512148052E+07   0.158461783150E+01
        990   0.462393356741E+07   0.320583077998E+07   0.158285975483E+01
       1117   0.462041391581E+07   0.321100740096E+07   0.160003800583E+01
       1050   0.461923078915E+07   0.321225082367E+07   0.160041050520E+01
       1048   0.461924079253E+07   0.321150829025E+07   0.160061692709E+01
       1174   0.461824955844E+07   0.321365279694E+07   0.160178407094E+01
       1224   0.461790468150E+07   0.321454667301E+07   0.160238915760E+01
       1175   0.461750526290E+07   0.321422755342E+07   0.160357263465E+01
       1111   0.461676161556E+07   0.321470275695E+07   0.160424843872E+01
       1176   0.461707348698E+07   0.321516398706E+07   0.160332233910E+01
       1110   0.461756755257E+07   0.321345509653E+07   0.160254025913E+01
       1109   0.461832930236E+07   0.321285026356E+07   0.160260548945E+01
       1395   0.460868428468E+07   0.322798716673E+07   0.161294430061E+01
       1420   0.460824546300E+07   0.322886094406E+07   0.162566251898E+01
       1377   0.460817764289E+07   0.322784190558E+07   0.162502388058E+01
       1423   0.460687004386E+07   0.322995373246E+07   0.161833949850E+01
       1421   0.460661786630E+07   0.322961879286E+07   0.162023437779E+01
       1379   0.460725952306E+07   0.322912124379E+07   0.161799447075E+01
       1378   0.460703925043E+07   0.322868467407E+07   0.162315054565E+01
       1556   0.460408299029E+07   0.323555070707E+07   0.162909846941E+01
       1469   0.460512338123E+07   0.323147489320E+07   0.162944397000E+01
       1422   0.460561288339E+07   0.323084568328E+07   0.162272879995E+01
       1507   0.460616118984E+07   0.323128219804E+07   0.161902205014E+01
       1467   0.460619302662E+07   0.323055196793E+07   0.161936706829E+01
       1506   0.460871082371E+07   0.322998106367E+07   0.162319684653E+01
       1538   0.460667484078E+07   0.323194379425E+07   0.162028435658E+01
       1628   0.460049063533E+07   0.324328481280E+07   0.164598595398E+01
       1636   0.460019780089E+07   0.324488521467E+07   0.164600397661E+01
       1641   0.459913188804E+07   0.324539620641E+07   0.164994021789E+01
       1633   0.460074488396E+07   0.324467988732E+07   0.164477370545E+01
       1586   0.460317350542E+07   0.324547397255E+07   0.163719522453E+01
       1587   0.460258908040E+07   0.324597126784E+07   0.164118567483E+01
       1599   0.460295589902E+07   0.324497808582E+07   0.164232977875E+01
       1634   0.460064808804E+07   0.324544582235E+07   0.164553127197E+01
       1622   0.460291803570E+07   0.324335078009E+07   0.164296690461E+01
       1624   0.460117900548E+07   0.324213491716E+07   0.164707191517E+01
       1550   0.460930162156E+07   0.323102511065E+07   0.161977922953E+01
       1525   0.460913244690E+07   0.323013509274E+07   0.162095376400E+01
       1464   0.460771581777E+07   0.322964988781E+07   0.163672927481E+01
       1572   0.461095596031E+07   0.323245984780E+07   0.161662488677E+01
       1524   0.461009201465E+07   0.322928289659E+07   0.161481859597E+01
       1551   0.461055727097E+07   0.323100751069E+07   0.161657984461E+01
       1498   0.461113571785E+07   0.322754653027E+07   0.161308426369E+01
       1367   0.461596300978E+07   0.321897340947E+07   0.160537179781E+01
       1456   0.461132362947E+07   0.322579863815E+07   0.161418257896E+01
       1411   0.461341052514E+07   0.322248893047E+07   0.161152697951E+01
       1413   0.461432599364E+07   0.322151371147E+07   0.160939469693E+01
       1408   0.461031689155E+07   0.322615831912E+07   0.161392409712E+01
       1407   0.460943068526E+07   0.322735321377E+07   0.161127446870E+01
       1409   0.461106892307E+07   0.322443852730E+07   0.161418358674E+01
       1366   0.460992142957E+07   0.322574960294E+07   0.161417920618E+01
       1365   0.460948271613E+07   0.322662208028E+07   0.161198714249E+01
       1410   0.461238416235E+07   0.322321387320E+07   0.161364991613E+01
       1424   0.460731931581E+07   0.322958010826E+07   0.161836266438E+01
       1112   0.461632016521E+07   0.321565327203E+07   0.160516844090E+01
       1223   0.461858636542E+07   0.321415491504E+07   0.159837462203E+01
       1264   0.461827965670E+07   0.321512108544E+07   0.160469934525E+01
       1297   0.461837044651E+07   0.321624664543E+07   0.159929795248E+01
       1294   0.461721896790E+07   0.321715153427E+07   0.160273397464E+01
       1301   0.462134713798E+07   0.321269246737E+07   0.159543310633E+01
       1049   0.461993352961E+07   0.321079600040E+07   0.159988787020E+01
       1115   0.462073328882E+07   0.321023595211E+07   0.159941449007E+01
        989   0.461866857145E+07   0.321215987611E+07   0.160144556788E+01
        875   0.462385855237E+07   0.320466180237E+07   0.158539772476E+01
       1113   0.462209155417E+07   0.320910663451E+07   0.159610355999E+01
       1114   0.462273089545E+07   0.320845019449E+07   0.159490306373E+01
        991   0.462333157877E+07   0.320655666982E+07   0.158432054636E+01
        926   0.462346130230E+07   0.320577194326E+07   0.158509958890E+01
       1119   0.462559917971E+07   0.320511121822E+07   0.158798336726E+01
       1228   0.462227951454E+07   0.321004887805E+07   0.159650350234E+01
       1237   0.462453268050E+07   0.320818002979E+07   0.159257298844E+01
       1276   0.462459130955E+07   0.320907677808E+07   0.159110215733E+01
       1236   0.462388498771E+07   0.320906791121E+07   0.160962316730E+01
       1122   0.462372486158E+07   0.320788727609E+07   0.158704979533E+01
       1232   0.462629565604E+07   0.320631034816E+07   0.157375923766E+01
       1303   0.462743340750E+07   0.320668217010E+07   0.157571549073E+01
       1306   0.462551016981E+07   0.320910426237E+07   0.157867994639E+01
       1305   0.462438823122E+07   0.321021636718E+07   0.159466608341E+01
       1274   0.462371844815E+07   0.320991818565E+07   0.160999377137E+01
       1185   0.462358061820E+07   0.320884351721E+07   0.158130122517E+01
       1370   0.461858597979E+07   0.321745065292E+07   0.159824820987E+01
       1416   0.461886021291E+07   0.321847588785E+07   0.159549157559E+01
       1596   0.460615324512E+07   0.324339588450E+07   0.162200218804E+01
       1608   0.460588437515E+07   0.324217268567E+07   0.162046790168E+01
       1511   0.460349112579E+07   0.324755245876E+07   0.162769486542E+01
       1573   0.461469704338E+07   0.323497176079E+07   0.162188760463E+01
       1564   0.461423676569E+07   0.323907953478E+07   0.162348558752E+01
       1383   0.461487496885E+07   0.324778941078E+07   0.162250394671E+01
       1431   0.461528711825E+07   0.324646128231E+07   0.162189870756E+01
       1382   0.461600937236E+07   0.324709831628E+07   0.162160219557E+01
       1542   0.461654975333E+07   0.323951400933E+07   0.162528507759E+01
       1553   0.461817499053E+07   0.323528944699E+07   0.162057873876E+01
       1462   0.462150137229E+07   0.321898616199E+07   0.158766840532E+01
       1428   0.461678630283E+07   0.324522018147E+07   0.162082276177E+01
       1454   0.462216345023E+07   0.324109175725E+07   0.161194481500E+01
       1452   0.462714129776E+07   0.323738923040E+07   0.160968191003E+01
       1453   0.461897051256E+07   0.324352405122E+07   0.161775319862E+01
       1406   0.462234284027E+07   0.324423654444E+07   0.161341875027E+01
       1405   0.461953377831E+07   0.324549251853E+07   0.161380179965E+01
       1381   0.461506922181E+07   0.324863596291E+07   0.162044043749E+01
       1380   0.461405029233E+07   0.324989848403E+07   0.161965883529E+01
       1430   0.461435956200E+07   0.324834142296E+07   0.161898190103E+01
       1343   0.461480583090E+07   0.325045597936E+07   0.161763971921E+01
       1479   0.461399100703E+07   0.324667950498E+07   0.161910335462E+01
       1478   0.461315184723E+07   0.324857882067E+07   0.161807614238E+01
       1429   0.461315029752E+07   0.324986986712E+07   0.161861030404E+01
       1432   0.461442933641E+07   0.324759514778E+07   0.161983044231E+01
       1437   0.461160215620E+07   0.325100480973E+07   0.161983658241E+01
       1342   0.461408828580E+07   0.325307104334E+07   0.161701769527E+01
       1387   0.461278592017E+07   0.325189391611E+07   0.161822913981E+01
       1341   0.461321118268E+07   0.325720899656E+07   0.161998875722E+01
       1436   0.461064627494E+07   0.325330799567E+07   0.161921671225E+01
       1386   0.461144750028E+07   0.325508296103E+07   0.162233016549E+01
       1435   0.460821718628E+07   0.325600025289E+07   0.162210988191E+01
       1485   0.460547283273E+07   0.325142044895E+07   0.162193152479E+01
       1545   0.460546038768E+07   0.324823464573E+07   0.162453853000E+01
       1434   0.460287702325E+07   0.325137777505E+07   0.162792329503E+01
       1518   0.460415841312E+07   0.324948864416E+07   0.162564081327E+01
       1541   0.460412405391E+07   0.324867545216E+07   0.162484108587E+01
       1482   0.460453578010E+07   0.325106930288E+07   0.162446792904E+01
       1563   0.460452982311E+07   0.324715011615E+07   0.162688503213E+01
       1512   0.460330446725E+07   0.324983432141E+07   0.162655241844E+01
       1473   0.460270066647E+07   0.324996838342E+07   0.162646106223E+01
       1595   0.460482426585E+07   0.324485723521E+07   0.162794154970E+01
       1581   0.460378200944E+07   0.324574891583E+07   0.164294435458E+01
       1582   0.460453115717E+07   0.324607180143E+07   0.163010723854E+01
       1517   0.460462100585E+07   0.324997845033E+07   0.162498471315E+01
       1561   0.460330412120E+07   0.324648141687E+07   0.163301993924E+01
       1548   0.460273503046E+07   0.324703407832E+07   0.163138723813E+01
       1568   0.460281182284E+07   0.324637315170E+07   0.163458802690E+01
       1522   0.460273500083E+07   0.324778889186E+07   0.162772965350E+01
       1540   0.460331848607E+07   0.324702956825E+07   0.162587430108E+01
       1580   0.460330583532E+07   0.324585169803E+07   0.163725606375E+01
       1617   0.460371720359E+07   0.324329337149E+07   0.164235856921E+01
       1569   0.460214723899E+07   0.324694612309E+07   0.163675484065E+01
       1549   0.460217176005E+07   0.324766656575E+07   0.163180418224E+01
       1488   0.460229295155E+07   0.324866270652E+07   0.162713625767E+01
       1481   0.460355184122E+07   0.325048700424E+07   0.162696580390E+01
       1425   0.460208020551E+07   0.325012328912E+07   0.162626699676E+01
       1489   0.460171505909E+07   0.324930595189E+07   0.162763368034E+01
       1443   0.460135002581E+07   0.325028978290E+07   0.162765227217E+01
       1523   0.460196506760E+07   0.324843724409E+07   0.162780783144E+01
       1349   0.460031091843E+07   0.325274602354E+07   0.163083635719E+01
       1340   0.460060237399E+07   0.325342943742E+07   0.162954737955E+01
       1346   0.460073747489E+07   0.325553945599E+07   0.162716369426E+01
       1480   0.460359597137E+07   0.325135140567E+07   0.162675860128E+01
       1310   0.460049383544E+07   0.325667085189E+07   0.162625482515E+01
       1311   0.460025655969E+07   0.325789342125E+07   0.162584028299E+01
       1345   0.460887867436E+07   0.326311189168E+07   0.162513850265E+01
       1385   0.460888352532E+07   0.325884874010E+07   0.162329521084E+01
