         834           2
        741   0.463001795539E+07   0.318728553607E+07   0.159509254127E+01
        750   0.463251610674E+07   0.318610315983E+07   0.159119291036E+01
        754   0.463123101790E+07   0.318921004234E+07   0.160983205309E+01
        629   0.461869262832E+07   0.318177107465E+07   0.162694969510E+01
        609   0.461606312089E+07   0.318323567471E+07   0.163136729132E+01
        600   0.461771607854E+07   0.318018424336E+07   0.161234577254E+01
        535   0.461583614639E+07   0.317628363820E+07   0.160978251420E+01
        513   0.461536194138E+07   0.317529394330E+07   0.163574215030E+01
        514   0.461622538316E+07   0.317501939237E+07   0.162387249384E+01
        679   0.462233777128E+07   0.319435869975E+07   0.160694957428E+01
        650   0.462094209961E+07   0.319483505759E+07   0.161239116236E+01
        676   0.462174764828E+07   0.319266754129E+07   0.160622346046E+01
        644   0.463411086824E+07   0.317417353579E+07   0.158086269940E+01
        672   0.463291531443E+07   0.317563723705E+07   0.157889573524E+01
        643   0.463350599702E+07   0.317374384420E+07   0.158284910935E+01
        727   0.462780363713E+07   0.318651562580E+07   0.158989315971E+01
        729   0.462768109438E+07   0.318957030388E+07   0.160108905159E+01
        686   0.463486036721E+07   0.317779255351E+07   0.157004337305E+01
        675   0.463454569642E+07   0.317676200066E+07   0.157805283604E+01
        659   0.463579431272E+07   0.317580147128E+07   0.157549536824E+01
        453   0.459719425163E+07   0.319317890036E+07   0.171154795117E+01
        469   0.459832161216E+07   0.319231128249E+07   0.171481152194E+01
        454   0.459759738095E+07   0.319375633136E+07   0.170969888103E+01
        122   0.456111757527E+07   0.317732588704E+07   0.175326529521E+01
        102   0.456162788486E+07   0.317519823206E+07   0.174754599950E+01
        123   0.456273674152E+07   0.317512986369E+07   0.174761017697E+01
        602   0.462346843555E+07   0.317539816016E+07   0.159403072549E+01
        630   0.462288013289E+07   0.317737152588E+07   0.159516362723E+01
        601   0.462247084728E+07   0.317607908203E+07   0.159437390522E+01
        742   0.462897321614E+07   0.319064231150E+07   0.161137741679E+01
        751   0.463443783683E+07   0.318442857053E+07   0.157432556637E+01
        736   0.463494269979E+07   0.318267524856E+07   0.157809800090E+01
        739   0.463587164041E+07   0.318259712823E+07   0.157777097499E+01
        437   0.460771850819E+07   0.317759540259E+07   0.171137863228E+01
        458   0.460685999522E+07   0.317800765004E+07   0.166829333966E+01
        436   0.460757769810E+07   0.317709747511E+07   0.169410487350E+01
        414   0.459776047068E+07   0.317964491753E+07   0.168363750926E+01
        413   0.459611491969E+07   0.317974489056E+07   0.168387366393E+01
        402   0.459809267633E+07   0.317773987149E+07   0.168568476401E+01
        179   0.456545624188E+07   0.318082398986E+07   0.175380839365E+01
        197   0.456789360560E+07   0.317837240406E+07   0.174605306648E+01
        198   0.456730837696E+07   0.318096446312E+07   0.175499404965E+01
        502   0.460189348034E+07   0.318976383514E+07   0.170657615176E+01
        504   0.460174050937E+07   0.319216610711E+07   0.171252745916E+01
        486   0.460035032951E+07   0.319216162870E+07   0.171474991071E+01
        266   0.458049498803E+07   0.317404184832E+07   0.170793972991E+01
        247   0.458050358076E+07   0.317225330237E+07   0.170292852827E+01
        248   0.458161576404E+07   0.317225583822E+07   0.170360289532E+01
        355   0.458598461835E+07   0.318895142205E+07   0.172959469446E+01
        340   0.458527857686E+07   0.318899769553E+07   0.173227997590E+01
        354   0.458589589574E+07   0.318782995792E+07   0.172609397829E+01
        276   0.457513459671E+07   0.318387854460E+07   0.172600343078E+01
        291   0.457732644624E+07   0.318223296248E+07   0.171201470767E+01
        278   0.457612065493E+07   0.318447856826E+07   0.171916077737E+01
        263   0.457462019636E+07   0.318552879217E+07   0.172454201975E+01
        244   0.457364687758E+07   0.318640870583E+07   0.172264446925E+01
        260   0.457337515398E+07   0.318556917281E+07   0.173314126495E+01
        527   0.460539399726E+07   0.319596555232E+07   0.169667350217E+01
        509   0.460465881231E+07   0.319756099026E+07   0.170704591844E+01
        508   0.460413917789E+07   0.319670584120E+07   0.168874624799E+01
        468   0.459798231903E+07   0.319139059336E+07   0.171772179505E+01
        752   0.463757096730E+07   0.318287591282E+07   0.155948899524E+01
        764   0.463795480017E+07   0.318378216484E+07   0.156451080528E+01
        768   0.463632772206E+07   0.318527081637E+07   0.156724759116E+01
        662   0.463605180110E+07   0.317903197810E+07   0.157370822010E+01
        688   0.463586333143E+07   0.317971940900E+07   0.157882499212E+01
        687   0.463525198886E+07   0.317958086625E+07   0.156879656394E+01
        753   0.463581641033E+07   0.318412703848E+07   0.157525634170E+01
        740   0.463688110917E+07   0.318232840691E+07   0.157311092164E+01
        848   0.464203987378E+07   0.318695931343E+07   0.156677074967E+01
        813   0.464088329503E+07   0.318642581727E+07   0.156827530272E+01
        814   0.464224794097E+07   0.318527759585E+07   0.156690537248E+01
        728   0.463051956435E+07   0.318400127409E+07   0.158368644114E+01
        767   0.463400758662E+07   0.318685317243E+07   0.158494785780E+01
        769   0.463299464477E+07   0.318948563092E+07   0.160512625757E+01
        723   0.463472853518E+07   0.318174215858E+07   0.158084090823E+01
        735   0.463370183043E+07   0.318362281433E+07   0.158263287356E+01
        722   0.463355775895E+07   0.318239478479E+07   0.157598326993E+01
        706   0.463426925131E+07   0.318089447999E+07   0.156858748823E+01
        642   0.462852007888E+07   0.317589273566E+07   0.157799536491E+01
        619   0.462937901957E+07   0.317413772367E+07   0.157896798778E+01
        641   0.462994815725E+07   0.317500855224E+07   0.157918462503E+01
        660   0.463624241524E+07   0.317641200095E+07   0.157516030587E+01
        622   0.463283993108E+07   0.317332284770E+07   0.158656412475E+01
        645   0.463122527756E+07   0.317473706149E+07   0.158412221298E+01
        621   0.463208123180E+07   0.317309412477E+07   0.158585698587E+01
        607   0.462661950553E+07   0.317387368668E+07   0.158655737831E+01
        606   0.462535867456E+07   0.317521629873E+07   0.158931506549E+01
        584   0.462527982225E+07   0.317372293701E+07   0.159228131832E+01
        531   0.462112303315E+07   0.317506754891E+07   0.159159749447E+01
        533   0.462096030569E+07   0.317565413172E+07   0.159214836545E+01
        511   0.462048012512E+07   0.317552982608E+07   0.160490240420E+01
        638   0.461619873383E+07   0.319112537279E+07   0.164143137657E+01
        667   0.461907719159E+07   0.318718966341E+07   0.161851990863E+01
        668   0.461855126722E+07   0.319115418787E+07   0.162608623679E+01
        576   0.462221988369E+07   0.317512431733E+07   0.159464626805E+01
        560   0.462146797528E+07   0.317567791683E+07   0.159271016303E+01
        554   0.462160153638E+07   0.317499925308E+07   0.159344849714E+01
        526   0.460456043888E+07   0.319500273947E+07   0.170397180424E+01
        542   0.460523072810E+07   0.319236030222E+07   0.169083475122E+01
        543   0.460631957072E+07   0.319357937689E+07   0.169731999945E+01
        690   0.462298884343E+07   0.318338684715E+07   0.160082306839E+01
        691   0.462602768221E+07   0.318081709329E+07   0.158515646627E+01
        711   0.462565782990E+07   0.318470995430E+07   0.158462125962E+01
        715   0.462577837046E+07   0.319009474274E+07   0.159740568534E+01
        717   0.462584161098E+07   0.319211678019E+07   0.160522444072E+01
        623   0.461838310904E+07   0.319550456550E+07   0.163577055713E+01
        599   0.461797206952E+07   0.319677071969E+07   0.163697619258E+01
        598   0.461700146483E+07   0.319690584292E+07   0.163476270287E+01
        664   0.462265251439E+07   0.318014867503E+07   0.160046764779E+01
        631   0.462094862467E+07   0.317983467533E+07   0.160703781171E+01
        332   0.459295539972E+07   0.317397982103E+07   0.169087542342E+01
        350   0.459369226030E+07   0.317507735214E+07   0.168708233380E+01
        349   0.459228471304E+07   0.317595876420E+07   0.168595992866E+01
        323   0.458473571843E+07   0.318913762308E+07   0.172675397926E+01
        324   0.458453645828E+07   0.318976116127E+07   0.173637283782E+01
        435   0.460695441426E+07   0.317700216475E+07   0.182310201611E+01
        400   0.459743097918E+07   0.317709255419E+07   0.168639047636E+01
        399   0.459611516537E+07   0.317773632398E+07   0.168284054215E+01
        649   0.461984589692E+07   0.319458750068E+07   0.162443081993E+01
        624   0.461898125843E+07   0.319646042907E+07   0.163010347437E+01
        697   0.462366967102E+07   0.319143988924E+07   0.160461387965E+01
        712   0.462527685250E+07   0.318839830858E+07   0.159461300814E+01
        700   0.462421246718E+07   0.319282908472E+07   0.160435948489E+01
        693   0.462307774285E+07   0.318929783880E+07   0.159782443484E+01
        720   0.462714578225E+07   0.319533276380E+07   0.161366546675E+01
        719   0.462665137222E+07   0.319487075832E+07   0.161575737409E+01
        731   0.462783474288E+07   0.319337852098E+07   0.160738936984E+01
        730   0.462713017071E+07   0.319225936194E+07   0.161073268900E+01
        834   0.463301963140E+07   0.319561084159E+07   0.157268391575E+01
        881   0.463350061922E+07   0.319596476194E+07   0.157062143414E+01
        880   0.463259262867E+07   0.319684931754E+07   0.157089025707E+01
        732   0.462816580304E+07   0.319453160896E+07   0.160841399179E+01
        338   0.458503673448E+07   0.318834788522E+07   0.172783409724E+01
        392   0.459029051414E+07   0.319059591643E+07   0.171173917484E+01
        406   0.459121909603E+07   0.318843754137E+07   0.170256633953E+01
        407   0.459142929592E+07   0.319019180624E+07   0.171252741960E+01
        299   0.458642548526E+07   0.317468681367E+07   0.168913513640E+01
        288   0.458583209569E+07   0.317410367667E+07   0.168889014174E+01
        289   0.458682838109E+07   0.317340202668E+07   0.169075339464E+01
        348   0.459144210689E+07   0.317523938198E+07   0.169139831876E+01
        330   0.459074706705E+07   0.317427425069E+07   0.169092272888E+01
        331   0.459208417150E+07   0.317333502554E+07   0.169230127418E+01
        245   0.457421797213E+07   0.318679057163E+07   0.173028180016E+01
        333   0.458384849707E+07   0.318255335157E+07   0.170832032118E+01
        316   0.458176665317E+07   0.318471013415E+07   0.171731425977E+01
        315   0.458172774639E+07   0.318217942653E+07   0.170945982827E+01
        292   0.457783736883E+07   0.318376153360E+07   0.171081254893E+01
        302   0.457922000418E+07   0.318413634663E+07   0.171570562569E+01
        293   0.457759201206E+07   0.318565502666E+07   0.171867998662E+01
        347   0.458989715798E+07   0.317639993147E+07   0.169061345165E+01
        201   0.456828702646E+07   0.318213289497E+07   0.176661386606E+01
        215   0.456981999478E+07   0.317891101446E+07   0.174684976940E+01
        271   0.458502579245E+07   0.317345282134E+07   0.168711086891E+01
        269   0.458492890881E+07   0.317272853962E+07   0.168666558103E+01
        254   0.458571943572E+07   0.317255235275E+07   0.168856538771E+01
        216   0.457197267003E+07   0.317623143486E+07   0.173294932745E+01
        204   0.457354749310E+07   0.317382734415E+07   0.172648127687E+01
        219   0.457377353748E+07   0.317553113258E+07   0.172717580781E+01
        182   0.456847180766E+07   0.317572956112E+07   0.173943841539E+01
        178   0.456591740513E+07   0.317797984512E+07   0.174636334995E+01
        180   0.456560435753E+07   0.318279633459E+07   0.175706732433E+01
         47   0.455550052678E+07   0.317776538479E+07   0.176055465532E+01
         39   0.455428105567E+07   0.317781697684E+07   0.176176058923E+01
         40   0.455537806328E+07   0.317612992141E+07   0.175724407220E+01
        304   0.458033372587E+07   0.318675398881E+07   0.171433138773E+01
        303   0.457998835413E+07   0.318523775139E+07   0.171913842451E+01
          8   0.454660663406E+07   0.318356116435E+07   0.177345974159E+01
          1   0.454616222211E+07   0.318354828786E+07   0.177517780254E+01
          7   0.454668446845E+07   0.318288627145E+07   0.177458620253E+01
        243   0.457222310462E+07   0.318547202886E+07   0.173890166896E+01
        224   0.457140378403E+07   0.318652681632E+07   0.174266612519E+01
        223   0.457064756536E+07   0.318638724168E+07   0.174631999294E+01
        142   0.456328301229E+07   0.317651555729E+07   0.175089330300E+01
        158   0.456533854970E+07   0.317599652092E+07   0.174440239724E+01
        157   0.456367161000E+07   0.317844773321E+07   0.175383185147E+01
         64   0.455976779603E+07   0.317428602146E+07   0.175086539675E+01
         81   0.455936470314E+07   0.317566546716E+07   0.175183945291E+01
         63   0.455840797376E+07   0.317550267103E+07   0.175250257636E+01
         24   0.455132556773E+07   0.317954800145E+07   0.176607212564E+01
         25   0.455252611021E+07   0.317763292421E+07   0.176183631716E+01
         34   0.455289435925E+07   0.317878702102E+07   0.176515933148E+01
        124   0.456405428201E+07   0.317439330555E+07   0.174895207067E+01
        143   0.456510772261E+07   0.317452405813E+07   0.174595789945E+01
          5   0.454756721239E+07   0.318001273760E+07   0.177409537452E+01
         10   0.454749894872E+07   0.318089655520E+07   0.177479294799E+01
          3   0.454685221323E+07   0.318059843515E+07   0.177458315956E+01
         20   0.454966525631E+07   0.318015678381E+07   0.176827226350E+01
         23   0.455027029132E+07   0.318158195794E+07   0.176685037526E+01
         19   0.454861986274E+07   0.318219646696E+07   0.176992588664E+01
        258   0.457398342865E+07   0.317927570987E+07   0.172413450789E+01
        236   0.457190192094E+07   0.318065733273E+07   0.173781097479E+01
        235   0.457231544525E+07   0.317834403030E+07   0.173246202165E+01
         44   0.455414447856E+07   0.318243030829E+07   0.176858380146E+01
         37   0.455349900266E+07   0.318369058078E+07   0.176932995291E+01
         36   0.455307348976E+07   0.318285414983E+07   0.176975896485E+01
         33   0.455192846813E+07   0.318084245496E+07   0.176644229098E+01
         42   0.455381447169E+07   0.317968968479E+07   0.176518986478E+01
         58   0.455544010320E+07   0.317949860996E+07   0.176373093264E+01
         59   0.455542765173E+07   0.318133970018E+07   0.176517416902E+01
         60   0.455561765587E+07   0.318279148394E+07   0.176750994832E+01
         45   0.455454401482E+07   0.318332919537E+07   0.176875176937E+01
        135   0.456615949943E+07   0.317276197389E+07   0.174638715611E+01
        136   0.456737137936E+07   0.317157076616E+07   0.174250041715E+01
        152   0.456682600658E+07   0.317345683214E+07   0.174353055744E+01
        191   0.456894640034E+07   0.318539866994E+07   0.176247378317E+01
        176   0.456828849956E+07   0.318610882880E+07   0.176789421385E+01
        187   0.456840531959E+07   0.318527571255E+07   0.176812290847E+01
        342   0.458526663006E+07   0.319108882929E+07   0.172867970000E+01
        356   0.458617150381E+07   0.318983195960E+07   0.172440783081E+01
        357   0.458617286052E+07   0.319081340054E+07   0.173225970789E+01
        186   0.456818934233E+07   0.318462128561E+07   0.176795450963E+01
        172   0.456759546202E+07   0.318570294907E+07   0.177140837219E+01
        127   0.456052664780E+07   0.318260029763E+07   0.176468191268E+01
        110   0.455944672091E+07   0.318308435470E+07   0.176588360443E+01
        126   0.456003599649E+07   0.318148432210E+07   0.176105568655E+01
        339   0.458498690486E+07   0.318988769695E+07   0.173506761762E+01
        639   0.461725612751E+07   0.319399287337E+07   0.163130653219E+01
        616   0.461599046556E+07   0.319574100637E+07   0.163289966986E+01
        637   0.461596358746E+07   0.319384700686E+07   0.164161071342E+01
        470   0.459892806813E+07   0.319289780612E+07   0.171115118580E+01
        455   0.459791584456E+07   0.319457103554E+07   0.170600195231E+01
        363   0.459310777085E+07   0.317671495824E+07   0.168971114115E+01
        358   0.458667307101E+07   0.319125119297E+07   0.172479795091E+01
        375   0.458796401163E+07   0.318997832062E+07   0.171553968483E+01
        359   0.458708430400E+07   0.319195757983E+07   0.170921200052E+01
        636   0.461556379629E+07   0.318887964562E+07   0.164102626260E+01
        610   0.461415485261E+07   0.318694998527E+07   0.164208245402E+01
        635   0.461737748493E+07   0.318521359520E+07   0.163167295093E+01
        640   0.461870571470E+07   0.319369010501E+07   0.162986616428E+01
        669   0.462061151061E+07   0.319159108300E+07   0.161848002273E+01
        590   0.461389119409E+07   0.319724443488E+07   0.164873884777E+01
        612   0.461417976470E+07   0.319562531097E+07   0.165716831775E+01
        613   0.461495761100E+07   0.319593962455E+07   0.164577317497E+01
        680   0.462369353754E+07   0.319570401469E+07   0.161167381924E+01
        655   0.462265800915E+07   0.319645711354E+07   0.160876774982E+01
        681   0.462315996846E+07   0.319498900925E+07   0.160930885636E+01
         55   0.455598902989E+07   0.318524171150E+07   0.176787154101E+01
         54   0.455555788756E+07   0.318496801667E+07   0.176802829134E+01
         56   0.455630838939E+07   0.318456499398E+07   0.176739832294E+01
        940   0.463537323880E+07   0.319534363002E+07   0.156941943446E+01
       1655   0.463511767305E+07   0.319683421801E+07   0.156903812607E+01
       1007   0.463415004931E+07   0.319706270801E+07   0.156930728703E+01
        833   0.463235832173E+07   0.319639387447E+07   0.157297471400E+01
        800   0.463175785099E+07   0.319651687752E+07   0.157297708225E+01
        801   0.463225530287E+07   0.319576047698E+07   0.157323290666E+01
        762   0.463156786976E+07   0.319536509400E+07   0.158146041599E+01
        761   0.463097965559E+07   0.319585978308E+07   0.161098090721E+01
        746   0.463130254507E+07   0.319485378598E+07   0.161985933931E+01
        778   0.463142501267E+07   0.319612828211E+07   0.157329905284E+01
        781   0.463271325436E+07   0.319432182987E+07   0.157424590439E+01
        779   0.463215449867E+07   0.319518517275E+07   0.157144022372E+01
        763   0.463198449599E+07   0.319455978689E+07   0.157744395995E+01
        815   0.464039619150E+07   0.318842070045E+07   0.156027488613E+01
        838   0.463893139981E+07   0.319012125678E+07   0.155667199746E+01
        807   0.463900719148E+07   0.318828103850E+07   0.155887730197E+01
        784   0.463893254934E+07   0.318527717585E+07   0.156524442663E+01
        805   0.463744601904E+07   0.318791132252E+07   0.155877330094E+01
        783   0.463746919422E+07   0.318574344512E+07   0.157033251559E+01
        939   0.463408046655E+07   0.319619733965E+07   0.156971070715E+01
        804   0.463376608423E+07   0.319355202147E+07   0.157778009822E+01
        782   0.463310545470E+07   0.319334819752E+07   0.158289416356E+01
        803   0.463404787946E+07   0.319205991694E+07   0.157644050753E+01
        837   0.463709571814E+07   0.319057400051E+07   0.154373766805E+01
        941   0.463690420841E+07   0.319385731234E+07   0.156612999201E+01
        942   0.463746995515E+07   0.319435343683E+07   0.156429178327E+01
       1008   0.463631924901E+07   0.319578018093E+07   0.156817977999E+01
        839   0.463935604355E+07   0.319142393246E+07   0.155402687846E+01
        885   0.463851320447E+07   0.319284522244E+07   0.155941678543E+01
        884   0.463775793251E+07   0.319201843574E+07   0.155066042560E+01
        891   0.463825698823E+07   0.319400971392E+07   0.156189335682E+01
        789   0.464183945855E+07   0.318455136605E+07   0.156820594276E+01
        790   0.464289306983E+07   0.318350601125E+07   0.156322511338E+01
        765   0.463902630361E+07   0.318358567503E+07   0.156628702017E+01
        766   0.464010953377E+07   0.318329888988E+07   0.155784476030E+01
        747   0.463923174273E+07   0.318184604738E+07   0.156340522131E+01
        725   0.463687302077E+07   0.318107914591E+07   0.157141849541E+01
        724   0.463582182805E+07   0.318138222874E+07   0.157696057735E+01
        710   0.463650323174E+07   0.318063617878E+07   0.157861322329E+01
        787   0.463954160678E+07   0.318626940545E+07   0.156911464734E+01
        785   0.463533959176E+07   0.318807783811E+07   0.156917447885E+01
        788   0.464089433365E+07   0.318480598683E+07   0.156906112470E+01
        772   0.464025488810E+07   0.318432401965E+07   0.156538932116E+01
        773   0.464119930647E+07   0.318358184479E+07   0.156815865993E+01
        685   0.463520653735E+07   0.317867194441E+07   0.157040765750E+01
        704   0.463433121343E+07   0.317966257163E+07   0.156531212582E+01
        806   0.463553208758E+07   0.319020450739E+07   0.155200241114E+01
        786   0.463356663810E+07   0.319101342360E+07   0.158364449555E+01
        718   0.462666902539E+07   0.319384068018E+07   0.160965643225E+01
        836   0.463514551424E+07   0.319234812983E+07   0.155815625470E+01
        835   0.463416486285E+07   0.319432690448E+07   0.156835971716E+01
        755   0.463099264921E+07   0.319167579565E+07   0.160902266202E+01
        770   0.463215846878E+07   0.319156720693E+07   0.161824751268E+01
        756   0.463089094257E+07   0.319344205306E+07   0.160726305782E+01
        734   0.463211766262E+07   0.318422566544E+07   0.158457356328E+01
        714   0.463164430711E+07   0.318085733318E+07   0.157585453397E+01
        713   0.462919815165E+07   0.318238679645E+07   0.158187811309E+01
        620   0.463086122514E+07   0.317331976999E+07   0.158026694840E+01
        670   0.462955881120E+07   0.317682285683E+07   0.157865169875E+01
        671   0.462787411294E+07   0.317822555628E+07   0.158494238812E+01
        721   0.463279806292E+07   0.318169129172E+07   0.157462262929E+01
        708   0.463568968528E+07   0.318055378128E+07   0.157981129511E+01
        709   0.463632063611E+07   0.318018258384E+07   0.158115845709E+01
        689   0.463635853416E+07   0.317956959244E+07   0.157967753671E+01
        674   0.463349489536E+07   0.317658104638E+07   0.157848035048E+01
        696   0.463324433675E+07   0.317829983527E+07   0.157490911701E+01
        695   0.463137861495E+07   0.317866078797E+07   0.158027867965E+01
        694   0.462858886703E+07   0.318006995852E+07   0.157978198022E+01
        666   0.462677298199E+07   0.317765796787E+07   0.158632991566E+01
        665   0.462478949793E+07   0.317925694089E+07   0.159253592137E+01
        633   0.462606543975E+07   0.317618669445E+07   0.159160775954E+01
        608   0.462750584624E+07   0.317415459704E+07   0.158543476878E+01
        603   0.461977362805E+07   0.317887074714E+07   0.160169573922E+01
        634   0.462744538085E+07   0.317570716453E+07   0.158505913618E+01
        618   0.462842964889E+07   0.317424360989E+07   0.158073274559E+01
        605   0.462426664416E+07   0.317552593176E+07   0.159115903426E+01
        583   0.462432571528E+07   0.317443346334E+07   0.159399187618E+01
        673   0.463091557611E+07   0.317695144923E+07   0.157921371050E+01
        581   0.462157969449E+07   0.317633214035E+07   0.159041329669E+01
        578   0.462396040431E+07   0.317396171136E+07   0.159488706303E+01
        579   0.461896399631E+07   0.317794449485E+07   0.160497791181E+01
        575   0.461778352610E+07   0.317815842711E+07   0.161358882006E+01
        557   0.461903427716E+07   0.317651988153E+07   0.161405035145E+01
        577   0.462303965056E+07   0.317486315856E+07   0.159560446526E+01
        556   0.462299029392E+07   0.317399209604E+07   0.159626816649E+01
        604   0.462146033635E+07   0.317768205497E+07   0.159699530005E+01
        582   0.462079196674E+07   0.317725598847E+07   0.159606060032E+01
        632   0.462430195330E+07   0.317732257959E+07   0.158912619754E+01
        519   0.460661758624E+07   0.318313009321E+07   0.168292687483E+01
        501   0.460408711621E+07   0.318428384485E+07   0.168876122161E+01
        495   0.460585442088E+07   0.318152403375E+07   0.168374787689E+01
        534   0.461463380481E+07   0.317698939343E+07   0.162635088853E+01
        479   0.460893068638E+07   0.317873216535E+07   0.169314052113E+01
        497   0.461007139083E+07   0.317831812581E+07   0.166762376751E+01
        499   0.460870841825E+07   0.318044220355E+07   0.169832092791E+01
        541   0.460600862419E+07   0.318891799183E+07   0.167694141745E+01
        566   0.460975480026E+07   0.318607108716E+07   0.166518742647E+01
        567   0.460777880276E+07   0.319025871917E+07   0.167204790052E+01
        473   0.460596771527E+07   0.317965690644E+07   0.168165450982E+01
        483   0.460420457849E+07   0.318182871249E+07   0.170571230813E+01
        467   0.460454504553E+07   0.317998309993E+07   0.167286400810E+01
        494   0.461348858233E+07   0.317596414485E+07   0.162993748464E+01
        512   0.461450517644E+07   0.317562889365E+07   0.163416750203E+01
        518   0.461340874506E+07   0.317744971639E+07   0.164045563794E+01
        594   0.461291230522E+07   0.319449173359E+07   0.166299980843E+01
        615   0.461440021538E+07   0.319375531250E+07   0.165568780683E+01
        593   0.461311512034E+07   0.319571209976E+07   0.166537573077E+01
        552   0.461750054769E+07   0.317703645516E+07   0.161637124074E+01
        553   0.461848795171E+07   0.317648061756E+07   0.161176643413E+01
        580   0.462008398187E+07   0.317716941635E+07   0.160292675101E+01
        559   0.462045990187E+07   0.317611735711E+07   0.159876764142E+01
        561   0.462087149350E+07   0.317638215508E+07   0.159206297227E+01
        585   0.461543283633E+07   0.318074500855E+07   0.162219382613E+01
        447   0.460278123343E+07   0.317961583941E+07   0.167900396819E+01
        431   0.460176546080E+07   0.317961240646E+07   0.167898123319E+01
        430   0.460297222267E+07   0.317816349523E+07   0.167327678312E+01
        475   0.460812428012E+07   0.317876084729E+07   0.179004921959E+01
        460   0.460805615561E+07   0.317795508723E+07   0.168655889671E+01
        461   0.460893620545E+07   0.317753813448E+07   0.171791864186E+01
        457   0.460590867973E+07   0.317844545219E+07   0.179904931404E+01
        446   0.460022394550E+07   0.318139116885E+07   0.168568448569E+01
        428   0.460090609449E+07   0.317922954740E+07   0.167787382445E+01
        434   0.460587609994E+07   0.317744219460E+07   0.167135616836E+01
        387   0.459890860002E+07   0.317579624604E+07   0.168132128331E+01
        450   0.460501463758E+07   0.317856432734E+07   0.168554813297E+01
        417   0.460223313970E+07   0.317813556279E+07   0.167134565420E+01
        385   0.459849296750E+07   0.317525725028E+07   0.168594880646E+01
        384   0.459727932930E+07   0.317594953719E+07   0.168614371351E+01
        369   0.459807188658E+07   0.317470190358E+07   0.168487018451E+01
       1651   0.457800604310E+07   0.318682239932E+07   0.172197658817E+01
        412   0.459333111962E+07   0.318244162675E+07   0.168729691405E+01
        397   0.459329779958E+07   0.317967677830E+07   0.168715571149E+01
        401   0.459477395773E+07   0.317946573584E+07   0.168552255885E+01
        383   0.459626960500E+07   0.317639506687E+07   0.168644223306E+01
        368   0.459705538821E+07   0.317478676612E+07   0.168532771754E+01
        422   0.459406329520E+07   0.318887071672E+07   0.170107435687E+01
        409   0.459334677891E+07   0.319072836682E+07   0.170185991917E+01
        408   0.459244585234E+07   0.319043639396E+07   0.171100301890E+01
        562   0.462482159087E+07   0.317335900835E+07   0.159454189238E+01
        250   0.458469021750E+07   0.317126871610E+07   0.169180352652E+01
        251   0.458516003284E+07   0.317172992608E+07   0.169019165757E+01
        268   0.458411351462E+07   0.317277055541E+07   0.169064036175E+01
        252   0.458574332586E+07   0.317189741578E+07   0.168866363400E+01
        233   0.458630146254E+07   0.317168410173E+07   0.168890616918E+01
        211   0.457997420877E+07   0.317040383476E+07   0.170431361498E+01
        214   0.457941305657E+07   0.317116702059E+07   0.169952526908E+01
        196   0.457968745792E+07   0.317034324279E+07   0.170556745246E+01
        149   0.456353794791E+07   0.318467558919E+07   0.176610873244E+01
        161   0.456427145553E+07   0.318324549271E+07   0.176077663815E+01
        162   0.456446193819E+07   0.318443779377E+07   0.176101176488E+01
        253   0.458341873691E+07   0.317248866180E+07   0.169377488282E+01
        232   0.458401130477E+07   0.317125659187E+07   0.169377678492E+01
        255   0.458649790069E+07   0.317212842889E+07   0.169021616392E+01
        297   0.458329841680E+07   0.317626057396E+07   0.168895500578E+01
        286   0.458230412065E+07   0.317574524840E+07   0.168409512254E+01
        285   0.458388385852E+07   0.317421235459E+07   0.168653409332E+01
        309   0.458531212247E+07   0.317706114696E+07   0.168976017866E+01
        310   0.458681946708E+07   0.317592644077E+07   0.168863626322E+01
        273   0.458652999650E+07   0.317273538227E+07   0.169062382867E+01
        272   0.458576510832E+07   0.317323603898E+07   0.168984952229E+01
        361   0.459070339321E+07   0.317741783670E+07   0.168926637432E+01
        365   0.458724095216E+07   0.318378622704E+07   0.170796349638E+01
        351   0.458551139834E+07   0.318339835300E+07   0.171305329816E+01
       1653   0.458788044277E+07   0.318136110548E+07   0.170087618787E+01
        328   0.458801114782E+07   0.317606598465E+07   0.169209838943E+01
        329   0.458942130317E+07   0.317516318248E+07   0.169183115782E+01
        346   0.458820485200E+07   0.317748940930E+07   0.169277726593E+01
        364   0.459457296455E+07   0.317528945343E+07   0.168529089401E+01
        380   0.459385814963E+07   0.317729547872E+07   0.168699019682E+01
        370   0.459502277837E+07   0.317581812224E+07   0.168302315735E+01
        587   0.461070529221E+07   0.318904237966E+07   0.165949033574E+01
        586   0.461305631150E+07   0.318464861618E+07   0.164831595903E+01
        570   0.461077363945E+07   0.319609182401E+07   0.167127653502E+01
        591   0.461169094177E+07   0.319466846900E+07   0.167035708891E+01
        574   0.461192601706E+07   0.319598269403E+07   0.166561876223E+01
        617   0.461722915352E+07   0.319549910146E+07   0.162881804504E+01
        569   0.460809911376E+07   0.319500305850E+07   0.168301138876E+01
        568   0.460826390839E+07   0.319264622861E+07   0.168327569895E+01
        588   0.460992163273E+07   0.319273098961E+07   0.167374037973E+01
        663   0.462032495630E+07   0.318305255600E+07   0.161487131851E+01
        522   0.460456024766E+07   0.318682325196E+07   0.168679364995E+01
        523   0.460357132081E+07   0.318998847055E+07   0.169904671356E+01
        418   0.460828418766E+07   0.317669380110E+07   0.169076610376E+01
        438   0.460830268309E+07   0.317722172691E+07   0.170541987928E+01
        537   0.461198013318E+07   0.317973246246E+07   0.165003174124E+01
        538   0.461357997349E+07   0.317884179933E+07   0.163171501837E+01
        565   0.461267993538E+07   0.318172823852E+07   0.164110537153E+01
        471   0.459922560827E+07   0.319397533131E+07   0.170778006216E+01
        716   0.462567650696E+07   0.319383421241E+07   0.161166121068E+01
        701   0.462450196379E+07   0.319406854692E+07   0.161041257510E+01
        654   0.462171476050E+07   0.319650621486E+07   0.161032642806E+01
        539   0.460752941277E+07   0.318518655567E+07   0.167497124250E+01
        682   0.462549340204E+07   0.319558263565E+07   0.161030148206E+01
        703   0.462599992299E+07   0.319545277199E+07   0.161084269570E+01
        683   0.462527510349E+07   0.319629557748E+07   0.161130344237E+01
        698   0.462509319177E+07   0.319522018399E+07   0.161174354869E+01
        678   0.462414967810E+07   0.319603974767E+07   0.161352422304E+01
        699   0.462461061926E+07   0.319499009902E+07   0.161158093896E+01
        429   0.459948256341E+07   0.318060107641E+07   0.168811155258E+01
        427   0.459803447808E+07   0.318107952748E+07   0.168286006631E+01
        416   0.459977983780E+07   0.317872611789E+07   0.168584524592E+01
        484   0.459983954294E+07   0.319057458704E+07   0.171334774765E+01
        540   0.461031660844E+07   0.318242683173E+07   0.166500156959E+01
        506   0.460191775449E+07   0.319667402172E+07   0.171383846689E+01
        505   0.460173000469E+07   0.319532183818E+07   0.171913366930E+01
        525   0.460332360558E+07   0.319474886892E+07   0.171825132658E+01
        393   0.459020574761E+07   0.319189029613E+07   0.170648327458E+01
        377   0.458928883049E+07   0.319188832575E+07   0.170635824736E+01
        464   0.459738201511E+07   0.319051713598E+07   0.171213789980E+01
        481   0.459917778446E+07   0.318904867046E+07   0.170366368903E+01
        441   0.459566352976E+07   0.318796618604E+07   0.170639621673E+01
        442   0.459627415365E+07   0.318900858232E+07   0.170499908966E+01
        423   0.459455604004E+07   0.319031718449E+07   0.170807473537E+01
        391   0.458958434490E+07   0.318876790735E+07   0.170944602695E+01
        389   0.458887200363E+07   0.318765928470E+07   0.170914591075E+01
        405   0.459125629389E+07   0.318606541595E+07   0.169411478986E+01
        452   0.459698398743E+07   0.319248566904E+07   0.171396203700E+01
        463   0.459782674765E+07   0.318845575089E+07   0.169886936769E+01
        443   0.459638257912E+07   0.319047013598E+07   0.170881738919E+01
        390   0.458949583736E+07   0.319033899803E+07   0.171499321565E+01
        421   0.459306601548E+07   0.318809179505E+07   0.169807855857E+01
        394   0.459089086059E+07   0.319209880446E+07   0.170501170800E+01
        411   0.459420933649E+07   0.319219630837E+07   0.170149034864E+01
        410   0.459315956912E+07   0.319219500546E+07   0.169959856156E+01
        376   0.458836240947E+07   0.319082691677E+07   0.171432978442E+01
        374   0.458831811645E+07   0.319209519515E+07   0.171562591835E+01
        344   0.458611369250E+07   0.319141710966E+07   0.172899828997E+01
        343   0.458545959870E+07   0.319153241944E+07   0.173045080375E+01
        132   0.456311005989E+07   0.318628088313E+07   0.177118388749E+01
        113   0.456238135725E+07   0.318705836685E+07   0.177202283372E+01
        114   0.456254814519E+07   0.318629568567E+07   0.176846346247E+01
        341   0.458534741096E+07   0.319023410437E+07   0.172673554269E+01
        322   0.458428911222E+07   0.319049836547E+07   0.174223314992E+01
        319   0.458326475731E+07   0.318778196299E+07   0.172635941958E+01
        307   0.458209673576E+07   0.318891901205E+07   0.172066311589E+01
        318   0.458245591856E+07   0.318730498409E+07   0.172692589974E+01
        281   0.457672015543E+07   0.318798164869E+07   0.172774957961E+01
        280   0.457648045496E+07   0.318714399008E+07   0.172278517005E+01
        345   0.458644159877E+07   0.318027728053E+07   0.169598515302E+01
        327   0.458651219559E+07   0.317786126191E+07   0.169333055427E+01
        372   0.458724052000E+07   0.318835216728E+07   0.171920780753E+01
        373   0.458718944471E+07   0.318963490083E+07   0.171868316701E+01
        353   0.458546853128E+07   0.318708656297E+07   0.172620047484E+01
        366   0.458690227668E+07   0.318595912669E+07   0.172005797426E+01
        321   0.458415562086E+07   0.318912066437E+07   0.172366338360E+01
        326   0.458444728800E+07   0.317983540211E+07   0.170037073405E+01
        257   0.457937869278E+07   0.317389556744E+07   0.170726963202E+01
       1656   0.457932979566E+07   0.317223330021E+07   0.170463190197E+01
        259   0.457634457384E+07   0.317684941385E+07   0.170918642527E+01
        237   0.457471474396E+07   0.317650010785E+07   0.172129228797E+01
        238   0.457655312909E+07   0.317477925769E+07   0.171442458346E+01
        360   0.458891596668E+07   0.317890217010E+07   0.169220989776E+01
        378   0.459028529383E+07   0.317984554366E+07   0.169507233108E+01
        362   0.459172308076E+07   0.317778004576E+07   0.168891737759E+01
        274   0.457851585897E+07   0.317641553729E+07   0.169698351726E+01
        256   0.457795653309E+07   0.317460007218E+07   0.171240562028E+01
        275   0.457623616538E+07   0.317916909977E+07   0.170958711493E+01
        277   0.457589785160E+07   0.318160774113E+07   0.171286620664E+01
        261   0.457393622639E+07   0.318177164379E+07   0.173053206535E+01
        175   0.457383929223E+07   0.317128380270E+07   0.173489000342E+01
        189   0.457429742857E+07   0.317215323980E+07   0.172226866461E+01
        188   0.457307566919E+07   0.317255588177E+07   0.172563225081E+01
        116   0.456660360840E+07   0.317147587650E+07   0.174541207275E+01
        154   0.456983812354E+07   0.317165557264E+07   0.173760281566E+01
        163   0.457073047001E+07   0.317175708778E+07   0.173451976377E+01
        165   0.456919453832E+07   0.317339656977E+07   0.173563558734E+01
        103   0.456369595335E+07   0.317345699735E+07   0.174638800158E+01
        139   0.457016610400E+07   0.317058639643E+07   0.173957453970E+01
        138   0.456928074432E+07   0.317112772403E+07   0.173974941713E+01
        119   0.457008282791E+07   0.316988928774E+07   0.174037796406E+01
         50   0.455939624025E+07   0.317369949652E+07   0.175217144128E+01
        137   0.456821929358E+07   0.317164008438E+07   0.174133563148E+01
        117   0.456824211510E+07   0.317045020528E+07   0.174038593783E+01
         82   0.456251946722E+07   0.317303729136E+07   0.174654596412E+01
         68   0.456178168644E+07   0.317332944505E+07   0.174976196907E+01
         65   0.456226365623E+07   0.317263925355E+07   0.175060702748E+01
        153   0.456840128754E+07   0.317275881036E+07   0.173890376790E+01
        181   0.457048296540E+07   0.317340705828E+07   0.173096379642E+01
         80   0.455838621953E+07   0.317726714607E+07   0.175486786721E+01
        100   0.456007583666E+07   0.317634601850E+07   0.175277225992E+01
         99   0.455887467874E+07   0.317877984933E+07   0.175792769363E+01
         31   0.455379970789E+07   0.317666917424E+07   0.175938386576E+01
        115   0.456563187167E+07   0.317226440250E+07   0.174601892897E+01
        125   0.456512880936E+07   0.317334775652E+07   0.174671469744E+01
        104   0.456463163440E+07   0.317296222950E+07   0.174822236878E+01
         83   0.456316363032E+07   0.317249594434E+07   0.174698417453E+01
         66   0.456288971719E+07   0.317215458550E+07   0.174673222139E+01
        101   0.456278579446E+07   0.317366876980E+07   0.174535640667E+01
         85   0.456199078833E+07   0.317391718400E+07   0.174668030049E+01
         86   0.456352334303E+07   0.317261381051E+07   0.174783425048E+01
         87   0.456443990520E+07   0.317215414539E+07   0.174896673422E+01
        200   0.457214984825E+07   0.317432023888E+07   0.172848380261E+01
        203   0.456917414071E+07   0.318421752150E+07   0.176285398600E+01
        199   0.457032645598E+07   0.317580973267E+07   0.173860185681E+01
        205   0.457471876772E+07   0.317372036170E+07   0.172666081846E+01
        206   0.457581962559E+07   0.317246190600E+07   0.171645332659E+01
        220   0.457565119752E+07   0.317403905870E+07   0.172351950280E+01
        290   0.457857054976E+07   0.317921059993E+07   0.169541514496E+01
        262   0.457377715546E+07   0.318374474932E+07   0.173221085840E+01
        301   0.457992427267E+07   0.318104537624E+07   0.169854693478E+01
        308   0.458287978913E+07   0.317876828519E+07   0.169442188811E+01
        108   0.455867170690E+07   0.318310750807E+07   0.176570406087E+01
         94   0.455869486700E+07   0.318412065128E+07   0.176602169455E+01
        148   0.456286675043E+07   0.318431566049E+07   0.176953789631E+01
        160   0.456350529906E+07   0.318265497874E+07   0.176522452011E+01
        107   0.455857295124E+07   0.318206771703E+07   0.176336013855E+01
       1649   0.456035566393E+07   0.318397683052E+07   0.176690532348E+01
        109   0.455948261625E+07   0.318397438144E+07   0.176565085997E+01
        105   0.455939851499E+07   0.318480265444E+07   0.176778856657E+01
         69   0.455641759659E+07   0.318379794959E+07   0.176749765025E+01
         43   0.455409304137E+07   0.318120967494E+07   0.176862211283E+01
         41   0.455655341485E+07   0.317404503328E+07   0.175851205977E+01
         48   0.455690894593E+07   0.317568808089E+07   0.175558687791E+01
         61   0.456059253219E+07   0.317356079471E+07   0.175206899204E+01
         79   0.456033589363E+07   0.317469519733E+07   0.175147165926E+01
         38   0.455366293011E+07   0.318453468210E+07   0.176881164992E+01
         92   0.455802842387E+07   0.318415323260E+07   0.176653301815E+01
        121   0.455975855168E+07   0.317991677272E+07   0.175876913752E+01
         12   0.454809804963E+07   0.317906081482E+07   0.177428659336E+01
         17   0.454932866727E+07   0.317861230951E+07   0.177099266805E+01
         11   0.454825348371E+07   0.317970689157E+07   0.177371936842E+01
         29   0.455277406312E+07   0.318404725195E+07   0.177021163555E+01
         28   0.455217110895E+07   0.318400735435E+07   0.176980908501E+01
         16   0.454864601771E+07   0.318015641583E+07   0.177273395553E+01
         15   0.454813929883E+07   0.318138095727E+07   0.177307239140E+01
         13   0.454742087633E+07   0.318251721213E+07   0.177420668601E+01
         14   0.454721970261E+07   0.318345828760E+07   0.177155295257E+01
          4   0.454639112671E+07   0.318180024918E+07   0.177559283392E+01
          9   0.454702928255E+07   0.318200676971E+07   0.177542799912E+01
          2   0.454611158386E+07   0.318291289011E+07   0.177565154640E+01
         22   0.454920963995E+07   0.318341368351E+07   0.176769301862E+01
         30   0.455315051020E+07   0.318469386894E+07   0.177003292585E+01
         78   0.455701566503E+07   0.318087370733E+07   0.176395083539E+01
         76   0.455675938286E+07   0.318245203297E+07   0.176634588635E+01
         91   0.455757977151E+07   0.318379510642E+07   0.176645958376E+01
         73   0.455786005514E+07   0.318498862212E+07   0.176702292591E+01
         72   0.455717323362E+07   0.318496359606E+07   0.176588039653E+01
         90   0.455738048151E+07   0.318285548458E+07   0.176559436318E+01
        106   0.455982758144E+07   0.318499471097E+07   0.176606847085E+01
         93   0.455856038431E+07   0.318508714091E+07   0.176642260138E+01
        140   0.456368233104E+07   0.318641949385E+07   0.176431845081E+01
        150   0.456371157094E+07   0.318551456858E+07   0.176541774546E+01
        131   0.456252776721E+07   0.318549915076E+07   0.177039461684E+01
        145   0.456187689893E+07   0.318072027851E+07   0.175832120577E+01
        159   0.456357637427E+07   0.318071283401E+07   0.175560539344E+01
        146   0.456203845543E+07   0.318412652502E+07   0.176896857202E+01
        129   0.456122996436E+07   0.318387149194E+07   0.176770780787E+01
        144   0.456162495356E+07   0.318242013935E+07   0.176568788526E+01
        167   0.456532540192E+07   0.318449348206E+07   0.176313187916E+01
        133   0.456310199825E+07   0.318561817064E+07   0.176894282348E+01
        210   0.456987198466E+07   0.318603642972E+07   0.176093219882E+01
        192   0.456939574239E+07   0.318565964739E+07   0.175748193039E+01
        209   0.457015367351E+07   0.318503598611E+07   0.175443409628E+01
        208   0.456985886239E+07   0.318442945838E+07   0.175553073806E+01
        239   0.457266942476E+07   0.318711036623E+07   0.172216184100E+01
        240   0.457187846755E+07   0.318701459472E+07   0.174086656635E+01
        242   0.457201843114E+07   0.318432122474E+07   0.174496175103E+01
        222   0.457075691229E+07   0.318523353223E+07   0.175312885062E+01
       1650   0.457098900559E+07   0.318383609743E+07   0.174801758946E+01
        279   0.457651968255E+07   0.318564634335E+07   0.171733805235E+01
        264   0.457533346585E+07   0.318609804380E+07   0.172540018458E+01
        325   0.458447408593E+07   0.319101237836E+07   0.173307368215E+01
        226   0.457358377750E+07   0.318762860992E+07   0.173458612342E+01
        225   0.457330264339E+07   0.318731101870E+07   0.173387802167E+01
        173   0.456788638770E+07   0.318601311329E+07   0.177035870777E+01
        171   0.456709945599E+07   0.318524692080E+07   0.175536275853E+01
       1647   0.456692144467E+07   0.318438977580E+07   0.176114489321E+01
        185   0.456797098388E+07   0.318383522332E+07   0.176468656891E+01
        168   0.456503216762E+07   0.318567693689E+07   0.176368856120E+01
       1648   0.456596545762E+07   0.318515624486E+07   0.176123688275E+01
        169   0.456539050436E+07   0.318642543812E+07   0.176294749506E+01
        217   0.457028583235E+07   0.318093230206E+07   0.175196261817E+01
        202   0.456918425062E+07   0.318300438837E+07   0.176416917018E+01
        156   0.456424692823E+07   0.318570132754E+07   0.176394021621E+01
        170   0.456640139553E+07   0.318606590111E+07   0.175705358284E+01
        492   0.460328381749E+07   0.319834081152E+07   0.167643951495E+01
        507   0.460303166156E+07   0.319680979498E+07   0.170729064822E+01
        546   0.460736858521E+07   0.319714760506E+07   0.168775669357E+01
        571   0.460890864259E+07   0.319574609690E+07   0.168080117058E+01
        547   0.460799488629E+07   0.319721296955E+07   0.168315568282E+01
        491   0.460169680462E+07   0.319850553991E+07   0.171282099403E+01
        489   0.460039265842E+07   0.319727657551E+07   0.171256392533E+01
        490   0.460095336081E+07   0.319807436046E+07   0.172078130808E+01
        545   0.460692140955E+07   0.319632491482E+07   0.168598879536E+01
        544   0.460673071231E+07   0.319522845790E+07   0.169416395338E+01
        551   0.461154983769E+07   0.319709096087E+07   0.166924809249E+01
        550   0.461066983274E+07   0.319709396141E+07   0.167121568221E+01
       1066   0.463413564662E+07   0.319824587722E+07   0.157262259413E+01
       1006   0.463323841385E+07   0.319821822860E+07   0.157410254823E+01
        938   0.463297149573E+07   0.319747871529E+07   0.157068170964E+01
        883   0.463588048698E+07   0.319325898845E+07   0.155211898513E+01
        802   0.463302428789E+07   0.319478721144E+07   0.157202083943E+01
        780   0.463269321949E+07   0.319284747630E+07   0.159196048696E+01
        882   0.463467247919E+07   0.319491611752E+07   0.156886325935E+01
        845   0.464313855679E+07   0.318540984228E+07   0.156934375287E+01
        816   0.464012021305E+07   0.319015034421E+07   0.155611243512E+01
        849   0.464133084725E+07   0.318868405319E+07   0.156901994876E+01
        774   0.464195907013E+07   0.318330341318E+07   0.156705294492E+01
        812   0.464326036801E+07   0.318423598849E+07   0.156185841132E+01
        846   0.464428394891E+07   0.318442850249E+07   0.156594730084E+01
        757   0.464110803470E+07   0.318286986146E+07   0.156646063627E+01
        749   0.464115874811E+07   0.318189970678E+07   0.156324531828E+01
        758   0.464200849836E+07   0.318250682233E+07   0.156731297405E+01
        745   0.464187525314E+07   0.318193934810E+07   0.156680754090E+01
        748   0.464008041876E+07   0.318191632605E+07   0.156420124249E+01
        738   0.463869354491E+07   0.318140388673E+07   0.156084404756E+01
        737   0.463816287638E+07   0.318103704715E+07   0.156443733938E+01
        726   0.463739189666E+07   0.318118597193E+07   0.156988632698E+01
        744   0.463013433122E+07   0.319338129921E+07   0.159539399597E+01
        743   0.462944136964E+07   0.319243547817E+07   0.160540027708E+01
        733   0.462896195969E+07   0.319442517310E+07   0.160637825404E+01
        771   0.463206853704E+07   0.319273571105E+07   0.161740673419E+01
        707   0.463514982156E+07   0.318047702289E+07   0.157612417971E+01
        705   0.463338470755E+07   0.317962363392E+07   0.157117696240E+01
        702   0.462589513215E+07   0.319477451285E+07   0.161044269625E+01
        692   0.462174750008E+07   0.318771287065E+07   0.160854463881E+01
        648   0.463482967622E+07   0.317537596645E+07   0.158026777188E+01
        646   0.463223756411E+07   0.317493054040E+07   0.158237371118E+01
        647   0.463449583293E+07   0.317461545342E+07   0.158008924142E+01
        658   0.463577593094E+07   0.317773147754E+07   0.157623032864E+01
        661   0.463583027547E+07   0.317858004531E+07   0.157315430309E+01
        628   0.463645697175E+07   0.317838361538E+07   0.157321219391E+01
        627   0.463639855971E+07   0.317786451649E+07   0.157273164693E+01
        626   0.463642736491E+07   0.317714637851E+07   0.157404389966E+01
        555   0.462213640174E+07   0.317419845927E+07   0.159573097224E+01
        532   0.462153403084E+07   0.317441358959E+07   0.159214016022E+01
        510   0.462098851350E+07   0.317472181327E+07   0.159451125171E+01
        118   0.456921721568E+07   0.317014693861E+07   0.174170715631E+01
        536   0.461674076819E+07   0.317660927345E+07   0.161803006534E+01
        530   0.461809522121E+07   0.317577489073E+07   0.162496811774E+01
        558   0.461969403081E+07   0.317655415297E+07   0.161396564756E+01
        515   0.461700686658E+07   0.317504575450E+07   0.160116208641E+01
        516   0.461772895117E+07   0.317518922333E+07   0.162105528105E+01
        520   0.461050875926E+07   0.317974078246E+07   0.166331582066E+01
        498   0.461134443241E+07   0.317739194767E+07   0.165601233606E+01
        517   0.461221817457E+07   0.317770959004E+07   0.164587855194E+01
        563   0.461501563039E+07   0.317856979083E+07   0.162089330558E+01
        564   0.461641420256E+07   0.317832405454E+07   0.161832996983E+01
        477   0.461082992313E+07   0.317652375871E+07   0.165094607623E+01
        478   0.461194861129E+07   0.317590289273E+07   0.164800933116E+01
        493   0.461269188801E+07   0.317593504699E+07   0.164018291230E+01
        476   0.460988961192E+07   0.317722910006E+07   0.168404098072E+01
        439   0.460872379886E+07   0.317720637025E+07   0.170148704363E+01
        419   0.460878362222E+07   0.317655664835E+07   0.167372685164E+01
        474   0.460711856959E+07   0.317944998682E+07   0.168389844793E+01
        459   0.460719892773E+07   0.317847564685E+07   0.172978001730E+01
        433   0.460472148842E+07   0.317782839217E+07   0.168477783113E+01
        449   0.460388243727E+07   0.317930121886E+07   0.167049558452E+01
        482   0.460201756559E+07   0.318412346730E+07   0.168761867515E+01
        496   0.460752495531E+07   0.318038213276E+07   0.168208968374E+01
        521   0.460869855083E+07   0.318222235267E+07   0.166538707544E+01
        611   0.461248779629E+07   0.319052188169E+07   0.165256806309E+01
        432   0.460378986365E+07   0.317800511824E+07   0.167431851548E+01
        466   0.460264979671E+07   0.318152208951E+07   0.168624947922E+01
        448   0.460155451502E+07   0.318114664116E+07   0.168624004232E+01
        415   0.460183294860E+07   0.317725496911E+07   0.166591294607E+01
        465   0.460014243413E+07   0.318350111132E+07   0.168384150327E+01
        403   0.459903044061E+07   0.317793173185E+07   0.168755299233E+01
        388   0.459950856639E+07   0.317623549484E+07   0.167893515676E+01
        426   0.459578937272E+07   0.318269842073E+07   0.168517698389E+01
        420   0.459345223217E+07   0.318540715874E+07   0.169095358417E+01
        445   0.459797799734E+07   0.318327280486E+07   0.168398311903E+01
        404   0.460031739153E+07   0.317671069324E+07   0.168384780613E+01
        371   0.459593428196E+07   0.317570102964E+07   0.168647832289E+01
        386   0.459496939008E+07   0.317745016179E+07   0.169017385953E+01
        314   0.459152305854E+07   0.317262898597E+07   0.169194780341E+01
        313   0.459027028311E+07   0.317307082207E+07   0.169029399661E+01
        379   0.459223965013E+07   0.317891229697E+07   0.168506033331E+01
        270   0.458269915621E+07   0.317409415140E+07   0.169063499268E+01
        249   0.458275281018E+07   0.317199542525E+07   0.169658887183E+01
        231   0.458319182436E+07   0.317088314326E+07   0.169687216516E+01
        287   0.458475588087E+07   0.317457283744E+07   0.169053176263E+01
        230   0.458252611090E+07   0.317088158099E+07   0.169904579007E+01
        284   0.458068674153E+07   0.317598272678E+07   0.168862646296E+01
        228   0.458053325090E+07   0.317070244048E+07   0.170404179475E+01
        229   0.458161143201E+07   0.317082463528E+07   0.170100192957E+01
        213   0.457873110976E+07   0.317175160139E+07   0.170842459362E+01
        194   0.457860564896E+07   0.317126038514E+07   0.170906674039E+01
        195   0.457909187059E+07   0.317073134170E+07   0.169782708943E+01
        221   0.457701738179E+07   0.317311033275E+07   0.171526491395E+01
        234   0.457797204061E+07   0.317311527333E+07   0.170917681904E+01
        212   0.457801334517E+07   0.317186605864E+07   0.171584711254E+01
        296   0.458113954853E+07   0.317805210247E+07   0.169123464698E+01
        298   0.458475258526E+07   0.317595146902E+07   0.168927317175E+01
        267   0.458192218383E+07   0.317352588809E+07   0.169766353329E+01
        311   0.458795046617E+07   0.317499303904E+07   0.168951966201E+01
        312   0.458908566875E+07   0.317422421882E+07   0.169229122836E+01
        300   0.458726109248E+07   0.317454457188E+07   0.168861484791E+01
       1654   0.458912238665E+07   0.318214160581E+07   0.169826584425E+01
        462   0.459768295667E+07   0.318616534729E+07   0.168893230785E+01
        480   0.459979754638E+07   0.318639807201E+07   0.169018725530E+01
        398   0.459042631731E+07   0.318464839434E+07   0.169363901416E+01
        396   0.459122445077E+07   0.318168038413E+07   0.169317176011E+01
        352   0.458560375419E+07   0.318555129291E+07   0.172338268921E+01
        440   0.459552524732E+07   0.318585051523E+07   0.169097277660E+01
        334   0.458324603825E+07   0.318507799533E+07   0.172105777758E+01
        317   0.458146972325E+07   0.318692771446E+07   0.171949026765E+01
        500   0.460171897777E+07   0.318722131516E+07   0.169618055220E+01
        592   0.461106778106E+07   0.319361784781E+07   0.167182339335E+01
        572   0.461003734098E+07   0.319574427160E+07   0.167441482644E+01
        614   0.461349385517E+07   0.319231100497E+07   0.165755119070E+01
        549   0.460959478441E+07   0.319711581330E+07   0.167027614614E+01
        548   0.460869674667E+07   0.319745313060E+07   0.167508113717E+01
        589   0.461310737077E+07   0.319711793756E+07   0.166182472741E+01
        573   0.461226629055E+07   0.319709159061E+07   0.167069140681E+01
        597   0.461615190947E+07   0.319691141836E+07   0.162770593960E+01
        596   0.461548901786E+07   0.319705636122E+07   0.163397156607E+01
        595   0.461471411427E+07   0.319719707312E+07   0.164116631662E+01
        651   0.462086337424E+07   0.319645820541E+07   0.161537336933E+01
        625   0.461986260451E+07   0.319639199969E+07   0.161302860407E+01
        652   0.462321475715E+07   0.319645926915E+07   0.161214996661E+01
        653   0.462345472272E+07   0.319675766202E+07   0.161180610644E+01
        677   0.462494763096E+07   0.319599187499E+07   0.161143130192E+01
        684   0.462574976208E+07   0.319632521347E+07   0.161005189682E+01
        656   0.462518388521E+07   0.319698707491E+07   0.161044379911E+01
        657   0.462547637633E+07   0.319730785521E+07   0.161003754046E+01
        524   0.460333838687E+07   0.319252780641E+07   0.171407309913E+01
        456   0.459831128122E+07   0.319520163552E+07   0.170668626025E+01
        528   0.460569104060E+07   0.319734073123E+07   0.169121489228E+01
        503   0.460113272780E+07   0.319445285456E+07   0.171506987430E+01
        488   0.460004038173E+07   0.319648464810E+07   0.171922497933E+01
        485   0.459979325667E+07   0.319575862092E+07   0.171931140473E+01
        529   0.460635778154E+07   0.319740223965E+07   0.169070637832E+01
        487   0.460025261034E+07   0.319398604821E+07   0.170964565158E+01
        472   0.459923845232E+07   0.319535176038E+07   0.171116780947E+01
        424   0.459530348712E+07   0.319084727495E+07   0.170744548895E+01
        425   0.459532294894E+07   0.319201659316E+07   0.170238416161E+01
        395   0.459225348529E+07   0.319216397858E+07   0.169292832625E+01
        336   0.458435590627E+07   0.318731713741E+07   0.172435079339E+01
        335   0.458411096260E+07   0.318597603921E+07   0.172456085766E+01
        382   0.458826413974E+07   0.318630136680E+07   0.170570282544E+01
        367   0.458687409235E+07   0.318745815851E+07   0.172129580289E+01
        381   0.458885289726E+07   0.318415020180E+07   0.170065441774E+01
        444   0.459603526448E+07   0.319180752441E+07   0.170254202113E+01
        451   0.459664109111E+07   0.319192032108E+07   0.170717736135E+01
        337   0.458448720574E+07   0.318817591908E+07   0.172567173988E+01
        207   0.457682770818E+07   0.317206541590E+07   0.171691855819E+01
        174   0.457302536578E+07   0.317091232465E+07   0.173387436560E+01
        183   0.457183114631E+07   0.317303087280E+07   0.173284406553E+01
        190   0.457502244082E+07   0.317241088711E+07   0.172596792781E+01
        151   0.457099075382E+07   0.317033210089E+07   0.173851458437E+01
        134   0.457077176771E+07   0.316980577137E+07   0.173985030843E+01
        155   0.457184583999E+07   0.317050956500E+07   0.173619887996E+01
        166   0.457201530044E+07   0.317126882761E+07   0.173339932486E+01
        164   0.456727605107E+07   0.317498907698E+07   0.173975405666E+01
         96   0.456514250722E+07   0.317201112438E+07   0.174882228605E+01
         75   0.456513472639E+07   0.317131676314E+07   0.174896960538E+01
         97   0.456586916774E+07   0.317129749797E+07   0.174777795584E+01
         67   0.456116517145E+07   0.317353168322E+07   0.175051069988E+01
         84   0.456113437971E+07   0.317455890701E+07   0.174901909246E+01
         53   0.456177223235E+07   0.317241921096E+07   0.175089742652E+01
        141   0.456160818756E+07   0.317906520921E+07   0.175724927686E+01
        241   0.457226710999E+07   0.318211792140E+07   0.173987323011E+01
        218   0.457053111360E+07   0.318270384718E+07   0.175079519794E+01
        320   0.458329088458E+07   0.318917594834E+07   0.173036776792E+01
         98   0.455811991092E+07   0.318107067985E+07   0.176308976090E+01
        147   0.456241382961E+07   0.318276289246E+07   0.176570351092E+01
        130   0.456157343421E+07   0.318556807211E+07   0.176975841744E+01
         95   0.455973865697E+07   0.318575153621E+07   0.176593596074E+01
         89   0.455929737659E+07   0.318553811882E+07   0.176717603801E+01
         88   0.455879377495E+07   0.318554046484E+07   0.176774001515E+01
         62   0.455697484518E+07   0.317744396210E+07   0.175931033570E+01
         57   0.455575004453E+07   0.318379424220E+07   0.176743676133E+01
         46   0.455470883021E+07   0.318465190976E+07   0.176808187422E+01
         77   0.455702807952E+07   0.317924508081E+07   0.176105197042E+01
         52   0.456115768410E+07   0.317276234746E+07   0.175028234289E+01
         51   0.456042046824E+07   0.317276485986E+07   0.175241023887E+01
         49   0.455839160914E+07   0.317404660676E+07   0.175361580839E+01
         32   0.455495565023E+07   0.317505626720E+07   0.175794996669E+01
         21   0.455096100064E+07   0.317809430563E+07   0.176354634412E+01
         27   0.455190039814E+07   0.318324376391E+07   0.176743205612E+01
         35   0.455260884551E+07   0.318176246421E+07   0.176744109549E+01
         26   0.455078740067E+07   0.318321930072E+07   0.176563502466E+01
          6   0.454732152291E+07   0.317952756752E+07   0.177448555514E+01
         18   0.454808985885E+07   0.318349426676E+07   0.176891028391E+01
         71   0.455691420401E+07   0.318398840228E+07   0.176704903243E+01
         70   0.455671054855E+07   0.318494250216E+07   0.176734665589E+01
        111   0.456032125798E+07   0.318504937007E+07   0.176657327445E+01
         74   0.455908076313E+07   0.318625491231E+07   0.176756855554E+01
        112   0.456183555907E+07   0.318656379940E+07   0.177578021511E+01
        128   0.456083731971E+07   0.318502544671E+07   0.176757359594E+01
        120   0.456290355933E+07   0.318698398518E+07   0.176907723688E+01
        184   0.456660147927E+07   0.318333472559E+07   0.176419771218E+01
        193   0.456902424137E+07   0.318653156074E+07   0.175594638784E+01
        177   0.456862083461E+07   0.318643873836E+07   0.175987703711E+01
        282   0.457696513824E+07   0.318877752060E+07   0.172337902467E+01
        306   0.458089845732E+07   0.318903773550E+07   0.173264607700E+01
        283   0.457788056355E+07   0.318868194185E+07   0.172007902276E+01
        294   0.457900940821E+07   0.318717592796E+07   0.171911472909E+01
        295   0.457920918101E+07   0.318831828052E+07   0.171700377284E+01
        305   0.458014540545E+07   0.318847165582E+07   0.171651578661E+01
        265   0.457568489086E+07   0.318703970647E+07   0.172535396591E+01
        246   0.457472934036E+07   0.318727888466E+07   0.172699572749E+01
        227   0.457406463331E+07   0.318756852296E+07   0.172705680495E+01
