       4387       2725       1656         32         17          2          1          1          0          0          0          0          0          0          0          0          0          0
 local to global mapping:
         161
           1           2
           2           5
           3          19
           4          82
           5          83
           6          84
           7          85
           8          90
           9         140
          10         146
          11         148
          12         149
          13         336
          14         338
          15         341
          16         342
          17         343
          18         344
          19         345
          20         346
          21         347
          22         348
          23         349
          24         350
          25         352
          26         356
          27         357
          28         358
          29         359
          30         360
          31         361
          32         362
          33         363
          34         364
          35         366
          36         367
          37         384
          38         402
          39         403
          40         406
          41         407
          42         413
          43         418
          44         600
          45         608
          46        1295
          47        1339
          48        1350
          49        1351
          50        1352
          51        1353
          52        1354
          53        1355
          54        1356
          55        1357
          56        1358
          57        1359
          58        1360
          59        1361
          60        1363
          61        1364
          62        1365
          63        1366
          64        1367
          65        1368
          66        1369
          67        1370
          68        1371
          69        1373
          70        1374
          71        1375
          72        1376
          73        1377
          74        1379
          75        1380
          76        1381
          77        1382
          78        1383
          79        1384
          80        1385
          81        1386
          82        1387
          83        1388
          84        1389
          85        1420
          86        1422
          87        1423
          88        1424
          89        1426
          90        1430
          91        1432
          92        1433
          93        1434
          94        1435
          95        1436
          96        1437
          97        1438
          98        1439
          99        1440
         100        1441
         101        1442
         102        1444
         103        1445
         104        1446
         105        1450
         106        1451
         107        1453
         108        1454
         109        1455
         110        1456
         111        1457
         112        1585
         113        1586
         114        1587
         115        1588
         116        1589
         117        1590
         118        1591
         119        1592
         120        1593
         121        1594
         122        1595
         123        1596
         124        1597
         125        1598
         126        1599
         127        1600
         128        1601
         129        1605
         130        1606
         131        1607
         132        1608
         133        1610
         134        1611
         135        1618
         136        1619
         137        1620
         138        1621
         139        1622
         140        1623
         141        1634
         142        1635
         143        1636
         144        1637
         145        1650
         146        1651
         147        1718
         148        1723
         149        1724
         150        1725
         151        1726
         152        1735
         153        1736
         154        1737
         155        1738
         156        1739
         157        1740
         158        1741
         159        1742
         160        1743
         161        1744
         109
           1         629
           2         609
           3         600
           4         535
           5         513
           6         514
           7         602
           8         630
           9         601
          10         607
          11         606
          12         584
          13         531
          14         533
          15         511
          16         638
          17         667
          18         668
          19         576
          20         560
          21         554
          22         664
          23         631
          24         639
          25         616
          26         637
          27         636
          28         610
          29         635
          30         590
          31         612
          32         613
          33         603
          34         605
          35         583
          36         581
          37         578
          38         579
          39         575
          40         557
          41         577
          42         556
          43         604
          44         582
          45         632
          46         665
          47         534
          48         494
          49         512
          50         518
          51         594
          52         615
          53         593
          54         552
          55         553
          56         580
          57         559
          58         561
          59         585
          60         562
          61         587
          62         586
          63         570
          64         591
          65         574
          66         569
          67         568
          68         588
          69         663
          70         537
          71         538
          72         565
          73         546
          74         571
          75         547
          76         551
          77         550
          78         692
          79         690
          80         555
          81         633
          82         532
          83         510
          84         536
          85         530
          86         558
          87         515
          88         516
          89         563
          90         564
          91         540
          92         517
          93         566
          94         611
          95         592
          96         572
          97         614
          98         549
          99         548
         100         589
         101         573
         102         598
         103         597
         104         617
         105         596
         106         595
         107         640
         108         545
         109         529
         269
           1           4
           2           5
           3           6
           4          13
           5          14
           6          15
           7          55
           8          56
           9          57
          10         236
          11         237
          12         238
          13         239
          14         240
          15         241
          16         242
          17         243
          18         244
          19         245
          20         246
          21         247
          22         260
          23         261
          24         262
          25         402
          26         403
          27         404
          28         419
          29         420
          30         421
          31         425
          32         426
          33         427
          34         428
          35         429
          36         900
          37         901
          38         902
          39         906
          40         907
          41         908
          42         914
          43         915
          44         916
          45         917
          46         918
          47         919
          48         920
          49         921
          50         922
          51         923
          52         924
          53         925
          54         926
          55         927
          56         928
          57         929
          58         930
          59         931
          60         932
          61         933
          62         934
          63         935
          64         936
          65         937
          66         938
          67         942
          68         943
          69         953
          70         954
          71         955
          72         956
          73         957
          74         958
          75         959
          76         960
          77         961
          78         962
          79         963
          80         964
          81         965
          82         966
          83         967
          84         968
          85         969
          86         970
          87         971
          88         974
          89         975
          90         976
          91        1017
          92        1018
          93        1062
          94        1063
          95        1064
          96        1065
          97        1066
          98        1067
          99        1072
         100        1073
         101        1074
         102        1075
         103        1076
         104        1077
         105        1090
         106        1091
         107        1092
         108        1102
         109        1103
         110        1104
         111        1558
         112        1559
         113        1560
         114        1574
         115        1575
         116        1576
         117        2581
         118        2576
         119        2632
         120        2633
         121        2641
         122        2642
         123        2643
         124        2644
         125        2645
         126        2646
         127        2647
         128        2648
         129        2649
         130        2650
         131        2651
         132        2652
         133        2653
         134        2654
         135        2655
         136        2638
         137        2656
         138        2657
         139        2658
         140        2659
         141        2660
         142        2661
         143        2662
         144        2663
         145        2664
         146        2667
         147        2668
         148        2669
         149        2670
         150        2671
         151        2672
         152        2673
         153        2674
         154        2675
         155        2676
         156        2680
         157        2681
         158        2682
         159        2683
         160        2684
         161        2685
         162        2686
         163        2687
         164        2688
         165        2689
         166        2690
         167        2691
         168        2692
         169        2693
         170        2742
         171        2740
         172        2744
         173        2745
         174        2746
         175        2747
         176        2748
         177        2751
         178        2738
         179        2752
         180        2756
         181        2757
         182        2760
         183        2761
         184        2762
         185        2763
         186        2759
         187        2764
         188        2765
         189        2766
         190        2767
         191        2768
         192        2769
         193        2772
         194        2774
         195        2743
         196        2775
         197        2776
         198        2777
         199        2778
         200        2779
         201        2770
         202        2780
         203        2781
         204        2978
         205        2979
         206        2980
         207        2981
         208        2982
         209        2983
         210        2984
         211        2985
         212        2986
         213        2987
         214        2988
         215        2989
         216        2990
         217        2991
         218        2992
         219        2993
         220        2994
         221        2995
         222        2996
         223        2997
         224        2998
         225        1069
         226        2999
         227        3000
         228        3001
         229        3002
         230        3003
         231        3004
         232        3005
         233        3006
         234        3007
         235        3008
         236        3009
         237        3010
         238        3015
         239        3016
         240        3017
         241        1070
         242        2773
         243        3019
         244        3031
         245        1080
         246        3032
         247        3033
         248        3034
         249        3042
         250        3043
         251        3013
         252        3147
         253        3156
         254        3157
         255        3158
         256        3159
         257        3160
         258        3161
         259        3175
         260        3176
         261        3177
         262        3178
         263        3179
         264        3180
         265        3181
         266        3182
         267        3183
         268        3184
         269        1571
 Header:
       2000          2          1           0.00           0.00
        48  0.9000000E+03      3     32     12    0.99999998E-02    0.20000000E+03    0.10000000E+02    0.00000000E+00    0.99999997E-04   2
  -1800.00000    
  -1600.00000    
  -1400.00000    
  -1200.00000    
  -1000.00000    
  -800.000000    
  -600.000000    
  -400.000000    
  -300.000000    
  -260.000000    
  -230.000000    
  -1.00000000    
 -0.949999988    
 -0.899999976    
 -0.850000024    
 -0.800000012    
 -0.750000000    
 -0.699999988    
 -0.649999976    
 -0.600000024    
 -0.550000012    
 -0.500000000    
 -0.449999988    
 -0.400000006    
 -0.349999994    
 -0.300000012    
 -0.250000000    
 -0.200000003    
 -0.150000006    
 -0.100000001    
  -5.00000007E-02
   0.00000000    
         109         161
   34.562567064399992        28.438057852199996        720.999756               6
   34.590134162400005        28.463209825199996        878.646851               5
   34.554874659699991        28.470191833800001        379.190308               8
   34.532928353199999        28.540970576399999        9.37779331              12
   34.527339104299998        28.558857994400000        10.8278227              12
   34.520021170699998        28.548412772999999        5.00000000              12
   34.481279919499997        28.431961170200001        85.2608261              12
   34.501296625999998        28.420023478199997        254.668671              10
   34.492783750299992        28.440199760700001        60.8986511              12
   34.450229481699999        28.399204658999999        16.9860420              12
   34.468820180099996        28.404490894299997        128.443024              12
   34.456700522900000        28.421671878400002        22.6786480              12
   34.492063995999999        28.471942124600002        16.9288101              12
   34.497946027200001        28.468209339400005        16.4037647              12
   34.499678411500000        28.476992698099998        6.21190023              12
   34.655661701499994        28.376493244399999        1063.32654               4
   34.605897409199997        28.374000509900004        976.669312               5
   34.642250145600002        28.339581790499999        857.436707               5
   34.486195680000002        28.454296056500002        18.9348526              12
   34.495208349000009        28.460069477099999        23.0355148              12
   34.488719900899994        28.465238546300004        20.9745407              12
   34.525984104800003        28.393852435800000        718.093201               6
   34.533206038800003        28.423717460799999        481.891937               7
   34.673597298099999        28.329191663700005        330.755737               8
   34.695617536400000        28.330061677500002        151.406876              12
   34.679878557599999        28.350876930899997        596.229370               7
   34.640482502600001        28.410479959500002        1145.53857               4
   34.632444416500000        28.453045108900000        1059.26257               4
   34.599144341699997        28.421621795200004        896.990356               5
   34.720431042199998        28.346520235399996        40.1930618              12
   34.705167891099997        28.359474032400001        246.351624              10
   34.703285011600002        28.343992502799999        231.457520              10
   34.531898291799997        28.452284584899999        164.510010              12
   34.477740087599997        28.418178873999999        143.065674              12
   34.468199267100005        28.428929765599996        62.3927155              12
   34.500070877900001        28.451347948100000        23.7472916              12
   34.466338088599997        28.439648700999996        20.2516994              12
   34.528790550600007        28.474752349700001        55.0510979              12
   34.537430868400001        28.490785950999999        127.115662              12
   34.516387836400000        28.488870192200004        6.43852854              12
   34.479254454100001        28.444342004199996        30.1023254              12
   34.472203434599997        28.454407007200000        5.11792040              12
   34.512126631099996        28.438780776099996        82.5273438              12
   34.512408667000003        28.453719560600000        6.41570807              12
   34.492660469699999        28.398421802000001        433.118134               7
   34.506118274999999        28.370125879300002        815.079468               5
   34.545844654100001        28.552066470000000        106.024803              12
   34.543849339900000        28.580708974200000        24.3712311              12
   34.535128699200001        28.568551482499995        39.4670868              12
   34.556828121599999        28.566120076200001        509.825897               7
   34.703020738399992        28.391368518699998        446.271149               7
   34.688190764300003        28.376172517500002        716.375854               6
   34.712085037800001        28.375086965100000        171.580414              12
   34.529622981099998        28.507149209400001        51.4022255              12
   34.519221439699990        28.497765462400000        8.93225288              12
   34.515778682000004        28.465641090600002        7.18010473              12
   34.504743497800000        28.471036143300001        7.72849512              12
   34.504590823299999        28.461816720800002        9.69364834              12
   34.572833006000010        28.499614447600003        717.230652               6
   34.456283544800002        28.432687261200002        5.41212082              12
   34.670075994000001        28.484102176499999        1145.91309               4
   34.619470705499999        28.494716782699999        1064.94299               4
   34.728890265099999        28.407360122699998        155.197021              12
   34.711606186899999        28.408431308099996        500.512543               7
   34.721270755399999        28.390645296899997        107.336800              12
   34.735315833800001        28.460530853199998        619.044006               6
   34.714561554100001        28.483276316900000        1093.40247               4
   34.705627504399999        28.456687227100002        1118.88489               4
   34.563887269999995        28.398962199600000        789.625183               6
   34.584344693399999        28.563885946500005        1019.63184               4
   34.567559216800007        28.548630129300001        705.481995               6
   34.597083658800003        28.531759203600000        1065.57690               4
   34.757574352600002        28.448803661800000        57.5903931              12
   34.736841744099998        28.440003143200002        390.832367               8
   34.754475328500000        28.438396074800000        17.2729626              12
   34.732759595700010        28.384558065699999        5.00000000              12
   34.737904854399993        28.398188214899999        12.6892147              12
   34.594815701300000        28.326799876999999        973.503235               5
   34.551270578000000        28.353911380800000        846.419067               5
   34.478880499200002        28.465474244799999        5.00000000              12
   34.472904656700003        28.383108586599999        357.775726               8
   34.484177498100003        28.472536293200005        5.00376225              12
   34.489930352999991        28.477719931700001        5.00000000              12
   34.530428032099998        28.523483597399999        59.0668335              12
   34.515552248100001        28.511384102899996        6.35866642              12
   34.512855866700001        28.478264654099998        5.11546230              12
   34.515714892500000        28.536026144300006        5.00000000              12
   34.512740293800000        28.523306567100001        5.00000000              12
   34.556940490899997        28.529301680000000        365.306915               8
   34.546761858199993        28.510252086400005        249.904221              10
   34.616689668900001        28.560866609300000        1108.79736               4
   34.565925817899995        28.581765711199999        410.991791               7
   34.650618073700009        28.530622230700001        1121.75366               4
   34.672148066299989        28.440605901599998        1224.55127               3
   34.706408990100002        28.429392482899999        906.775635               5
   34.730257204499999        28.422521406500003        312.525604               8
   34.681330113100003        28.405780552900001        991.167847               5
   34.744344927100002        28.414634379900001        35.7678490              12
   34.752403968000003        28.424932909500001        16.8444920              12
   34.723927072199999        28.360069249999999        22.3140545              12
   34.728597360600006        28.373422975600000        5.00000000              12
   34.699517362699993        28.301762395800001        5.00000000              12
   34.704499040899996        28.314932774700004        7.84066391              12
   34.686393606800003        28.313383766600001        24.2792530              12
   34.709566424900004        28.323689229599996        28.5594215              12
   34.715250171999990        28.334230706099998        51.5134392              12
   34.662642185000010        28.309876728699994        242.574829              10
   34.753272827899991        28.464571632100004        93.3202209              12
   34.765600277099999        28.461722363300005        5.00000000              12
           3           1           2           3
           3           4           5           6
           3           7           8           9
           3          10          11          12
           3          13          14          15
           3          16          17          18
           3          19          20          21
           3           8          22          23
           3          24          25          26
           3          27          28          29
           3          30          31          32
           3          25          32          26
           3          23           1          33
           3          12          34          35
           3          19           9          36
           3          35           7          37
           3          38          39          40
           3          37          41          42
           3          36          43          44
           3          37           7          41
           3          22          45          46
           3          41           7           9
           3          34          45           8
           3          13          21          14
           3          47           5           4
           3          48          49          50
           3          51          52          53
           3          39          54          55
           3          56          57          58
           3          36          44          58
           3           3           2          59
           3           9           8          43
           3           7          34           8
           3          45          22           8
           3          43          33          44
           3          43           8          23
           3          60          12          35
           3          28          61          62
           3          63          64          65
           3          66          67          68
           3          29           1          69
           3          70          71          72
           3          72          59          62
           3          73          74          75
           3          65          76          77
           3          78          18          17
           3          11          45          34
           3          19          36          20
           3           9          43          36
           3          43          23          33
           3          22          79          69
           3          20          58          14
           3          56          33          38
           3          80          19          21
           3          36          58          20
           3          41          19          42
           3          41           9          19
           3          35          34           7
           3          34          12          11
           3          81          45          11
           3          60          35          37
           3          42          19          80
           3          20          14          21
           3          58          57          14
           3          58          44          56
           3          21          13          82
           3          80          21          82
           3          82          13          83
           3          54          84          85
           3          85          55          54
           3          38          86          56
           3          13          15          83
           3          84          87          88
           3          47           4          89
           3           6          87           4
           3           4          84          89
           3           4          87          84
           3          59          89          90
           3          84          88          85
           3          57          56          86
           3          44          33          56
           3          38          40          86
           3           1           3          33
           3          39          55          40
           3          70          72          91
           3          90          84          54
           3          71          89          72
           3          71          47          89
           3          92          50          70
           3          47          50          49
           3          50          47          71
           3          49           5          47
           3          59          90          39
           3          89          84          90
           3          70          50          71
           3          92          48          50
           3          39           3          59
           3          38          33           3
           3          54          39          90
           3          38           3          39
           3          29           2           1
           3          22          69          23
           3          27          17          16
           3          23          69           1
           3          62          59           2
           3          72          89          59
           3          93          72          62
           3          17          29          69
           3          94          68          61
           3          79          17          69
           3          18          26          16
           3          95          68          94
           3          96          95          64
           3          64          95          97
           3          96          98          99
           3          52          51          97
           3          63          96          64
           3          31          53          52
           3          65          51          53
           3         100         101          53
           3         102         103         104
           3         105         106          25
           3          26          32          31
           3          32         106          30
           3          26          31          52
           3          32          25         106
           3         104          25          24
           3         103         105          25
           3         103          25         104
           3          16          26          52
           3          18         107          24
           3          62          61          93
           3          64          51          65
           3          64          97          51
           3          28          94          61
           3          68          67          61
           3          27          94          28
           3          97          95          94
           3          97          16          52
           3          27          29          17
           3           2          28          62
           3           2          29          28
           3          97          27          16
           3          97          94          27
           3          18          24          26
           3         107         104          24
           3         100          53          31
           3          65          53         101
           3          30         100          31
           3          95          74          68
           3          74          96          99
           3          75          74          99
           3          66          68          74
           3          98          96          63
           3          74          95          96
           3          65         101          76
           3          63          77          98
           3          63          65          77
           3          73          66          74
           3         108          73         109
           3         108          66          73
           1           2           3
           2           3           1
           3           1           2
           4           5           6
           5           6           4
           6           4           5
           7           8           9
           8           9           7
           9           7           8
          10          11          12
          11          12          10
          12          10          11
          13          14          15
          14          15          13
          15          13          14
          16          17          18
          17          18          16
          18          16          17
          19          20          21
          20          21          19
          21          19          20
          22          22          23
          23          23           8
          24           8          22
          25          25          26
          26          26          24
          27          24          25
          28          28          29
          29          29          27
          30          27          28
          31          31          32
          32          32          30
          33          30          31
          34          32          26
          35          25          32
          36           1          33
          37          33          23
          38          23           1
          39          34          35
          40          35          12
          41          12          34
          42           9          36
          43          36          19
          44          19           9
          45           7          37
          46          37          35
          47          35           7
          48          39          40
          49          40          38
          50          38          39
          51          41          42
          52          42          37
          53          37          41
          54          43          44
          55          44          36
          56          36          43
          57           7          41
          58          45          46
          59          46          22
          60          22          45
          61           9          41
          62          45           8
          63           8          34
          64          34          45
          65          21          14
          66          13          21
          67           4          47
          68          47           5
          69          49          50
          70          50          48
          71          48          49
          72          52          53
          73          53          51
          74          51          52
          75          54          55
          76          55          39
          77          39          54
          78          57          58
          79          58          56
          80          56          57
          81          44          58
          82          58          36
          83           2          59
          84          59           3
          85           8          43
          86          43           9
          87           7          34
          88          33          44
          89          43          33
          90          23          43
          91          35          60
          92          60          12
          93          61          62
          94          62          28
          95          28          61
          96          64          65
          97          65          63
          98          63          64
          99          67          68
         100          68          66
         101          66          67
         102           1          69
         103          69          29
         104          29           1
         105          71          72
         106          72          70
         107          70          71
         108          59          62
         109          62          72
         110          72          59
         111          74          75
         112          75          73
         113          73          74
         114          76          77
         115          77          65
         116          65          76
         117          17          78
         118          18          78
         119          34          11
         120          11          45
         121          36          20
         122          79          69
         123          69          22
         124          22          79
         125          58          14
         126          14          20
         127          20          58
         128          33          38
         129          38          56
         130          56          33
         131          21          80
         132          80          19
         133          19          42
         134          41          19
         135          81          11
         136          45          81
         137          37          60
         138          80          42
         139          57          14
         140          44          56
         141          13          82
         142          82          21
         143          82          80
         144          13          83
         145          83          82
         146          84          85
         147          85          54
         148          54          84
         149          85          55
         150          86          56
         151          38          86
         152          15          83
         153          87          88
         154          88          84
         155          84          87
         156           4          89
         157          89          47
         158          87           4
         159           6          87
         160          84          89
         161           4          84
         162          89          90
         163          90          59
         164          59          89
         165          88          85
         166          86          57
         167          40          86
         168           3          33
         169          55          40
         170          72          91
         171          70          91
         172          54          90
         173          90          84
         174          89          72
         175          71          89
         176          71          47
         177          50          70
         178          92          70
         179          92          50
         180          49          47
         181          47          50
         182          71          50
         183          49           5
         184          90          39
         185          39          59
         186          48          92
         187          39           3
         188           3          38
         189          29           2
         190          69          23
         191          16          27
         192          27          17
         193           2          62
         194          62          93
         195          72          93
         196          69          17
         197          17          29
         198          68          61
         199          61          94
         200          94          68
         201          17          79
         202          26          16
         203          18          26
         204          94          95
         205          95          68
         206          95          64
         207          64          96
         208          96          95
         209          95          97
         210          97          64
         211          98          99
         212          99          96
         213          96          98
         214          51          97
         215          97          52
         216          63          96
         217          52          31
         218          31          53
         219          53          65
         220          65          51
         221         101          53
         222          53         100
         223         100         101
         224         103         104
         225         102         104
         226         102         103
         227         106          25
         228          25         105
         229         105         106
         230          31          26
         231         106          30
         232          32         106
         233          52          26
         234          24         104
         235         104          25
         236          25         103
         237         103         105
         238          52          16
         239         107          24
         240          24          18
         241         107          18
         242          93          61
         243          64          51
         244          28          94
         245          61          67
         246          27          94
         247          94          97
         248          97          16
         249           2          28
         250          97          27
         251         104         107
         252          31         100
         253         101          65
         254          30         100
         255          74          68
         256          95          74
         257          99          74
         258          74          96
         259          99          75
         260          74          66
         261          63          98
         262         101          76
         263          77          98
         264          63          77
         265          73          66
         266          73         109
         267         109         108
         268         108          73
         269          66         108
