       4387       2725       1656         32         17          2          1          1          0          0          0          0          0          0          0          0          0          0
 local to global mapping:
         157
           1           1
           2          12
           3          14
           4          15
           5          16
           6          20
           7          21
           8          70
           9          73
          10          76
          11          78
          12          79
          13          80
          14          81
          15          87
          16          88
          17          89
          18          95
          19          96
          20          97
          21          98
          22         100
          23         147
          24         151
          25         299
          26         303
          27         312
          28         314
          29         315
          30         316
          31         317
          32         318
          33         319
          34         320
          35         321
          36         322
          37         323
          38         324
          39         325
          40         326
          41         327
          42         328
          43         330
          44         331
          45         332
          46         333
          47         334
          48         335
          49         337
          50         339
          51         340
          52         365
          53         404
          54         405
          55         415
          56         416
          57        1225
          58        1268
          59        1269
          60        1270
          61        1271
          62        1272
          63        1273
          64        1274
          65        1275
          66        1276
          67        1279
          68        1282
          69        1284
          70        1285
          71        1286
          72        1287
          73        1288
          74        1289
          75        1290
          76        1291
          77        1292
          78        1293
          79        1294
          80        1296
          81        1297
          82        1298
          83        1299
          84        1300
          85        1301
          86        1302
          87        1303
          88        1304
          89        1305
          90        1306
          91        1307
          92        1308
          93        1309
          94        1310
          95        1311
          96        1312
          97        1313
          98        1314
          99        1315
         100        1316
         101        1317
         102        1318
         103        1319
         104        1320
         105        1321
         106        1322
         107        1323
         108        1324
         109        1325
         110        1326
         111        1327
         112        1328
         113        1329
         114        1330
         115        1331
         116        1332
         117        1333
         118        1334
         119        1335
         120        1336
         121        1337
         122        1338
         123        1340
         124        1341
         125        1342
         126        1343
         127        1344
         128        1345
         129        1346
         130        1347
         131        1348
         132        1349
         133        1362
         134        1443
         135        1447
         136        1448
         137        1449
         138        1602
         139        1603
         140        1604
         141        1638
         142        1640
         143        1641
         144        1642
         145        1643
         146        1644
         147        1645
         148        1646
         149        1647
         150        1648
         151        1649
         152        1652
         153        1653
         154        1654
         155        1655
         156        1656
         157        1657
         106
           1         741
           2         750
           3         754
           4         679
           5         650
           6         676
           7         644
           8         672
           9         643
          10         727
          11         729
          12         686
          13         675
          14         659
          15         742
          16         751
          17         736
          18         739
          19         662
          20         688
          21         687
          22         728
          23         723
          24         735
          25         722
          26         706
          27         642
          28         619
          29         641
          30         660
          31         622
          32         645
          33         621
          34         690
          35         691
          36         711
          37         715
          38         717
          39         623
          40         599
          41         598
          42         649
          43         624
          44         697
          45         712
          46         700
          47         693
          48         730
          49         640
          50         669
          51         680
          52         655
          53         681
          54         725
          55         724
          56         710
          57         685
          58         704
          59         734
          60         714
          61         713
          62         620
          63         670
          64         671
          65         721
          66         708
          67         709
          68         689
          69         674
          70         696
          71         695
          72         694
          73         666
          74         665
          75         633
          76         607
          77         608
          78         634
          79         618
          80         673
          81         617
          82         668
          83         716
          84         701
          85         654
          86         707
          87         705
          88         692
          89         648
          90         646
          91         647
          92         658
          93         661
          94         628
          95         627
          96         626
          97         632
          98         606
          99         664
         100         667
         101         699
         102         651
         103         625
         104         652
         105         653
         106         678
         262
           1           1
           2           2
           3           3
           4          34
           5          35
           6          36
           7          40
           8          41
           9          42
          10          43
          11          44
          12          45
          13          46
          14          47
          15          48
          16          58
          17          59
          18          60
          19          61
          20          62
          21         202
          22         203
          23         204
          24         211
          25         212
          26         219
          27         220
          28         221
          29         225
          30         226
          31         227
          32         228
          33         229
          34         230
          35         231
          36         232
          37         233
          38         234
          39         235
          40         251
          41         252
          42         253
          43         254
          44         255
          45         256
          46         257
          47         258
          48         259
          49         274
          50         275
          51         276
          52         277
          53         278
          54         279
          55         280
          56         281
          57         282
          58         283
          59         284
          60         288
          61         289
          62         290
          63         422
          64         423
          65         424
          66         433
          67         434
          68         435
          69         817
          70         818
          71         819
          72         828
          73         829
          74         830
          75         742
          76         849
          77         850
          78         853
          79         854
          80         855
          81         856
          82         857
          83         858
          84         859
          85         860
          86         861
          87         862
          88         863
          89         864
          90         865
          91         866
          92         867
          93         868
          94         869
          95         870
          96         871
          97         872
          98         873
          99         874
         100         875
         101         876
         102         877
         103         878
         104         879
         105         880
         106         881
         107         885
         108         886
         109         887
         110         888
         111         889
         112         890
         113         891
         114         892
         115         893
         116         894
         117         895
         118         896
         119         897
         120         898
         121         899
         122         903
         123         904
         124         905
         125         909
         126         910
         127         911
         128         912
         129         913
         130         972
         131         973
         132        1068
         133        1069
         134        1070
         135        1071
         136        1095
         137        1096
         138        1097
         139        1098
         140        1099
         141        2545
         142        2546
         143        2547
         144        2548
         145        2549
         146        2550
         147        2551
         148        2552
         149        2553
         150        2554
         151        2555
         152        2556
         153        2557
         154        2558
         155        2559
         156        2565
         157        2566
         158        2567
         159        2568
         160        2569
         161        2570
         162        2571
         163        2572
         164        2573
         165        2574
         166        2575
         167        2576
         168        2577
         169        2578
         170        2579
         171        2580
         172        2582
         173        2583
         174        2584
         175        2585
         176        2586
         177        2587
         178        2588
         179        2589
         180        2590
         181        2591
         182        2592
         183        2593
         184        2594
         185        2595
         186        2596
         187        2597
         188        2598
         189        2599
         190        2600
         191        2601
         192        2602
         193        2603
         194        2604
         195        2605
         196        2606
         197        2607
         198        2608
         199        2609
         200        2610
         201        2611
         202        2612
         203        2613
         204        2614
         205        2615
         206        2616
         207        2617
         208        2618
         209        2619
         210        2620
         211        2621
         212        2622
         213        2623
         214        2624
         215        2625
         216        2626
         217        2627
         218        2628
         219        2629
         220        2630
         221        2631
         222        2634
         223        2635
         224        2636
         225        2637
         226        2638
         227         930
         228        2639
         229        2640
         230         238
         231        2655
         232        2644
         233         931
         234        2581
         235        2770
         236        2771
         237        3011
         238        3012
         239        3013
         240        3014
         241        3044
         242        3045
         243        3048
         244        3049
         245        3050
         246        3051
         247        3052
         248        3053
         249        3054
         250        3055
         251        3056
         252        3057
         253        3058
         254        3059
         255        3060
         256        3061
         257        3062
         258        3063
         259        3064
         260        3065
         261        3066
         262        1112
 Header:
       2000          2          1           0.00           0.00
        48  0.9000000E+03      3     32     12    0.99999998E-02    0.20000000E+03    0.10000000E+02    0.00000000E+00    0.99999997E-04   2
  -1800.00000    
  -1600.00000    
  -1400.00000    
  -1200.00000    
  -1000.00000    
  -800.000000    
  -600.000000    
  -400.000000    
  -300.000000    
  -260.000000    
  -230.000000    
  -1.00000000    
 -0.949999988    
 -0.899999976    
 -0.850000024    
 -0.800000012    
 -0.750000000    
 -0.699999988    
 -0.649999976    
 -0.600000024    
 -0.550000012    
 -0.500000000    
 -0.449999988    
 -0.400000006    
 -0.349999994    
 -0.300000012    
 -0.250000000    
 -0.200000003    
 -0.150000006    
 -0.100000001    
  -5.00000007E-02
   0.00000000    
         106         157
   34.543366002900001        28.202209817600000        1063.55737               4
   34.519005884800002        28.175818965300000        1106.01758               4
   34.552509590100001        28.162446747799997        650.982666               6
   34.647185312399998        28.246016170000001        161.597672              12
   34.659274625199998        28.262662632399998        47.5058250              12
   34.636416570700007        28.273466747600001        539.219849               7
   34.409524179799995        28.279064241200000        5.00000000              12
   34.428734206300000        28.282076909600004        89.9390335              12
   34.409394731600003        28.293127223800003        12.4346266              12
   34.549702680099998        28.245147343900001        963.116760               5
   34.576059302499999        28.214152712400001        939.052734               5
   34.435647609800000        28.228509757300003        87.7761917              12
   34.428794902599996        28.244501605400000        79.8689651              12
   34.413518647899998        28.235255311799996        9.65949440              12
   34.577581709900002        28.182361629500001        657.038452               6
   34.493850509500000        28.163736415700001        827.042419               5
   34.476210963299998        28.174707829799999        410.344238               7
   34.470196897299999        28.160976185699997        430.201477               7
   34.439199703699991        28.196519360400004        5.00000000              12
   34.446064413700000        28.192082276000001        5.00000000              12
   34.448424585399998        28.203156451600002        5.00000000              12
   34.512884104699999        28.229727387099999        980.822937               5
   34.469606967600008        28.188112093800001        195.443436              12
   34.491330380000001        28.183959353300001        580.080994               7
   34.481845189200001        28.199438942400004        424.740417               7
   34.465133025199997        28.204431793799998        126.868019              12
   34.456249708000001        28.347988261499999        208.567963              11
   34.436517600999998        28.353367600799999        5.00000000              12
   34.440562952400008        28.335168333199995        48.1067810              12
   34.416071722900000        28.221681089800004        10.0926132              12
   34.409691284100006        28.308047108099995        8.81842327              12
   34.430907934399997        28.318133652800004        92.4877777              12
   34.412140858100003        28.322349419399995        5.00000000              12
   34.551270578000000        28.353911380800000        846.419067               5
   34.512080924699994        28.334105937000004        845.399963               5
   34.546945190199999        28.298087474200003        906.042114               5
   34.591472486100002        28.238252263200000        1018.53162               4
   34.608075897100001        28.215455768100000        722.755859               6
   34.679739787700001        28.295347361200005        11.9372835              12
   34.692747445499997        28.288096721799999        5.00000000              12
   34.699517362699993        28.301762395800001        5.00000000              12
   34.663556690599997        28.282432611699999        121.154083              12
   34.684286095200001        28.275712147499995        5.00000000              12
   34.614974613499996        28.256697112999998        849.429932               5
   34.580132981299997        28.264363214699998        1011.99652               4
   34.623487850700002        28.233236928900002        619.036560               6
   34.600420931700000        28.289008873499998        975.662170               5
   34.601812741800003        28.193758072999998        608.813965               6
   34.662642185000010        28.309876728699994        242.574829              10
   34.633968519500002        28.302783189800000        729.194580               6
   34.650610116800003        28.210306898999995        20.0932369              12
   34.662928297999997        28.218354549799997        5.00000000              12
   34.647706289100000        28.226369192700005        108.293076              12
   34.451670631900001        28.161609839699999        58.3466606              12
   34.460277488700001        28.174840917400001        152.612274              12
   34.450080148799998        28.172181481900001        24.3968582              12
   34.441045813400002        28.213638942599999        9.07585239              12
   34.454421272099999        28.216707056699999        82.2420273              12
   34.505539227400000        28.202291360800000        907.985779               5
   34.479968490499999        28.245934438399999        833.659668               5
   34.506951868199998        28.267754207699998        899.104370               5
   34.421077762000010        28.338986491600000        9.76507187              12
   34.458078864400001        28.321817627100000        360.798676               8
   34.479610657400009        28.333082720899998        799.274292               6
   34.480318069200003        28.218908559399999        632.914429               6
   34.454077963499998        28.185829590800004        21.1973743              12
   34.447320923600003        28.179927488300002        7.63871050              12
   34.441950591599998        28.185927633899997        5.00000000              12
   34.433331866899998        28.262890310399996        144.017456              12
   34.449232974499999        28.248365743599997        347.550385               8
   34.463033983300001        28.273677876899999        559.199768               7
   34.490994413099997        28.302149806700005        782.297302               6
   34.481197837800003        28.356336386700001        776.895508               6
   34.506118274999999        28.370125879300002        815.079468               5
   34.472904656700003        28.383108586599999        357.775726               8
   34.450229481699999        28.399204658999999        16.9860420              12
   34.447475221500000        28.382393990299999        30.1331120              12
   34.460895008599998        28.366733315800005        267.418182               9
   34.442889930999996        28.367041966000002        17.4455528              12
   34.451328621199998        28.299248626900003        336.357239               8
   34.686393606800003        28.313383766600001        24.2792530              12
   34.642250145600002        28.339581790499999        857.436707               5
   34.623439774300003        28.199496346800000        347.312683               8
   34.632208852500000        28.215333816800001        353.119812               8
   34.668809945100001        28.232559721299999        5.00000000              12
   34.456545883399997        28.195120261699998        19.4912567              12
   34.459553709300003        28.231949769800003        436.073334               7
   34.594815701300000        28.326799876999999        973.503235               5
   34.415498545600002        28.254925865600004        7.17658377              12
   34.426696585499997        28.300245314499996        84.4363327              12
   34.411023963100000        28.268305164600001        6.49738741              12
   34.429856144200002        28.214820753299996        8.64829922              12
   34.436677439199997        28.204850654299996        5.00000000              12
   34.431413960999997        28.197136526600008        5.00000000              12
   34.427386322799997        28.203631553600005        5.00000000              12
   34.421181905300003        28.210895628800003        5.00000000              12
   34.492660469699999        28.398421802000001        433.118134               7
   34.468820180099996        28.404490894299997        128.443024              12
   34.525984104800003        28.393852435800000        718.093201               6
   34.605897409199997        28.374000509900004        976.669312               5
   34.639308660799998        28.203681223500002        134.374329              12
   34.673345828499997        28.246371882599998        5.00000000              12
   34.678597112200002        28.262704224099998        5.00000000              12
   34.659718503100009        28.209629892500004        5.00000000              12
   34.660829278900003        28.202653206000004        5.00000000              12
   34.650781738400006        28.199546752300002        16.6783829              12
           3           1           2           3
           3           4           5           6
           3           7           8           9
           3          10           1          11
           3          12          13          14
           3           3          15           1
           3          16          17          18
           3          19          20          21
           3          10          22           1
           3          23          17          24
           3          25          26          23
           3          27          28          29
           3          14          30          12
           3          31          32          33
           3          34          35          36
           3          37          11          38
           3          39          40          41
           3          39          42          43
           3          44          45          37
           3          37          46          44
           3          44           6          47
           3          48          11          15
           3          42          49          50
           3          51          52          53
           3          54          55          56
           3          12          57          58
           3          24          16           2
           3           1          59           2
           3          55          54          18
           3          16          24          17
           3          60          22          61
           3          47          45          44
           3          32          62          33
           3          63          64          27
           3          22          65          59
           3           2          59          24
           3           1          22          59
           3          55          66          67
           3          25          23          24
           3          68          66          20
           3          55          17          23
           3          69          13          70
           3          70          13          12
           3           8          69          71
           3          29          62          32
           3          61          36          72
           3          73          74          75
           3          76          77          75
           3          27          78          79
           3          80          63          32
           3          64          73          27
           3          74          35          34
           3          41          81          39
           3          82          50          49
           3          38          83          84
           3          85          53          52
           3          17          55          18
           3          21          20          86
           3          86          66          23
           3          58          65          87
           3          26          25          65
           3          86          23          26
           3          66          55          23
           3          58          57          21
           3          20          66          86
           3           1          15          11
           3          38          84          46
           3          48          38          11
           3          59          25          24
           3          59          65          25
           3          37          10          11
           3          45          36          10
           3          46          37          38
           3          45          10          37
           3           4          44          46
           3           6          50          47
           3          82          88          50
           3          35          64          72
           3          47          36          45
           3          70          60          71
           3          36          35          72
           3          10          61          22
           3          10          36          61
           3          60          87          65
           3          63          72          64
           3          22          60          65
           3          61          72          71
           3          89          13          69
           3          60          61          71
           3          90           8          80
           3          71          72          80
           3          60          70          87
           3          69          91          89
           3          92          57          12
           3          87          70          12
           3          26          58          21
           3          12          30          92
           3          65          58          26
           3          87          12          58
           3          26          21          86
           3          57          93          21
           3          68          67          66
           3          56          55          67
           3          94          19          93
           3          95          93          92
           3          19          21          93
           3          96          92          30
           3          93          57          92
           3          96          95          92
           3          94          93          95
           3          14          13          89
           3          69           8          91
           3          71          69          70
           3          71          80           8
           3          32          90          80
           3           7          91           8
           3          31          90          32
           3           9           8          90
           3           9          90          31
           3          29          28          62
           3          27          79          28
           3          78          77          79
           3          32          63          29
           3          80          72          63
           3          47          88          36
           3          74          73          35
           3          35          73          64
           3          74          97          75
           3          78          75          77
           3          78          73          75
           3          63          27          29
           3          73          78          27
           3          75          98          76
           3          99          74          34
           3          34          88         100
           3          36          88          34
           3          47          50          88
           3          50           6          42
           3          43          40          39
           3          39          81          49
           3          84          53          46
           3           4           6          44
           3          42          39          49
           3          85           4          53
           3           4          46          53
           3         101          51          84
           3          53          84          51
           3          85         102           4
           3         102           5           4
           3           5          42           6
           3           5         103          42
           3         102         103           5
           3          43          42         103
           3         104          51         105
           3         105          51         106
           3          52          51         104
           3          51         101         106
           1           2           3
           2           3           1
           3           1           2
           4           5           6
           5           6           4
           6           4           5
           7           8           9
           8           9           7
           9           7           8
          10           1          11
          11          11          10
          12          10           1
          13          13          14
          14          14          12
          15          12          13
          16          15           1
          17           3          15
          18          17          18
          19          18          16
          20          16          17
          21          20          21
          22          21          19
          23          19          20
          24          22           1
          25          10          22
          26          17          24
          27          24          23
          28          23          17
          29          26          23
          30          23          25
          31          25          26
          32          28          29
          33          29          27
          34          27          28
          35          30          12
          36          14          30
          37          32          33
          38          33          31
          39          31          32
          40          35          36
          41          36          34
          42          34          35
          43          11          38
          44          38          37
          45          37          11
          46          40          41
          47          41          39
          48          39          40
          49          42          43
          50          43          39
          51          39          42
          52          45          37
          53          37          44
          54          44          45
          55          46          44
          56          37          46
          57           6          47
          58          47          44
          59          44           6
          60          11          15
          61          15          48
          62          48          11
          63          49          50
          64          50          42
          65          42          49
          66          52          53
          67          53          51
          68          51          52
          69          55          56
          70          56          54
          71          54          55
          72          57          58
          73          58          12
          74          12          57
          75           2          16
          76           2          24
          77          24          16
          78          59           2
          79           1          59
          80          54          18
          81          18          55
          82          22          61
          83          61          60
          84          60          22
          85          47          45
          86          62          33
          87          32          62
          88          64          27
          89          27          63
          90          63          64
          91          65          59
          92          59          22
          93          22          65
          94          59          24
          95          66          67
          96          67          55
          97          55          66
          98          24          25
          99          66          20
         100          20          68
         101          68          66
         102          23          55
         103          55          17
         104          13          70
         105          70          69
         106          69          13
         107          12          70
         108          69          71
         109          71           8
         110           8          69
         111          32          29
         112          29          62
         113          36          72
         114          72          61
         115          61          36
         116          74          75
         117          75          73
         118          73          74
         119          77          75
         120          75          76
         121          76          77
         122          78          79
         123          79          27
         124          27          78
         125          63          32
         126          32          80
         127          80          63
         128          73          27
         129          64          73
         130          34          74
         131          74          35
         132          81          39
         133          41          81
         134          49          82
         135          82          50
         136          83          84
         137          84          38
         138          38          83
         139          52          85
         140          85          53
         141          20          86
         142          86          21
         143          66          23
         144          23          86
         145          86          66
         146          65          87
         147          87          58
         148          58          65
         149          25          65
         150          65          26
         151          26          86
         152          57          21
         153          21          58
         154          84          46
         155          46          38
         156          48          38
         157          59          25
         158          37          10
         159          36          10
         160          10          45
         161          45          36
         162          46           4
         163           4          44
         164          50          47
         165           6          50
         166          88          50
         167          82          88
         168          64          72
         169          72          35
         170          35          64
         171          47          36
         172          60          71
         173          71          70
         174          70          60
         175          10          61
         176          65          60
         177          60          87
         178          63          72
         179          72          71
         180          71          61
         181          69          89
         182          89          13
         183           8          80
         184          80          90
         185          90           8
         186          72          80
         187          80          71
         188          70          87
         189          91          89
         190          69          91
         191          12          92
         192          92          57
         193          12          87
         194          21          26
         195          26          58
         196          30          92
         197          93          21
         198          57          93
         199          68          67
         200          67          56
         201          19          93
         202          93          94
         203          94          19
         204          93          92
         205          92          95
         206          95          93
         207          30          96
         208          96          92
         209          96          95
         210          95          94
         211          89          14
         212           8          91
         213          32          90
         214           7          91
         215          31          90
         216          90           9
         217          31           9
         218          28          62
         219          79          28
         220          77          79
         221          78          77
         222          63          29
         223          88          36
         224          47          88
         225          73          35
         226          97          75
         227          97          74
         228          78          75
         229          78          73
         230          76          98
         231          75          98
         232          99          34
         233          74          99
         234         100          88
         235         100          34
         236          34          88
         237           6          42
         238          43          40
         239          81          49
         240          49          39
         241          53          46
         242          84          53
         243           4          53
         244          85           4
         245          51          84
         246          84         101
         247         101          51
         248         102           4
         249          85         102
         250         102           5
         251           5          42
         252         103          42
         253           5         103
         254         102         103
         255         103          43
         256          51         105
         257         105         104
         258         104          51
         259          51         106
         260         106         105
         261         104          52
         262         106         101
