       4387       2725       1656         32         17          2          1          1          0          0          0          0          0          0          0          0          0          0
 local to global mapping:
         165
           1          10
           2          51
           3          53
           4          55
           5          57
           6          59
           7          60
           8          61
           9          62
          10          64
          11          67
          12         103
          13         157
          14         232
          15         233
          16         234
          17         235
          18         247
          19         248
          20         249
          21         250
          22         251
          23         252
          24         253
          25         257
          26         264
          27         265
          28         279
          29         285
          30         288
          31         289
          32         290
          33         291
          34         292
          35         294
          36         298
          37         641
          38         832
          39         923
          40         925
          41         926
          42         935
          43         950
          44         953
          45         963
          46         964
          47         970
          48         971
          49         972
          50         973
          51         974
          52         975
          53         976
          54         977
          55         978
          56         979
          57        1001
          58        1002
          59        1003
          60        1004
          61        1005
          62        1006
          63        1007
          64        1009
          65        1010
          66        1011
          67        1012
          68        1013
          69        1014
          70        1015
          71        1016
          72        1017
          73        1018
          74        1019
          75        1020
          76        1021
          77        1022
          78        1023
          79        1024
          80        1025
          81        1026
          82        1031
          83        1032
          84        1048
          85        1049
          86        1050
          87        1051
          88        1052
          89        1053
          90        1054
          91        1055
          92        1056
          93        1057
          94        1058
          95        1059
          96        1060
          97        1063
          98        1067
          99        1097
         100        1099
         101        1122
         102        1127
         103        1128
         104        1129
         105        1130
         106        1131
         107        1132
         108        1137
         109        1138
         110        1139
         111        1140
         112        1141
         113        1142
         114        1143
         115        1144
         116        1145
         117        1146
         118        1147
         119        1148
         120        1149
         121        1150
         122        1151
         123        1152
         124        1153
         125        1154
         126        1155
         127        1156
         128        1157
         129        1158
         130        1159
         131        1160
         132        1161
         133        1162
         134        1163
         135        1164
         136        1165
         137        1166
         138        1167
         139        1168
         140        1169
         141        1170
         142        1171
         143        1172
         144        1173
         145        1174
         146        1175
         147        1176
         148        1177
         149        1178
         150        1179
         151        1180
         152        1181
         153        1182
         154        1183
         155        1184
         156        1187
         157        1188
         158        1189
         159        1196
         160        2390
         161        2405
         162        2508
         163        2509
         164        2510
         165        2511
         126
           1         960
           2        1026
           3        1025
           4         899
           5         953
           6         959
           7        1280
           8        1246
           9        1281
          10        1338
          11        1376
          12        1337
          13        1278
          14        1243
          15        1279
          16        1155
          17        1086
          18        1092
          19        1134
          20        1135
          21        1196
          22         957
          23         956
          24         896
          25        1159
          26        1158
          27        1213
          28         967
          29         964
          30         906
          31        1021
          32        1029
          33        1087
          34        1004
          35        1064
          36        1005
          37        1139
          38        1198
          39        1138
          40        1024
          41        1094
          42        1023
          43        1093
          44        1091
          45        1200
          46        1142
          47        1199
          48        1141
          49        1193
          50        1195
          51        1241
          52        1063
          53        1247
          54         936
          55        1002
          56        1001
          57        1027
          58        1028
          59        1022
          60         954
          61         902
          62         852
          63         850
          64         904
          65         952
          66        1157
          67        1090
          68        1088
          69         955
          70         895
          71         844
          72         958
          73         900
          74         847
          75         898
          76        1307
          77        1308
          78        1212
          79        1211
          80        1089
          81        1156
          82        1073
          83        1140
          84        1066
          85        1067
          86        1245
          87        1197
          88        1074
          89        1137
          90        1136
          91        1131
          92        1075
          93        1244
          94        1282
          95        1309
          96        1312
          97        1277
          98        1132
          99        1133
         100        1242
         101        1240
         102        1069
         103         937
         104        1062
         105        1003
         106        1065
         107         903
         108         819
         109        1153
         110         963
         111         962
         112         818
         113         961
         114         894
         115         893
         116         897
         117         846
         118         901
         119         851
         120         817
         121         849
         122         848
         123         845
         124        1335
         125        1303
         126        1375
         288
           1          28
           2          29
           3          30
           4         147
           5         148
           6         149
           7         153
           8         154
           9         155
          10         158
          11         159
          12         160
          13         164
          14         165
          15         166
          16         170
          17         171
          18         172
          19         173
          20         174
          21         175
          22         176
          23         177
          24         178
          25          39
          26         179
          27         180
          28         184
          29         185
          30         186
          31         193
          32         194
          33         195
          34         296
          35         297
          36         298
          37         450
          38         451
          39         452
          40         643
          41         644
          42         645
          43         646
          44         647
          45         648
          46         649
          47         650
          48         651
          49         652
          50         680
          51         681
          52         682
          53         683
          54         684
          55         685
          56         686
          57         687
          58         669
          59         688
          60         689
          61         690
          62         691
          63         692
          64         693
          65         694
          66         704
          67         705
          68         724
          69         725
          70         726
          71         727
          72         763
          73         764
          74         765
          75         781
          76         782
          77         783
          78         790
          79         791
          80         792
          81         793
          82         794
          83         795
          84         796
          85         797
          86         798
          87         799
          88         800
          89         801
          90         802
          91         803
          92         807
          93         808
          94         814
          95         815
          96         816
          97        1655
          98        1656
          99        1657
         100          37
         101        1990
         102        1991
         103        2101
         104        2102
         105        2048
         106        2104
         107        2105
         108        2106
         109        1993
         110        2112
         111        2113
         112         188
         113        2125
         114        2128
         115        2148
         116        2149
         117        2150
         118        2151
         119        2152
         120        2153
         121        2158
         122        2159
         123        2160
         124         759
         125        2156
         126        2161
         127        2162
         128        2163
         129        2164
         130        2165
         131        2166
         132        2167
         133         758
         134        2168
         135        2169
         136        2170
         137        2171
         138        2172
         139        2173
         140        2174
         141        2175
         142        2196
         143        2197
         144        2198
         145        2199
         146        2200
         147        2201
         148        2202
         149        2203
         150        2204
         151         678
         152        2205
         153        2206
         154        2207
         155        2211
         156        2212
         157        2213
         158        2214
         159        2215
         160        2216
         161        2217
         162        2218
         163        2219
         164        2220
         165        2221
         166        2222
         167        2223
         168        2224
         169        2225
         170        2226
         171        2227
         172        2228
         173        2229
         174        2230
         175        2231
         176        2232
         177        2233
         178        2242
         179        2243
         180         431
         181        2241
         182        2270
         183        2271
         184        2272
         185        2273
         186        2274
         187        2275
         188        2276
         189        2277
         190        2278
         191        2279
         192        2280
         193        2281
         194        2282
         195        2283
         196        2284
         197         697
         198        2288
         199        2341
         200        2342
         201        2345
         202        2346
         203        2375
         204        2381
         205         787
         206        2382
         207        2383
         208        2384
         209        2385
         210        2386
         211        2387
         212        2388
         213        2389
         214        2390
         215        2392
         216        2393
         217        2394
         218        2395
         219        2396
         220        2397
         221        2398
         222        2399
         223        2400
         224        2401
         225        2402
         226        2403
         227        2404
         228        2111
         229        2405
         230        2406
         231        2407
         232        2408
         233        2409
         234        2410
         235        2411
         236        2412
         237        2413
         238        2414
         239        2415
         240        2416
         241        2417
         242        2418
         243        2419
         244        2420
         245        2421
         246        2422
         247        2423
         248        2424
         249        2425
         250        2426
         251        2427
         252        2428
         253        2429
         254        2430
         255        2431
         256        2432
         257        2433
         258        2434
         259        2435
         260        2436
         261        2437
         262        2438
         263        2439
         264        2440
         265        2441
         266        2442
         267        2443
         268        2444
         269        2445
         270        2343
         271        2446
         272        2447
         273        2344
         274        2448
         275        2453
         276        2454
         277        2455
         278        2452
         279        2462
         280        2463
         281        3977
         282        3978
         283        3997
         284        3999
         285        2236
         286        4125
         287        4126
         288        4024
 Header:
       2000          2          1           0.00           0.00
        48  0.9000000E+03      3     32     12    0.99999998E-02    0.20000000E+03    0.10000000E+02    0.00000000E+00    0.99999997E-04   2
  -1800.00000    
  -1600.00000    
  -1400.00000    
  -1200.00000    
  -1000.00000    
  -800.000000    
  -600.000000    
  -400.000000    
  -300.000000    
  -260.000000    
  -230.000000    
  -1.00000000    
 -0.949999988    
 -0.899999976    
 -0.850000024    
 -0.800000012    
 -0.750000000    
 -0.699999988    
 -0.649999976    
 -0.600000024    
 -0.550000012    
 -0.500000000    
 -0.449999988    
 -0.400000006    
 -0.349999994    
 -0.300000012    
 -0.250000000    
 -0.200000003    
 -0.150000006    
 -0.100000001    
  -5.00000007E-02
   0.00000000    
         126         165
   34.451638282600001        27.973049453600005        519.762573               7
   34.446432860199998        27.958356827700001        1141.36951               4
   34.465916386600000        27.964928462199996        917.584045               5
   34.428068018899999        27.982072006199996        21.4774437              12
   34.421924644699999        27.968329859899999        47.1456757              12
   34.436188297199998        27.972585724199998        354.400848               8
   34.680819095600000        27.987762739899996        16.6352310              12
   34.671436241000002        27.969545717600003        13.9727268              12
   34.692562401700009        27.973953060800000        24.4622860              12
   34.732114611999997        27.971369256100001        20.2438641              12
   34.754063801299999        27.978116970599999        13.2579546              12
   34.729311609000000        27.994719904200000        21.8547955              12
   34.687594062700001        28.024567518000001        18.7970181              12
   34.676455855900002        28.014912880699999        5.13605452              12
   34.689163718099998        28.005972014699996        23.4747734              12
   34.525308832000000        27.918440528400001        332.099426               8
   34.531181254400003        27.932723883899996        5.90404463              12
   34.519208271799997        27.937389806100001        147.206787              12
   34.623920996700001        28.007088314000001        11.0852499              12
   34.616948630800003        27.988244046000002        7.34628201              12
   34.638480680299999        27.990255908300000        42.5749626              12
   34.399555780599989        27.938034465500003        892.573547               5
   34.407381250999997        27.943914929799998        855.126282               5
   34.396086917199995        27.945546234799998        513.709045               7
   34.505839009900001        27.917785865600003        863.596863               5
   34.477116123800002        27.919316884200001        1259.50903               3
   34.491818457100010        27.893256235900001        1100.55200               4
   34.378384850700002        27.913218561800004        861.912476               5
   34.384096150799998        27.925957220800004        746.196472               6
   34.371702232499999        27.922089151700000        325.002167               8
   34.396844220200002        27.928229385700003        1066.28796               4
   34.393451538800001        27.914109295900001        1250.47205               3
   34.410447181199991        27.918325102800004        1420.98828               2
   34.647879573099999        28.042981625600000        5.00000000              12
   34.659748745199998        28.040331927400004        5.00000000              12
   34.656777142099990        28.048445552499999        5.00000000              12
   34.658331649799997        27.943397190799995        5.00000000              12
   34.658711421699998        27.957002356000000        10.8439779              12
   34.649512946700000        27.946039158300000        6.51668167              12
   34.410786020700002        27.932931193999998        1259.71716               3
   34.405568157200001        27.900378020100003        1415.38489               2
   34.420753028199996        27.943069556000001        1163.21533               4
   34.498905243899998        27.932863049200002        719.699219               6
   34.484405131199999        27.941133038699995        1068.11304               4
   34.675419495900002        27.952577436300000        7.21358490              12
   34.666043652799999        27.949924049099998        5.00000000              12
   34.649826834399995        27.972377040100000        26.7994919              12
   34.642532087399992        27.957651476700001        21.9239750              12
   34.659760548400001        28.024718380800000        5.00000000              12
   34.663511501899990        28.013643093100004        5.52469492              12
   34.669889300000001        28.025403102399999        5.06907034              12
   34.649883597799999        28.035391834700000        5.00000000              12
   34.684917964999990        27.957980041200003        14.3843880              12
   34.648115642199997        28.056977985000000        6.38177156              12
   34.659510839100001        28.053363193099997        6.61587572              12
   34.658785988399998        28.061108455999996        15.6367798              12
   34.484743219000009        27.957604244300001        607.982849               6
   34.504615763700002        27.947354537800003        212.727676              11
   34.426157404199998        27.957228339000000        650.437988               6
   34.408847622800003        27.963206592500001        40.7324219              12
   34.491138343899998        27.984467535200000        14.2624598              12
   34.505377141700002        27.983437605799995        5.00000000              12
   34.499739691000002        27.989664526500000        5.00000000              12
   34.373318842300002        27.930974075599995        220.134644              11
   34.387320255400006        27.939180894600000        455.320435               7
   34.450146510099998        27.921729833600004        1442.39783               2
   34.463999599200001        27.943619009500001        1465.10168               2
   34.439125712500001        27.942272803700000        1356.37036               3
   34.411626890900003        27.952889276200004        539.470276               7
   34.402078869699999        27.950960437099997        475.183014               7
   34.393626602900000        27.953158307600003        121.675575              12
   34.463302686399999        27.983506128199995        168.412277              12
   34.447189126799998        27.986057817300001        108.313095              12
   34.436993383100003        27.998774338499999        73.1825027              12
   34.435118360799997        27.987363029599997        40.4608269              12
   34.710358222800004        28.015554180799999        52.1799202              12
   34.703543313600001        27.992638231100003        52.8420753              12
   34.457532309199991        27.891620703899999        1303.41504               3
   34.517141747799997        27.899883354600000        907.481140               5
   34.427056307299999        27.927440141700004        1370.44104               3
   34.429661018899999        27.906947080300000        1421.76404               2
   34.609270181100001        27.972799439999996        5.90812635              12
   34.629228213300003        27.970839374499999        28.3933792              12
   34.611473712100000        28.018982502200000        5.00242662              12
   34.600412146899998        28.003055945800003        6.35965300              12
   34.660546249500001        27.986428579199998        20.5890770              12
   34.654638686100000        28.001347422399995        24.4213982              12
   34.616357241700001        27.959242984799996        8.66826820              12
   34.640762106799997        28.005878576000001        30.7212505              12
   34.651096076999998        28.015365334100000        10.2185717              12
   34.648602562400001        28.026044473199999        5.10288048              12
   34.628793414999997        27.952955441099999        16.6725655              12
   34.671003437300001        28.001399413400001        9.60679817              12
   34.703615297600003        27.959899951500002        16.5153446              12
   34.713126218500001        27.974350498300005        27.7470436              12
   34.720025581800002        27.953389746199999        25.3721237              12
   34.701587255600003        28.036310657000001        50.6466789              12
   34.657554708799999        28.032405360599995        5.00000000              12
   34.666439707099997        28.033884459500001        5.00000000              12
   34.673869209999999        28.033668564100005        8.34152794              12
   34.683916680300001        28.038074573599999        20.5456676              12
   34.638432942700000        28.017754618599998        17.3276539              12
   34.647513816500002        28.053132266700004        5.00000000              12
   34.637759345500001        28.029490887900000        5.02586412              12
   34.641011096299998        28.037939856500000        5.00000000              12
   34.627879442199998        28.024701643899999        6.37986088              12
   34.501255163499998        27.977545590699997        10.9983025              12
   34.511508984700001        27.988388313200002        5.00000000              12
   34.541520151199990        27.920984616300004        15.0554419              12
   34.504739964000002        27.961584116499999        37.1691742              12
   34.492262088300002        27.970434396700000        118.224014              12
   34.512811567000000        27.977897225100001        5.00000000              12
   34.478642283100001        27.976467659799997        196.010284              12
   34.401074988100000        27.958489733599997        79.5854568              12
   34.387801421500001        27.946547977599998        143.876678              12
   34.455947403400003        28.001247295599999        177.203720              12
   34.437115098100008        28.008846487600003        90.8814087              12
   34.476417754200000        27.995664427699996        111.125214              12
   34.491717086300000        27.996287119300003        10.7054558              12
   34.503804458099999        28.000570583799998        5.00000000              12
   34.489818013700003        28.009356472100002        13.7017927              12
   34.471267308100003        28.016853106899998        170.202988              12
   34.451941566199999        28.016296673999996        237.083847              10
   34.738443521400001        28.018953171300002        39.2673073              12
   34.720878698800000        28.032631833500002        82.4252853              12
   34.759793566999996        28.001242268100004        8.63953400              12
           3           1           2           3
           3           4           5           6
           3           7           8           9
           3          10          11          12
           3          13          14          15
           3          16          17          18
           3          19          20          21
           3          22          23          24
           3          25          26          27
           3          28          29          30
           3          31          32          33
           3          34          35          36
           3          37          38          39
           3          33          40          31
           3          41          33          32
           3          40          42          23
           3          43          44          26
           3          45          38          46
           3          37          46          38
           3          47          38           8
           3          48          39          38
           3          49          50          51
           3          35          34          52
           3           9           8          53
           3          13          51          14
           3          48          38          47
           3          54          55          56
           3          57          44          58
           3          59           5          60
           3          61          62          63
           3          64          29          65
           3          66          67          68
           3          59          60          69
           3          24          70          71
           3          72           1           3
           3          73          74          75
           3          76          77          12
           3          66          78          26
           3          44          57          67
           3          16          25          79
           3          43          26          25
           3          80          33          81
           3          29          28          32
           3          29          64          30
           3          82          83          20
           3          84          85          19
           3          86          87          21
           3          82          88          83
           3          21          89          19
           3          83          21          20
           3          90          49          91
           3          92          48          83
           3          93           7          15
           3           7          86           8
           3          21          83          47
           3          83          48          47
           3           9          53          94
           3           8          38          45
           3          95           9          94
           3          77          15           7
           3          96          10          95
           3          12          77          95
           3          95          77           9
           3          97          13          76
           3          87          89          21
           3          77           7           9
           3          15          14          93
           3          53           8          45
           3          47          86          21
           3          47           8          86
           3           7          93          86
           3          50          90          87
           3          87          93          50
           3          87          86          93
           3          52          91          98
           3          35          98          99
           3          49          99          98
           3          15          76          13
           3          50          14          51
           3          50          93          14
           3          77          76          15
           3         100          51          13
           3          13         101         100
           3          90          89          87
           3         102          89          90
           3          36         103          34
           3         104          91          52
           3          98          35          52
           3          98          91          49
           3          52         105         104
           3          49          90          50
           3          91         102          90
           3         104         102          91
           3         106          19         102
           3          19          89         102
           3         106         102         104
           3          85          20          19
           3          19         106          84
           3         107          62          61
           3          63          62         108
           3          25          16          18
           3          16         109          17
           3          25          18          43
           3          57          58         110
           3          43          18          58
           3          57         110         111
           3         111         107          61
           3          62         112         108
           3           3          57         113
           3         110         107         111
           3          80          68          42
           3           1          73           6
           3          72          73           1
           3          68          80          66
           3         113          57         111
           3          67          66          26
           3           3          67          57
           3           3           2          67
           3          26          44          67
           3          43          58          44
           3           2          68          67
           3           2          59          68
           3         114          69          60
           3          42          59          69
           3          68          59          42
           3           2           6          59
           3          29          31          65
           3          42          69          23
           3          80          40          33
           3          80          42          40
           3          23          22          40
           3          29          32          31
           3          22          24          65
           3          31          22          65
           3          31          40          22
           3         114          71          70
           3          65          24         115
           3          23          69          70
           3         114          70          69
           3          24          23          70
           3         115          24          71
           3           4           6          75
           3           5          59           6
           3          74         116         117
           3         118          61         119
           3          74          73         116
           3          75           6          73
           3           2           1           6
           3           3         113          72
           3          61         118         113
           3         116          73          72
           3         111          61         113
           3          63         120         119
           3         118         119         121
           3          61          63         119
           3          72         118         116
           3          72         113         118
           3         118         122         116
           3         123         117         116
           3         124          76          12
           3         124         125          76
           3          12         126         124
           3          95          10          12
           3          95          94          96
           3          12          11         126
           1           2           3
           2           3           1
           3           1           2
           4           5           6
           5           6           4
           6           4           5
           7           8           9
           8           9           7
           9           7           8
          10          11          12
          11          12          10
          12          10          11
          13          14          15
          14          15          13
          15          13          14
          16          17          18
          17          18          16
          18          16          17
          19          20          21
          20          21          19
          21          19          20
          22          23          24
          23          24          22
          24          22          23
          25          27          26
          26          27          25
          27          25          26
          28          29          30
          29          30          28
          30          28          29
          31          32          33
          32          33          31
          33          31          32
          34          35          36
          35          36          34
          36          34          35
          37          38          39
          38          39          37
          39          37          38
          40          40          31
          41          33          40
          42          32          41
          43          41          33
          44          42          23
          45          23          40
          46          40          42
          47          44          26
          48          26          43
          49          43          44
          50          38          46
          51          46          45
          52          45          38
          53          37          46
          54          38           8
          55           8          47
          56          47          38
          57          38          48
          58          39          48
          59          50          51
          60          51          49
          61          49          50
          62          34          52
          63          52          35
          64           8          53
          65          53           9
          66          51          14
          67          13          51
          68          47          48
          69          55          56
          70          56          54
          71          54          55
          72          44          58
          73          58          57
          74          57          44
          75           5          60
          76          60          59
          77          59           5
          78          62          63
          79          63          61
          80          61          62
          81          29          65
          82          65          64
          83          64          29
          84          67          68
          85          68          66
          86          66          67
          87          60          69
          88          69          59
          89          70          71
          90          71          24
          91          24          70
          92           3          72
          93          72           1
          94          74          75
          95          75          73
          96          73          74
          97          77          12
          98          12          76
          99          76          77
         100          26          78
         101          26          66
         102          66          78
         103          57          67
         104          67          44
         105          79          25
         106          79          16
         107          16          25
         108          25          43
         109          81          33
         110          80          81
         111          80          33
         112          32          28
         113          32          29
         114          64          30
         115          83          20
         116          20          82
         117          82          83
         118          85          19
         119          19          84
         120          84          85
         121          87          21
         122          21          86
         123          86          87
         124          83          88
         125          88          82
         126          89          19
         127          21          89
         128          83          21
         129          49          91
         130          91          90
         131          90          49
         132          48          83
         133          92          83
         134          92          48
         135           7          15
         136          15          93
         137          93           7
         138          86           8
         139           7          86
         140          83          47
         141          47          21
         142          53          94
         143          94           9
         144          45           8
         145          94          95
         146          95           9
         147           7          77
         148          77          15
         149          10          95
         150          95          96
         151          10          96
         152          77          95
         153          95          12
         154          77           9
         155          13          76
         156          76          97
         157          97          13
         158          87          89
         159          14          93
         160          45          53
         161          47          86
         162          93          86
         163          90          87
         164          87          50
         165          50          90
         166          93          50
         167          87          93
         168          91          98
         169          98          52
         170          52          91
         171          98          99
         172          99          35
         173          35          98
         174          98          49
         175          49          99
         176          15          76
         177          50          14
         178          13         100
         179         100          51
         180         100         101
         181         101          13
         182          90          89
         183          90         102
         184         102          89
         185         103          34
         186          36         103
         187          52         104
         188         104          91
         189         105         104
         190          52         105
         191          91         102
         192         104         102
         193          19         102
         194         102         106
         195         106          19
         196         104         106
         197          20          85
         198          84         106
         199          61         107
         200         107          62
         201          62         108
         202         108          63
         203          18          25
         204         109          17
         205         109          16
         206          18          43
         207          58         110
         208         110          57
         209          18          58
         210          58          43
         211         110         111
         212         111          57
         213          61         111
         214         111         107
         215         108         112
         216          62         112
         217          57         113
         218         113           3
         219           3          57
         220         110         107
         221          68          42
         222          42          80
         223          80          68
         224          73           6
         225           6           1
         226           1          73
         227          72          73
         228          66          80
         229         111         113
         230          26          67
         231           3          67
         232           2          67
         233           2          68
         234          59          68
         235           2          59
         236          60         114
         237         114          69
         238          69          42
         239          42          59
         240           6          59
         241           2           6
         242          31          65
         243          29          31
         244          69          23
         245          80          40
         246          22          40
         247          24          65
         248          65          22
         249          31          22
         250          70         114
         251         114          71
         252          24         115
         253         115          65
         254          69          70
         255          70          23
         256          71         115
         257           6          75
         258          75           4
         259         116         117
         260         117          74
         261          74         116
         262          61         119
         263         119         118
         264         118          61
         265          73         116
         266         113          72
         267         118         113
         268         113          61
         269          72         116
         270         119         120
         271         119          63
         272          63         120
         273         121         119
         274         121         118
         275         118         116
         276          72         118
         277         122         116
         278         122         118
         279         116         123
         280         123         117
         281          12         124
         282         124          76
         283          76         125
         284         124         125
         285         124         126
         286          12         126
         287          94          96
         288         126          11
