       4387       2725       1656         32         17          2          1          1          0          0          0          0          0          0          0          0          0          0
 local to global mapping:
         163
           1          27
           2          29
           3          30
           4         108
           5         110
           6         113
           7         120
           8         128
           9         134
          10         136
          11         385
          12         386
          13         387
          14         389
          15         390
          16         391
          17         392
          18         395
          19         467
          20         468
          21         471
          22         472
          23         475
          24         495
          25         496
          26         498
          27         499
          28         500
          29         501
          30         502
          31         554
          32         555
          33         556
          34         557
          35         558
          36         559
          37         561
          38         562
          39         565
          40        1501
          41        1502
          42        1503
          43        1504
          44        1505
          45        1506
          46        1516
          47        1517
          48        1518
          49        1519
          50        1520
          51        1521
          52        1522
          53        1523
          54        1524
          55        1525
          56        1526
          57        1527
          58        1528
          59        1529
          60        1530
          61        1531
          62        1532
          63        1533
          64        1534
          65        1535
          66        1536
          67        1537
          68        1538
          69        1539
          70        1541
          71        1542
          72        1543
          73        1544
          74        1545
          75        1547
          76        1554
          77        1555
          78        1853
          79        1854
          80        1855
          81        1856
          82        1857
          83        1858
          84        1859
          85        1860
          86        1861
          87        1862
          88        1863
          89        1864
          90        1865
          91        1866
          92        1867
          93        1869
          94        1870
          95        1871
          96        1872
          97        1873
          98        1874
          99        1875
         100        1876
         101        1898
         102        1900
         103        1902
         104        1930
         105        1931
         106        1932
         107        1933
         108        1934
         109        1935
         110        1936
         111        1944
         112        1945
         113        1946
         114        1947
         115        2110
         116        2111
         117        2124
         118        2125
         119        2126
         120        2127
         121        2129
         122        2136
         123        2137
         124        2138
         125        2139
         126        2140
         127        2142
         128        2143
         129        2144
         130        2145
         131        2146
         132        2147
         133        2148
         134        2149
         135        2150
         136        2151
         137        2152
         138        2153
         139        2154
         140        2155
         141        2156
         142        2157
         143        2158
         144        2159
         145        2160
         146        2161
         147        2167
         148        2169
         149        2170
         150        2188
         151        2189
         152        2192
         153        2193
         154        2194
         155        2195
         156        2196
         157        2197
         158        2198
         159        2199
         160        2200
         161        2201
         162        2202
         163        2203
         108
           1         266
           2         247
           3         248
           4         276
           5         291
           6         278
           7         263
           8         244
           9         260
          10         245
          11         292
          12         302
          13         293
          14         271
          15         269
          16         254
          17         243
          18         224
          19         223
          20         258
          21         236
          22         235
          23         191
          24         176
          25         187
          26         186
          27         172
          28         250
          29         251
          30         268
          31         252
          32         233
          33         211
          34         214
          35         196
          36         253
          37         232
          38         255
          39         297
          40         286
          41         285
          42         272
          43         257
          44        1656
          45         259
          46         237
          47         238
          48         274
          49         256
          50         275
          51         277
          52         261
          53         203
          54         205
          55         206
          56         220
          57         290
          58         262
          59         210
          60         192
          61         209
          62         208
          63         239
          64         240
          65         242
          66         222
          67        1650
          68         279
          69         264
          70         226
          71         225
          72         173
          73         217
          74         202
          75         201
          76         273
          77         270
          78         249
          79         231
          80         287
          81         230
          82         284
          83         228
          84         229
          85         213
          86         194
          87         195
          88         221
          89         234
          90         212
          91         296
          92         267
          93         298
          94         301
          95         219
          96         207
          97         308
          98         241
          99         218
         100         171
         101         185
         102         215
         103         193
         104         177
         105         265
         106         246
         107         280
         108         227
         270
           1          78
           2          79
           3          80
           4          84
           5          85
           6          86
           7          87
           8          88
           9          89
          10         310
          11         311
          12         315
          13         316
          14         317
          15         323
          16         324
          17         325
          18         343
          19         344
          20         345
          21         367
          22         368
          23         369
          24         385
          25         386
          26         387
          27         391
          28         392
          29         393
          30        1019
          31        1020
          32        1021
          33        1022
          34        1023
          35        1024
          36        1025
          37        1026
          38        1027
          39        1031
          40        1032
          41        1033
          42        1034
          43        1035
          44        1036
          45        1037
          46        1038
          47        1039
          48        1040
          49        1046
          50        1047
          51        1224
          52        1225
          53        1226
          54        1227
          55        1228
          56        1229
          57        1235
          58        1236
          59        1237
          60        1238
          61        1239
          62        1240
          63        1246
          64        1247
          65        1297
          66        1298
          67        1299
          68        1300
          69        1304
          70        1305
          71        1306
          72        1307
          73        1308
          74        1309
          75        1310
          76        1311
          77        1312
          78        1313
          79        1314
          80        1432
          81        1433
          82        1434
          83        1435
          84        1436
          85        1437
          86        1438
          87        1439
          88        1440
          89        1441
          90        1442
          91        1443
          92        1444
          93        1445
          94        1446
          95        1447
          96        1448
          97        1451
          98        1452
          99        1453
         100        1454
         101        1455
         102        1462
         103        1463
         104        1464
         105        2848
         106        2849
         107        2850
         108        2851
         109        2852
         110        2853
         111        2854
         112        2855
         113        2856
         114        2857
         115        2858
         116        2859
         117        2860
         118        2870
         119        2871
         120        2872
         121        2873
         122        2874
         123        2875
         124        2876
         125        2877
         126        2878
         127        2879
         128        2880
         129        2881
         130        2882
         131        2883
         132        2884
         133        2885
         134        2886
         135        2887
         136        2888
         137        2889
         138        2890
         139        2891
         140        2892
         141        2893
         142        2894
         143        2895
         144        2896
         145        2897
         146        2898
         147        2899
         148        2900
         149        2901
         150        2902
         151        2903
         152        2904
         153        2905
         154        2906
         155        2907
         156        2908
         157        2909
         158        2910
         159        2911
         160        2915
         161        2916
         162        2917
         163        2918
         164        2919
         165        2923
         166        2936
         167        2912
         168        2937
         169        3307
         170        3308
         171        3309
         172        3310
         173        3311
         174        3312
         175        3313
         176        3314
         177        3315
         178        3316
         179        3317
         180        3318
         181        3319
         182        3320
         183        3321
         184        3322
         185        3323
         186        3324
         187        3325
         188        3326
         189        3327
         190        3328
         191        3329
         192        3330
         193        3331
         194        3332
         195        3333
         196        3367
         197        3369
         198        3407
         199        3408
         200        3409
         201        3410
         202        3411
         203        3412
         204        3413
         205        3414
         206        3415
         207        3416
         208        3417
         209        3425
         210        1317
         211        3426
         212        3615
         213        3616
         214        3617
         215        1457
         216        3626
         217        3627
         218        3628
         219        3629
         220        3630
         221        3631
         222        3632
         223        3636
         224        3637
         225        3639
         226        3419
         227        3641
         228        3642
         229        3643
         230        3644
         231        3645
         232        3646
         233        3647
         234        3648
         235        3649
         236        3650
         237        3651
         238        3652
         239        3653
         240        3654
         241        3655
         242        3656
         243        3657
         244        3658
         245        3659
         246        3660
         247        3661
         248        3662
         249        3663
         250        3664
         251        3665
         252        3677
         253        3679
         254        3680
         255        3701
         256        3702
         257        3703
         258        3704
         259        3705
         260        3708
         261        3709
         262        3706
         263        3710
         264        3711
         265        3712
         266        3713
         267        3714
         268        3715
         269        3716
         270        3717
 Header:
       2000          2          1           0.00           0.00
        48  0.9000000E+03      3     32     12    0.99999998E-02    0.20000000E+03    0.10000000E+02    0.00000000E+00    0.99999997E-04   2
  -1800.00000    
  -1600.00000    
  -1400.00000    
  -1200.00000    
  -1000.00000    
  -800.000000    
  -600.000000    
  -400.000000    
  -300.000000    
  -260.000000    
  -230.000000    
  -1.00000000    
 -0.949999988    
 -0.899999976    
 -0.850000024    
 -0.800000012    
 -0.750000000    
 -0.699999988    
 -0.649999976    
 -0.600000024    
 -0.550000012    
 -0.500000000    
 -0.449999988    
 -0.400000006    
 -0.349999994    
 -0.300000012    
 -0.250000000    
 -0.200000003    
 -0.150000006    
 -0.100000001    
  -5.00000007E-02
   0.00000000    
         108         163
   34.719921173499998        29.106566804700002        742.597229               6
   34.704753491500007        29.125239628899998        340.278595               8
   34.698264416699999        29.108332837699997        403.463898               7
   34.834414366399997        29.084254109400000        626.846375               6
   34.807664778000003        29.068362422800000        838.853638               5
   34.833687367300001        29.062956134899999        455.207153               7
   34.851356635599998        29.074630970600005        91.1375275              12
   34.864495931900002        29.080097973600001        6.78725243              12
   34.859011356200000        29.093085414800001        130.885010              12
   34.864360928399996        29.067400307400000        8.74667931              12
   34.817564162799997        29.044462900199996        594.747620               7
   34.812615522999998        29.019489886599999        575.442200               7
   34.834973821600002        29.028176994900001        253.683350              10
   34.688430439299999        29.043912311899998        82.4046860              12
   34.682877145600003        29.053011673000000        43.9642830              12
   34.676766379499995        29.042839072499998        8.89167023              12
   34.864962040300000        29.111570121300005        175.663239              12
   34.878676400099998        29.112846546300002        16.1888237              12
   34.881945831000003        29.125771689600004        42.2653923              12
   34.802317736299997        29.150218370200001        945.672913               5
   34.826210449999998        29.167182958899996        935.818237               5
   34.804241525499997        29.185264065299997        832.305298               5
   34.883611473599998        29.161940999699997        29.5672550              12
   34.893475013299998        29.164401177899997        5.00000000              12
   34.885757392999999        29.171418444399993        16.1834145              12
   34.881505015000002        29.181579744600000        40.6616707              12
   34.894128801999997        29.179156254100000        5.00000000              12
   34.671935104200003        29.072001157999999        8.73040771              12
   34.673086541600000        29.060005189900000        8.98907948              12
   34.688000749800004        29.064969962399999        115.704185              12
   34.671092166900003        29.049369415099999        5.00000000              12
   34.666027154500000        29.043121182200004        5.00000000              12
   34.692214344400000        29.152691758000000        8.27849197              12
   34.701954220499999        29.153188356399998        16.8405037              12
   34.693380728699999        29.157675057100001        5.01448107              12
   34.689682460100002        29.078497402500002        198.300156              12
   34.675802549599993        29.082449074399999        9.72117043              12
   34.668633943300001        29.035454043999998        5.00000000              12
   34.722252916899997        29.040608322500002        328.570557               8
   34.723720376000003        29.061156754500001        379.578583               8
   34.701526556399998        29.053284027800004        219.801834              11
   34.682276080399994        29.034944873499995        49.7666779              12
   34.725222903099997        29.125043831999999        613.323242               6
   34.711457814500008        29.143253710400000        127.960533              12
   34.767967512299997        29.139981518599996        867.553894               5
   34.774577034300009        29.168341795500005        795.753113               6
   34.749251012599998        29.158588011500004        638.333862               6
   34.751571930499999        29.111624841099999        854.839722               5
   34.739509873000003        29.139203688599995        670.398376               6
   34.788196966799994        29.117206911499999        902.729431               5
   34.810770734800002        29.096635897400002        893.185303               5
   34.823670026200006        29.124644489400001        892.010986               5
   34.872303438499998        29.170946843599996        178.604401              12
   34.751057143300002        29.197480607500001        228.254791              11
   34.733960046199996        29.194029184500000        10.0587063              12
   34.748282844700007        29.180022707799999        384.689209               8
   34.774857124500002        29.081354423499995        825.564453               5
   34.841257249000002        29.106248499999996        585.507263               7
   34.883547832199994        29.141212973599998        11.4382954              12
   34.883170204400002        29.152392798200001        13.3960791              12
   34.873449701799998        29.147502872499995        97.2669373              12
   34.870064967399998        29.158357761399998        223.470383              11
   34.876157700399993        29.087504787999997        10.0488758              12
   34.879999674800004        29.100504162299995        24.2773914              12
   34.856455194600002        29.126812820200001        399.550690               8
   34.871569290400004        29.136289868199995        134.104919              12
   34.858412024499998        29.147512884400001        403.832520               7
   34.841194487000003        29.044558215700004        200.083832              11
   34.851968622800001        29.057792885700003        44.4066086              12
   34.875153896100002        29.068162264700000        5.00000000              12
   34.874128094499994        29.075783355100000        5.00000000              12
   34.895033856399998        29.171489459600000        5.00000000              12
   34.838029660499991        29.188731608400001        910.921570               5
   34.862003299100003        29.183572967599996        457.821350               7
   34.859922039799997        29.206304776100005        701.280762               6
   34.673574904600002        29.028574272099995        9.76408195              12
   34.707459802800003        29.072539096200000        402.859558               7
   34.689409396700000        29.093802990400000        251.617096              10
   34.677438310500008        29.098826356900002        23.6835632              12
   34.699470849199997        29.036221667400000        209.359482              11
   34.681319401200000        29.108953414199998        103.155457              12
   34.735196751799997        29.083229399000007        718.448120               6
   34.691466954700005        29.141079292700002        50.3169289              12
   34.686189841100010        29.123437411599998        84.4326859              12
   34.710891511800000        29.157388218099999        6.73992825              12
   34.707472497399998        29.164446131999998        5.00000000              12
   34.700150606900003        29.162629935400002        5.00000000              12
   34.732421416500003        29.169087444100001        179.692245              12
   34.726868378899994        29.154571579700001        197.601166              12
   34.716064149099999        29.167063420599998        17.2186508              12
   34.750021240499997        29.054545667199999        642.818787               6
   34.707205330800001        29.090323766299996        574.179260               7
   34.711133932300001        29.021741053400003        251.339340              10
   34.782409040199994        29.041437264100001        788.967041               6
   34.771910856200002        29.192768060000002        531.215637               7
   34.724697718300000        29.182929128700003        26.9203415              12
   34.745876320300006        29.020527650399995        550.065186               7
   34.836397361199992        29.146274250999998        810.271179               5
   34.851546422600002        29.166371800999997        635.992004               6
   34.893199692800003        29.191456481000003        13.3425398              12
   34.876154568899999        29.193159533499998        139.756866              12
   34.823693251599998        29.217027364900002        900.281372               5
   34.892712321799998        29.148815503100000        5.00000000              12
   34.894302904699998        29.155896344699997        5.00000000              12
   34.857845258600001        29.042502025499999        8.06439972              12
   34.865474340400006        29.054478491499999        5.00000000              12
   34.854052955800000        29.029316237800000        32.6462364              12
   34.871821662499997        29.061502690099999        5.00000000              12
           3           1           2           3
           3           4           5           6
           3           7           8           9
           3           7          10           8
           3          11          12          13
           3          14          15          16
           3          17          18          19
           3          20          21          22
           3          23          24          25
           3          26          25          27
           3          28          29          30
           3          31          32          16
           3          33          34          35
           3          36          37          28
           3          16          32          38
           3          39          40          41
           3          41          15          14
           3          38          42          16
           3           2          43          44
           3          45          46          47
           3          48          45          49
           3          50          51          52
           3          46          45          20
           3          25          26          53
           3          20          50          52
           3          54          55          56
           3           7           9           4
           3          51          50          57
           3           9          58           4
           3          50          48          57
           3          59          60          61
           3          62          23          53
           3          63          64           9
           3          65          66          67
           3           6          68          69
           3           6           5          11
           3          70          71          10
           3          72          25          24
           3          73          74          75
           3          42          38          76
           3          41          77          30
           3          30          36          28
           3          78          79          37
           3          15          29          31
           3          15          30          29
           3          43          48          49
           3          78          37          36
           3          42          14          16
           3          15          31          16
           3          80          41          14
           3          41          30          15
           3          79          78          81
           3          77          40          82
           3          44          83           2
           3          81          78           3
           3           2          83          84
           3          85          34          44
           3          86          87          85
           3          33          83          34
           3          34          87          35
           3          87          34          85
           3          47          88          89
           3          90          86          85
           3          89          44          49
           3          34          83          44
           3          81           3          84
           3          48           1          82
           3          84           3           2
           3          82          40          91
           3          40          77          41
           3          78          92           3
           3          78          36          92
           3          36          77          92
           3          36          30          77
           3          39          41          80
           3          42          80          14
           3          93          39          80
           3          94          11           5
           3          57          82          91
           3          92          77          82
           3          57          91          94
           3          40          39          91
           3          22          95          46
           3          89          90          85
           3          45          48          50
           3          43           2           1
           3          89          49          47
           3          49          45          47
           3          46          56          47
           3          56          96          88
           3          90          89          88
           3          85          44          89
           3          97          91          39
           3          92           1           3
           3          92          82           1
           3          48          43           1
           3          49          44          43
           3          88          96          90
           3          96          56          55
           3          88          47          56
           3          56          46          95
           3          54          56          95
           3          46          20          22
           3          58          52          51
           3          98          99          21
           3           6          11          68
           3           5          57          94
           3          50          20          45
           3          52          98          20
           3          73          22          21
           3          51          57           5
           3          48          82          57
           3          97          94          91
           3          12          11          94
           3          27          25          72
           3         100          26          27
           3         101          26         100
           3          23          62          60
           3         101          74          26
           3          59          61          66
           3          74          73          99
           3          22          73         102
           3          21          99          73
           3          74          99          53
           3          98          52          65
           3          26          74          53
           3          99          62          53
           3          99          67          62
           3          65          67          98
           3          61          62          67
           3          99          98          67
           3          21          20          98
           3          58          65          52
           3          66          61          67
           3          19          66          65
           3          59         103          60
           3          65          17          19
           3           9           8          63
           3          24          23         104
           3          62          61          60
           3         104          23          60
           3          25          53          23
           3          60         103         104
           3          19          59          66
           3           4          58          51
           3           9          64          17
           3          11          13          68
           3           5           4          51
           3           6          69           7
           3         105          69          68
           3          10          69         106
           3          68         107         105
           3          68          13         107
           3           6           7           4
           3          69          10           7
           3          58          17          65
           3          58           9          17
           3         105         106          69
           3          71           8          10
           3          10         106         108
           3          10         108          70
           3          18          17          64
           3          71          63           8
           1           2           3
           2           3           1
           3           1           2
           4           5           6
           5           6           4
           6           4           5
           7           8           9
           8           9           7
           9           7           8
          10          10           8
          11           7          10
          12          12          13
          13          13          11
          14          11          12
          15          15          16
          16          16          14
          17          14          15
          18          18          19
          19          19          17
          20          17          18
          21          21          22
          22          22          20
          23          20          21
          24          24          25
          25          25          23
          26          23          24
          27          25          27
          28          27          26
          29          26          25
          30          29          30
          31          30          28
          32          28          29
          33          32          16
          34          16          31
          35          31          32
          36          34          35
          37          35          33
          38          33          34
          39          37          28
          40          28          36
          41          36          37
          42          32          38
          43          38          16
          44          40          41
          45          41          39
          46          39          40
          47          14          41
          48          41          15
          49          42          16
          50          38          42
          51          43          44
          52          44           2
          53           2          43
          54          46          47
          55          47          45
          56          45          46
          57          45          49
          58          49          48
          59          48          45
          60          51          52
          61          52          50
          62          50          51
          63          45          20
          64          20          46
          65          26          53
          66          53          25
          67          52          20
          68          20          50
          69          55          56
          70          56          54
          71          54          55
          72           9           4
          73           4           7
          74          50          57
          75          57          51
          76          58           4
          77           9          58
          78          48          57
          79          50          48
          80          60          61
          81          61          59
          82          59          60
          83          23          53
          84          53          62
          85          62          23
          86          64           9
          87           9          63
          88          63          64
          89          66          67
          90          67          65
          91          65          66
          92          68          69
          93          69           6
          94           6          68
          95           5          11
          96          11           6
          97          71          10
          98          10          70
          99          70          71
         100          24          72
         101          72          25
         102          74          75
         103          75          73
         104          73          74
         105          38          76
         106          76          42
         107          77          30
         108          30          41
         109          41          77
         110          30          36
         111          79          37
         112          37          78
         113          78          79
         114          29          31
         115          31          15
         116          15          29
         117          15          30
         118          49          43
         119          43          48
         120          36          78
         121          42          14
         122          14          80
         123          80          41
         124          78          81
         125          81          79
         126          40          82
         127          82          77
         128          77          40
         129          83           2
         130          44          83
         131          78           3
         132           3          81
         133          83          84
         134          84           2
         135          34          44
         136          44          85
         137          85          34
         138          87          85
         139          85          86
         140          86          87
         141          83          34
         142          33          83
         143          87          35
         144          34          87
         145          88          89
         146          89          47
         147          47          88
         148          85          90
         149          90          86
         150          44          49
         151          49          89
         152          89          44
         153           3          84
         154          84          81
         155           1          82
         156          82          48
         157          48           1
         158          40          91
         159          91          82
         160          92           3
         161          78          92
         162          36          92
         163          77          92
         164          36          77
         165          80          39
         166          42          80
         167          93          80
         168          93          39
         169           5          94
         170          94          11
         171          91          57
         172          57          82
         173          82          92
         174          91          94
         175          94          57
         176          39          91
         177          95          46
         178          46          22
         179          22          95
         180          85          89
         181          89          90
         182          50          45
         183           1          43
         184          49          47
         185          56          47
         186          46          56
         187          96          88
         188          88          56
         189          56          96
         190          88          90
         191          97          39
         192          97          91
         193          92           1
         194          96          90
         195          55          96
         196          95          56
         197          95          54
         198          51          58
         199          58          52
         200          99          21
         201          21          98
         202          98          99
         203          11          68
         204           5          57
         205          98          20
         206          52          98
         207          21          73
         208          73          22
         209           5          51
         210          94          97
         211          94          12
         212          72          27
         213          27         100
         214         100          26
         215         101         100
         216         101          26
         217          62          60
         218          60          23
         219          74          26
         220         101          74
         221          61          66
         222          66          59
         223          73          99
         224          99          74
         225         102          73
         226          22         102
         227          99          53
         228          53          74
         229          52          65
         230          65          98
         231          99          62
         232          67          62
         233          99          67
         234          67          98
         235          67          61
         236          61          62
         237          58          65
         238          65          19
         239          19          66
         240         103          60
         241          59         103
         242          65          17
         243           8          63
         244          23         104
         245         104          24
         246          60         104
         247         103         104
         248          19          59
         249          51           4
         250          64          17
         251          17           9
         252          13          68
         253          69           7
         254           7           6
         255          68         105
         256         105          69
         257          69         106
         258         106          10
         259          10          69
         260         107         105
         261          68         107
         262         107          13
         263          58          17
         264         105         106
         265          71           8
         266         106         108
         267         108          10
         268         108          70
         269          64          18
         270          71          63
