       4387       2725       1656         32         17          2          1          1          0          0          0          0          0          0          0          0          0          0
 local to global mapping:
         153
           1          22
           2          68
           3          69
           4          71
           5          72
           6          74
           7          75
           8          93
           9          99
          10         102
          11         269
          12         270
          13         271
          14         274
          15         280
          16         286
          17         293
          18         296
          19         297
          20         300
          21         301
          22         302
          23         304
          24         305
          25         308
          26         309
          27         310
          28         311
          29         313
          30         355
          31         368
          32         370
          33         371
          34         372
          35         374
          36         375
          37         376
          38         377
          39         411
          40         419
          41         421
          42         422
          43        1071
          44        1077
          45        1083
          46        1088
          47        1089
          48        1090
          49        1091
          50        1092
          51        1094
          52        1096
          53        1098
          54        1185
          55        1186
          56        1190
          57        1191
          58        1192
          59        1193
          60        1194
          61        1195
          62        1197
          63        1198
          64        1199
          65        1200
          66        1201
          67        1202
          68        1203
          69        1204
          70        1205
          71        1206
          72        1207
          73        1208
          74        1209
          75        1210
          76        1211
          77        1212
          78        1213
          79        1214
          80        1215
          81        1216
          82        1217
          83        1218
          84        1219
          85        1220
          86        1221
          87        1222
          88        1223
          89        1224
          90        1226
          91        1227
          92        1228
          93        1229
          94        1230
          95        1231
          96        1232
          97        1233
          98        1234
          99        1235
         100        1236
         101        1237
         102        1241
         103        1256
         104        1257
         105        1258
         106        1259
         107        1260
         108        1261
         109        1262
         110        1263
         111        1264
         112        1265
         113        1266
         114        1267
         115        1277
         116        1278
         117        1280
         118        1281
         119        1283
         120        1403
         121        1404
         122        1405
         123        1407
         124        1410
         125        1411
         126        1458
         127        1459
         128        1460
         129        1461
         130        1462
         131        1463
         132        1464
         133        1465
         134        1466
         135        1470
         136        1472
         137        1473
         138        1570
         139        1582
         140        1615
         141        1639
         142        1658
         143        1659
         144        1660
         145        1661
         146        1662
         147        1663
         148        1664
         149        1665
         150        1666
         151        1667
         152        1669
         153        1670
         116
           1         437
           2         458
           3         436
           4         849
           5         817
           6         816
           7         752
           8         764
           9         768
          10         753
          11         740
          12         848
          13         813
          14         814
          15         751
          16         767
          17         769
          18         754
          19         435
          20         720
          21         719
          22         731
          23         732
          24         815
          25         838
          26         807
          27         784
          28         805
          29         783
          30         750
          31         837
          32         839
          33         885
          34         884
          35         789
          36         790
          37         765
          38         766
          39         942
          40         941
          41         747
          42         787
          43         785
          44         788
          45         772
          46         773
          47         806
          48         786
          49         730
          50         718
          51         755
          52         770
          53         756
          54         739
          55         473
          56         483
          57         467
          58         447
          59         431
          60         430
          61         457
          62         446
          63         428
          64         434
          65         450
          66         417
          67         682
          68         703
          69         683
          70         698
          71         678
          72         699
          73         836
          74         803
          75         845
          76         883
          77         851
          78         901
          79         774
          80         812
          81         846
          82         897
          83         757
          84         749
          85         758
          86         745
          87         748
          88         738
          89         737
          90         725
          91         726
          92         744
          93         780
          94         743
          95         733
          96         771
          97         742
          98         716
          99         702
         100         717
         101         433
         102         449
         103         459
         104         474
         105         432
         106         466
         107         448
         108         482
         109         415
         110         465
         111         495
         112         701
         113         677
         114         684
         115         656
         116         657
         267
           1          63
           2          64
           3          65
           4         196
           5         197
           6         198
           7         199
           8         200
           9         201
          10         205
          11         206
          12         207
          13         208
          14         209
          15         210
          16         213
          17         214
          18         215
          19         216
          20         217
          21         218
          22         269
          23         270
          24         285
          25         286
          26         287
          27         294
          28         295
          29         736
          30         737
          31         738
          32         739
          33         740
          34         741
          35         742
          36         743
          37         749
          38         750
          39         751
          40         766
          41         767
          42         768
          43         784
          44         785
          45         786
          46         804
          47         805
          48         806
          49         754
          50         811
          51         772
          52         812
          53         813
          54         820
          55         821
          56         822
          57         823
          58         824
          59         825
          60         826
          61         827
          62         831
          63         832
          64         833
          65         834
          66         835
          67         836
          68           1
          69         842
          70         843
          71         844
          72         845
          73         846
          74         847
          75         848
          76         851
          77         852
          78         950
          79         951
          80         952
          81         977
          82         978
          83         979
          84         983
          85         984
          86         985
          87         986
          88         987
          89         988
          90         989
          91         990
          92         994
          93         995
          94         996
          95         997
          96         998
          97         999
          98        1087
          99        1105
         100        1106
         101        1107
         102        1111
         103        1112
         104        1113
         105        1114
         106        2300
         107        2301
         108        2302
         109        2313
         110        2314
         111        2315
         112        2323
         113        2324
         114        2329
         115        2330
         116        2331
         117        2332
         118        2333
         119        2334
         120        2335
         121        2336
         122        2337
         123        2343
         124        2344
         125        2449
         126        2450
         127        2448
         128        2451
         129        2452
         130        2456
         131        2457
         132        2458
         133        2459
         134        2460
         135        2461
         136        2464
         137        2465
         138        2466
         139        2467
         140        2463
         141        2468
         142        2469
         143        2462
         144        2455
         145        2470
         146        2471
         147        2472
         148        2473
         149        2474
         150        2475
         151        2476
         152        2477
         153        2478
         154        2479
         155        2480
         156        2481
         157        2482
         158        2483
         159        2484
         160        2485
         161        2486
         162        2487
         163        2488
         164        2489
         165        2490
         166         855
         167        2491
         168        2492
         169        2493
         170        2494
         171        2495
         172        2496
         173        2497
         174        2498
         175        2499
         176        2500
         177        2501
         178          61
         179        2502
         180        2503
         181        2504
         182        2505
         183        2506
         184        2507
         185        2508
         186        2509
         187        2311
         188        2513
         189        2527
         190        2528
         191        2529
         192        2530
         193        2531
         194        2532
         195        2533
         196        2534
         197        2535
         198        2536
         199        2537
         200        2538
         201        2539
         202        2540
         203        2541
         204        2542
         205        2543
         206        2544
         207          59
         208         289
         209        2560
         210        2561
         211        2562
         212        2563
         213        2564
         214        1097
         215        2565
         216        2717
         217        2718
         218        2719
         219        2720
         220        2721
         221        2725
         222        2726
         223        2714
         224        2731
         225        2732
         226        2782
         227        2783
         228        2784
         229        2785
         230        2786
         231        2787
         232        2788
         233        2789
         234        2790
         235        2791
         236        2724
         237        2792
         238        2793
         239        2794
         240        2796
         241        2802
         242        2803
         243        2798
         244        2955
         245        2799
         246        2973
         247        2727
         248        3027
         249        3046
         250        3047
         251        3067
         252        3051
         253        1095
         254        3068
         255        3069
         256        3070
         257        3071
         258        3072
         259        3073
         260        3074
         261        3075
         262        3076
         263        3077
         264        3080
         265        3081
         266        3082
         267        3083
 Header:
       2000          2          1           0.00           0.00
        48  0.9000000E+03      3     32     12    0.99999998E-02    0.20000000E+03    0.10000000E+02    0.00000000E+00    0.99999997E-04   2
  -1800.00000    
  -1600.00000    
  -1400.00000    
  -1200.00000    
  -1000.00000    
  -800.000000    
  -600.000000    
  -400.000000    
  -300.000000    
  -260.000000    
  -230.000000    
  -1.00000000    
 -0.949999988    
 -0.899999976    
 -0.850000024    
 -0.800000012    
 -0.750000000    
 -0.699999988    
 -0.649999976    
 -0.600000024    
 -0.550000012    
 -0.500000000    
 -0.449999988    
 -0.400000006    
 -0.349999994    
 -0.300000012    
 -0.250000000    
 -0.200000003    
 -0.150000006    
 -0.100000001    
  -5.00000007E-02
   0.00000000    
         116         153
   34.591096286399996        28.652466741000005        342.228485               8
   34.599560236199999        28.661320267899999        613.725952               6
   34.587718320900002        28.659933186900002        136.594864              12
   34.489818013700003        28.009356472100002        13.7017927              12
   34.503804458099999        28.000570583799998        5.00000000              12
   34.509090614900003        28.012554918500001        5.00000000              12
   34.462741029900002        28.131291902400001        279.573029               9
   34.468139014700007        28.115487454499998        456.425232               7
   34.490019561399997        28.124988866499997        1020.39703               4
   34.483365013700002        28.145354696300004        853.392212               5
   34.462119101600003        28.148026736100000        161.816971              12
   34.471267308100003        28.016853106899998        170.202988              12
   34.473453455900000        28.040852585300001        670.360657               6
   34.455959259600007        28.031768074199999        313.867432               8
   34.493850509500000        28.163736415700001        827.042419               5
   34.516690981799989        28.144337715600006        1025.15942               4
   34.544632587000002        28.131809443300000        424.300598               7
   34.552509590100001        28.162446747799997        650.982666               6
   34.590537479600002        28.670555392099992        94.8737411              12
   34.627498621299999        28.160300530600001        12.1272020              12
   34.626487487600002        28.173038706800000        81.0619965              12
   34.607122764300001        28.170638232599998        238.276718              10
   34.614876604700001        28.152986153400001        19.3242702              12
   34.492995067000003        28.026939803599998        99.6754456              12
   34.515700910200003        28.031600257399997        20.2294273              12
   34.499829955900005        28.050327948100005        458.190094               7
   34.475054483299999        28.083976029300000        714.179199               6
   34.505730697399997        28.078892146100003        971.190002               5
   34.487404204400001        28.101951329399999        1021.02777               4
   34.519005884800002        28.175818965300000        1106.01758               4
   34.530086187899997        28.055595509600003        100.955391              12
   34.524174108600000        28.010794720400000        5.00000000              12
   34.540948873900000        28.008664618999997        5.00000000              12
   34.538376133599996        28.029525484499999        5.00000000              12
   34.452216570700003        28.046056380600000        287.499176               9
   34.437376889500001        28.040751882399999        75.8037720              12
   34.460313935400002        28.100763323799999        279.317444               9
   34.451665320799997        28.086820249500001        72.2074966              12
   34.559608022399999        28.008739179500001        5.00000000              12
   34.558716093599998        28.023031734899998        5.00000000              12
   34.444521152800000        28.116297582000001        13.0576534              12
   34.479871759100000        28.063670826500001        828.502502               5
   34.519280879900002        28.110201378599996        979.701660               5
   34.459796536299997        28.058190852100005        444.429626               7
   34.459434329300002        28.073464384800005        210.700638              11
   34.447764553299997        28.066613257299998        107.591248              12
   34.536011319499998        28.084185167999998        454.162384               7
   34.554145178200002        28.106315780499997        220.291611              11
   34.601812741800003        28.193758072999998        608.813965               6
   34.617746793800002        28.183895609800004        315.153198               8
   34.574575030100000        28.139549613800000        26.1649265              12
   34.566925814100003        28.122433768000000        6.32506752              12
   34.589975829099998        28.122044573900002        5.00000000              12
   34.470196897299999        28.160976185699997        430.201477               7
   34.618644607199997        28.657530245000000        1129.70056               4
   34.647196406299997        28.661584441799999        1348.23206               3
   34.629668570100002        28.675982129800001        879.364258               5
   34.636839181799999        28.707042444599995        914.576843               5
   34.642724179299996        28.722704465000003        951.472961               5
   34.623487246800003        28.719536132900000        163.026947              12
   34.608780607200011        28.671327373600004        564.852112               7
   34.666691846200003        28.727500289899993        1137.57507               4
   34.644502020600008        28.739983655800003        892.103577               5
   34.600515001100000        28.682495150200005        58.2470093              12
   34.614982036599997        28.683837349399997        292.803650               9
   34.627553687999992        28.731200183900004        268.894318               9
   34.639163193700000        28.183467591100001        44.9847298              12
   34.635140358000001        28.176944240699999        39.4070778              12
   34.646405419200001        28.179174853400003        5.00000000              12
   34.638442348700003        28.193647122400002        129.746643              12
   34.650781738400006        28.199546752300002        16.6783829              12
   34.639308660799998        28.203681223500002        134.374329              12
   34.556219277300009        28.067060782900004        18.8317184              12
   34.560141781200002        28.087434048300004        115.248833              12
   34.451941566199999        28.016296673999996        237.083847              10
   34.559611369199999        28.045632307300000        5.10914755              12
   34.491717086300000        27.996287119300003        10.7054558              12
   34.476417754200000        27.995664427699996        111.125214              12
   34.441052565000000        28.057656040700000        66.2943039              12
   34.441389847499998        28.027071722100001        99.3130798              12
   34.437115098100008        28.008846487600003        90.8814087              12
   34.455947403400003        28.001247295599999        177.203720              12
   34.442312539400000        28.075737762799999        18.6973839              12
   34.433874036500001        28.085409737500001        10.3147154              12
   34.434080093299997        28.065479841200002        19.5157146              12
   34.430082097000003        28.073703520599999        9.70015430              12
   34.440223047499998        28.102195422299996        22.0128250              12
   34.443907642300005        28.129522135299997        5.19090176              12
   34.443883399299999        28.141811349299999        5.73839188              12
   34.451670631900001        28.161609839699999        58.3466606              12
   34.449577484899997        28.152314307600005        7.11520052              12
   34.593841812999997        28.134569784200000        5.00000000              12
   34.574572088700002        28.100189321799999        37.9886055              12
   34.589917486200008        28.155659320599998        106.467987              12
   34.609376873000002        28.141659896000000        5.00000000              12
   34.577245181700007        28.111206481899995        6.08375835              12
   34.577581709900002        28.182361629500001        657.038452               6
   34.623439774300003        28.199496346800000        347.312683               8
   34.630059798700003        28.185916282200001        157.259781              12
   34.608075897100001        28.215455768100000        722.755859               6
   34.610484870599997        28.696174054700002        53.5950623              12
   34.627778769999999        28.693437929400002        551.072998               7
   34.601533503299997        28.651116149400000        789.869446               6
   34.610209497200003        28.641986770300001        1190.22827               4
   34.617394265600005        28.708637596999999        156.864822              12
   34.653664872999997        28.688792423100001        1366.74207               3
   34.656880379199997        28.709640016400002        1379.51611               3
   34.679254672399999        28.670829411200003        1354.72327               3
   34.622459435600000        28.746700710900004        178.672928              12
   34.684940138700000        28.706310695199996        1385.19519               3
   34.635030508299998        28.639398106499996        1316.41382               3
   34.632208852500000        28.215333816800001        353.119812               8
   34.645756436799999        28.187582864799996        10.6551018              12
   34.643904057900002        28.171425127999999        5.00000000              12
   34.652730951100004        28.173122888000002        5.00000000              12
   34.653725123100003        28.165073605399996        5.00000000              12
           3           1           2           3
           3           4           5           6
           3           7           8           9
           3           7          10          11
           3          12          13          14
           3          15          10          16
           3          17          18          16
           3           3           2          19
           3          20          21          22
           3          23          20          22
           3          24          25          26
           3          27          28          29
           3          16          30          15
           3          28          26          31
           3          32          33          34
           3          35          36          14
           3          27          37          38
           3          33          39          40
           3           8           7          41
           3          27          42          28
           3          29          43           9
           3          44          45          46
           3          47          48          43
           3          49          22          50
           3          16          18          30
           3          51          52          53
           3           9          16          10
           3          43          17          16
           3          54          11          10
           3          55          56          57
           3          58          59          60
           3          55          57          61
           3          62          63          59
           3          19          61          64
           3           2          61          19
           3          61          57          65
           3          61          65          64
           3          59          66          60
           3          55          61           2
           3          67          68          69
           3          21          50          22
           3          70          71          72
           3          34          31          25
           3          73          47          31
           3          74          48          47
           3          14          75          12
           3          25          31          26
           3          24           6          25
           3          31          34          76
           3          25           6          32
           3          34          33          40
           3          25          32          34
           3           4          77           5
           3          13          12          24
           3          12          78           4
           3          13          26          42
           3           4          24          12
           3           4           6          24
           3          13          42          44
           3          26          28          42
           3          26          13          24
           3          44          35          13
           3          44          46          79
           3          13          35          14
           3          80          81          75
           3          12          75          82
           3          14          80          75
           3          44          79          35
           3          14          36          80
           3          35          79          36
           3          83          38          84
           3          79          46          85
           3          85          46          83
           3          85          83          86
           3          38          37          87
           3          86          83          84
           3          46          45          83
           3          38          87          84
           3          88           7          89
           3          11          54          90
           3          11          91          89
           3          11          90          91
           3          37          41          87
           3          37           8          41
           3          38          45          27
           3           9          10           7
           3          89           7          11
           3          88          41           7
           3          15          54          10
           3          48          17          43
           3          29           9           8
           3          43          16           9
           3          28          47          43
           3          51          53          92
           3          37          29           8
           3          28          43          29
           3          83          45          38
           3          44          42          45
           3          37          27          29
           3          45          42          27
           3          31          47          28
           3          48          74          93
           3          94          92          95
           3          22          94          23
           3          23          94          95
           3          52          48          96
           3          97          94          22
           3          51          17          52
           3          92          94          51
           3          93          96          48
           3          48          52          17
           3          96          53          52
           3          18          51          94
           3          18          17          51
           3          18          94          97
           3          22          49          97
           3          50          98          49
           3          70          99          67
           3          49          98         100
           3          65         101          64
           3          65          57         102
           3          65         102         101
           3         103         104          55
           3          55           2         103
           3           1         103           2
           3         105         101         102
           3          60         105          58
           3         105         102          58
           3          57          56         106
           3          57         106         102
           3         107          59          58
           3         108         106          56
           3          58         102         106
           3         106         107          58
           3          66          63         109
           3          62          59         107
           3          63          66          59
           3         107         106         110
           3         110         106         108
           3         111          56          55
           3          99          98          50
           3         112          98          72
           3          71          70         113
           3          72          98          70
           3          98          99          70
           3          50          21          99
           3         113          67          69
           3          99          21          68
           3          70          67         113
           3          99          68          67
           3          68         114          69
           3          69         114         115
           3         114         116         115
           1           2           3
           2           3           1
           3           1           2
           4           5           6
           5           6           4
           6           4           5
           7           8           9
           8           9           7
           9           7           8
          10          10          11
          11          11           7
          12           7          10
          13          13          14
          14          14          12
          15          12          13
          16          10          16
          17          16          15
          18          15          10
          19          18          16
          20          16          17
          21          17          18
          22           2          19
          23          19           3
          24          21          22
          25          22          20
          26          20          21
          27          22          23
          28          23          20
          29          25          26
          30          26          24
          31          24          25
          32          28          29
          33          29          27
          34          27          28
          35          30          15
          36          16          30
          37          26          31
          38          31          28
          39          28          26
          40          33          34
          41          34          32
          42          32          33
          43          36          14
          44          14          35
          45          35          36
          46          37          38
          47          38          27
          48          27          37
          49          40          39
          50          40          33
          51          39          33
          52           7          41
          53          41           8
          54          42          28
          55          27          42
          56          43           9
          57           9          29
          58          29          43
          59          45          46
          60          46          44
          61          44          45
          62          48          43
          63          43          47
          64          47          48
          65          22          50
          66          50          49
          67          49          22
          68          30          18
          69          52          53
          70          53          51
          71          51          52
          72          10           9
          73           9          16
          74          16          43
          75          43          17
          76          10          54
          77          54          11
          78          56          57
          79          57          55
          80          55          56
          81          59          60
          82          60          58
          83          58          59
          84          57          61
          85          61          55
          86          63          59
          87          59          62
          88          62          63
          89          61          64
          90          64          19
          91          19          61
          92           2          61
          93          57          65
          94          65          61
          95          65          64
          96          66          60
          97          59          66
          98           2          55
          99          68          69
         100          69          67
         101          67          68
         102          21          50
         103          71          72
         104          72          70
         105          70          71
         106          31          25
         107          25          34
         108          34          31
         109          47          31
         110          31          73
         111          73          47
         112          47          74
         113          74          48
         114          75          12
         115          14          75
         116           6          25
         117          24           6
         118          34          76
         119          76          31
         120           6          32
         121          32          25
         122          34          40
         123          77           5
         124           4          77
         125          12          24
         126          24          13
         127           4          78
         128           4          12
         129          12          78
         130          26          42
         131          42          13
         132          13          26
         133           4          24
         134          42          44
         135          44          13
         136          35          13
         137          44          35
         138          46          79
         139          79          44
         140          75          81
         141          75          80
         142          80          81
         143          82          75
         144          12          82
         145          14          80
         146          79          35
         147          36          80
         148          79          36
         149          38          84
         150          84          83
         151          83          38
         152          46          85
         153          85          79
         154          46          83
         155          83          85
         156          83          86
         157          86          85
         158          37          87
         159          87          38
         160          84          86
         161          45          83
         162          87          84
         163           7          89
         164          89          88
         165          88           7
         166          90          54
         167          90          11
         168          91          89
         169          89          11
         170          11          91
         171          90          91
         172          41          87
         173          37          41
         174          37           8
         175          45          27
         176          38          45
         177          88          41
         178          54          15
         179          48          17
         180           8          29
         181          43          28
         182          28          47
         183          53          92
         184          92          51
         185          37          29
         186          42          45
         187          93          74
         188          93          48
         189          92          95
         190          95          94
         191          94          92
         192          94          23
         193          22          94
         194          95          23
         195          48          96
         196          96          52
         197          52          48
         198          22          97
         199          97          94
         200          17          52
         201          51          17
         202          94          51
         203          93          96
         204          96          53
         205          94          18
         206          18          51
         207          18          97
         208          97          49
         209          98          49
         210          50          98
         211          99          67
         212          67          70
         213          70          99
         214         100          98
         215          49         100
         216         101          64
         217          65         101
         218          57         102
         219         102          65
         220         102         101
         221         104          55
         222          55         103
         223         104         103
         224           2         103
         225           1         103
         226         102         105
         227         105         101
         228         105          58
         229          60         105
         230         102          58
         231          56         106
         232         106          57
         233         106         102
         234          58         107
         235         107          59
         236         108          56
         237         108         106
         238         106          58
         239         106         107
         240         109          63
         241         109          66
         242          66          63
         243          62         107
         244         106         110
         245         107         110
         246         108         110
         247         111          55
         248         111          56
         249          50          99
         250          99          98
         251          98          72
         252         112          72
         253          98         112
         254          70         113
         255         113          71
         256          98          70
         257          21          99
         258          69         113
         259         113          67
         260          21          68
         261          68          99
         262         114          69
         263          68         114
         264         114         115
         265         115          69
         266         116         115
         267         114         116
