       4387       2725       1656         32         17          2          1          1          0          0          0          0          0          0          0          0          0          0
 local to global mapping:
         148
           1           6
           2          11
           3          24
           4          36
           5          46
           6          48
           7          49
           8          50
           9          65
          10          66
          11         126
          12         152
          13         159
          14         163
          15         166
          16         185
          17         186
          18         187
          19         189
          20         190
          21         193
          22         231
          23         570
          24         572
          25         573
          26         574
          27         575
          28         576
          29         577
          30         579
          31         580
          32         581
          33         582
          34         583
          35         676
          36         677
          37         678
          38         679
          39         680
          40         681
          41         682
          42         684
          43         686
          44         687
          45         690
          46         764
          47         765
          48         766
          49         767
          50         768
          51         770
          52         771
          53         774
          54         818
          55         819
          56         820
          57         821
          58         822
          59         823
          60         824
          61         826
          62         828
          63         830
          64         831
          65         938
          66         939
          67         940
          68         941
          69         942
          70         943
          71         944
          72         945
          73         946
          74         947
          75         948
          76         949
          77         951
          78         952
          79        2208
          80        2209
          81        2223
          82        2225
          83        2226
          84        2227
          85        2228
          86        2229
          87        2230
          88        2231
          89        2232
          90        2233
          91        2234
          92        2235
          93        2236
          94        2237
          95        2238
          96        2239
          97        2240
          98        2241
          99        2242
         100        2243
         101        2244
         102        2245
         103        2246
         104        2247
         105        2248
         106        2250
         107        2251
         108        2252
         109        2253
         110        2254
         111        2255
         112        2256
         113        2257
         114        2258
         115        2259
         116        2260
         117        2261
         118        2262
         119        2263
         120        2264
         121        2265
         122        2266
         123        2267
         124        2268
         125        2269
         126        2270
         127        2271
         128        2281
         129        2282
         130        2459
         131        2460
         132        2461
         133        2462
         134        2470
         135        2472
         136        2473
         137        2474
         138        2485
         139        2487
         140        2488
         141        2489
         142        2490
         143        2492
         144        2647
         145        2648
         146        2649
         147        2650
         148        2655
         110
           1        1592
           2        1578
           3        1577
           4         856
           5         857
           6         910
           7        1611
           8        1600
           9        1605
          10        1560
          11        1575
          12        1033
          13         969
          14         970
          15        1098
          16        1166
          17        1097
          18         914
          19         861
          20         967
          21        1032
          22        1029
          23         853
          24         854
          25         908
          26        1620
          27        1625
          28        1623
          29        1593
          30        1606
          31        1558
          32        1570
          33        1603
          34        1645
          35        1643
          36        1642
          37         862
          38         909
          39         968
          40         976
          41        1037
          42         975
          43        1101
          44         907
          45        1591
          46        1576
          47        1579
          48        1618
          49        1612
          50        1613
          51        1614
          52        1632
          53        1631
          54        1635
          55        1609
          56        1604
          57        1646
          58        1644
          59        1640
          60        1637
          61        1619
          62        1602
          63        1601
          64        1589
          65        1588
          66        1571
          67        1590
          68        1597
          69        1584
          70        1585
          71        1629
          72        1626
          73        1630
          74        1627
          75        1621
          76        1616
          77        1639
          78        1638
          79         863
          80         915
          81         916
          82         977
          83        1034
          84        1038
          85        1167
          86        1094
          87         855
          88         820
          89         906
          90        1556
          91        1539
          92        1559
          93        1557
          94        1628
          95        1636
          96        1641
          97        1633
          98        1634
          99        1622
         100        1624
         101        1550
         102        1572
         103        1615
         104        1596
         105        1608
         106        1607
         107        1551
         108        1574
         109        1617
         110        1610
         256
           1          16
           2          17
           3          18
           4          31
           5          32
           6          33
           7          69
           8          70
           9          71
          10         104
          11         105
          12         106
          13         133
          14         134
          15         135
          16         139
          17         140
          18         141
          19         142
          20         143
          21         144
          22         145
          23         146
          24         187
          25         188
          26         189
          27         190
          28         191
          29         192
          30         361
          31         362
          32         363
          33         436
          34         437
          35         438
          36         456
          37         457
          38         458
          39         468
          40         469
          41         476
          42         477
          43         478
          44         527
          45         528
          46         529
          47         530
          48         531
          49         532
          50         533
          51         534
          52         537
          53         538
          54         539
          55         540
          56         546
          57         547
          58         113
          59         640
          60         641
          61         642
          62        1474
          63        1475
          64        1476
          65        1480
          66        1481
          67        1482
          68        1483
          69        1484
          70        1485
          71        1486
          72        1487
          73        1488
          74        1489
          75        1490
          76        1491
          77        1492
          78        1493
          79        1494
          80        1495
          81        1496
          82        1500
          83        1501
          84        1502
          85        1503
          86        1504
          87        1505
          88        1506
          89        1507
          90        1508
          91        1509
          92        1510
          93        1511
          94        1512
          95        1740
          96        1741
          97        1742
          98        1743
          99        1744
         100        1745
         101        1746
         102        1747
         103        1748
         104        1749
         105        1750
         106        1751
         107        1704
         108        1752
         109        1753
         110        1757
         111        1758
         112        1759
         113        1763
         114        1764
         115        1765
         116        1766
         117        1767
         118        1768
         119        1774
         120        1775
         121        1776
         122        1909
         123        1910
         124        1911
         125        1912
         126        1913
         127        1914
         128        1915
         129        1916
         130        1917
         131        1918
         132        1919
         133        1923
         134        1924
         135        1928
         136        1920
         137        1975
         138        1976
         139         114
         140        1922
         141        1977
         142        1978
         143        1979
         144        1980
         145        1981
         146        1930
         147         571
         148         543
         149        1987
         150        1988
         151        1989
         152         645
         153        2115
         154        2116
         155        2117
         156        2118
         157        2119
         158        2120
         159        2121
         160        2122
         161        2123
         162        2124
         163        2126
         164         185
         165        2127
         166        3728
         167        3729
         168        3730
         169        3731
         170        3752
         171        3756
         172        3750
         173        3759
         174        3760
         175        3751
         176        3761
         177        3762
         178        3763
         179        3764
         180        3765
         181        3766
         182        3767
         183        3768
         184        3769
         185        3770
         186        3771
         187        3772
         188        3773
         189        3774
         190        3775
         191        3776
         192        3777
         193        3778
         194        3779
         195        3780
         196        3781
         197        3782
         198        3783
         199        3784
         200        3785
         201        3786
         202        3787
         203        3788
         204        3789
         205        3793
         206        3794
         207        3795
         208        3796
         209        3797
         210        3798
         211        3799
         212        3800
         213        3801
         214        3802
         215        3803
         216        3804
         217        3805
         218        3806
         219        3807
         220        3808
         221        3809
         222        3810
         223        3811
         224        3812
         225        3813
         226        3814
         227        3815
         228        3816
         229        3830
         230        3831
         231        3832
         232        4063
         233        4064
         234        4065
         235        4066
         236        4082
         237        4070
         238        4073
         239        4084
         240        4072
         241        1497
         242        4085
         243        4086
         244        4106
         245        4091
         246        3836
         247        4108
         248        4109
         249        4105
         250        3848
         251        4293
         252        4294
         253        4295
         254        4296
         255        1499
         256        4297
 Header:
       2000          2          1           0.00           0.00
        48  0.9000000E+03      3     32     12    0.99999998E-02    0.20000000E+03    0.10000000E+02    0.00000000E+00    0.99999997E-04   2
  -1800.00000    
  -1600.00000    
  -1400.00000    
  -1200.00000    
  -1000.00000    
  -800.000000    
  -600.000000    
  -400.000000    
  -300.000000    
  -260.000000    
  -230.000000    
  -1.00000000    
 -0.949999988    
 -0.899999976    
 -0.850000024    
 -0.800000012    
 -0.750000000    
 -0.699999988    
 -0.649999976    
 -0.600000024    
 -0.550000012    
 -0.500000000    
 -0.449999988    
 -0.400000006    
 -0.349999994    
 -0.300000012    
 -0.250000000    
 -0.200000003    
 -0.150000006    
 -0.100000001    
  -5.00000007E-02
   0.00000000    
         110         148
   35.084416885700001        28.049074878799996        33.0010681              12
   35.079926838499993        28.066411300700000        10.1102381              12
   35.063897869099996        28.059519310599999        6.97094536              12
   34.339276145400000        27.904837246900001        104.083244              12
   34.333055370899999        27.902481270599999        52.4842567              12
   34.341713632100003        27.896047496800001        237.146759              10
   35.130640681400003        28.060914688900002        5.00000000              12
   35.115127978499999        28.070700791699998        5.52263927              12
   35.115856195299997        28.056047043600003        10.6324673              12
   35.084583914200003        28.077679122700001        6.17863846              12
   35.094577323499998        28.072089455499999        8.37749958              12
   34.369371618900004        27.886128362499996        1077.49756               4
   34.356107246199997        27.896707459400005        498.807556               7
   34.351075452300002        27.886111309699999        591.882874               7
   34.373732349700006        27.864144056099999        1209.70447               3
   34.404318862699995        27.857793322999999        1152.76611               4
   34.393085995600003        27.881140974099999        1313.24280               3
   34.338139339100003        27.885923856600002        339.425293               8
   34.330219342200003        27.895127559900001        64.6069107              12
   34.378384850700002        27.913218561800004        861.912476               5
   34.384928245600001        27.899047922500003        1276.24695               3
   34.393451538800001        27.914109295900001        1250.47205               3
   34.358390707700011        27.915497043100000        55.3810997              12
   34.351412522200000        27.910501755900000        105.720558              12
   34.358371508799998        27.906585579199998        323.205597               8
   35.144024740499994        28.030827713000001        5.00000000              12
   35.166240056600010        28.029180908300003        5.00000000              12
   35.159509291500001        28.043889031799999        5.00000000              12
   35.101637908599997        28.054733920699999        29.2338333              12
   35.105946494100003        28.040775522600001        42.8497772              12
   35.042793765799992        28.058324812999999        5.00000000              12
   35.047274603300004        28.048194064299999        5.00000000              12
   35.089438960499997        28.025081733000004        47.3550186              12
   35.219193072499998        28.032455530200000        8.50161266              12
   35.214911435999994        28.040741378000000        48.0646896              12
   35.210450769399991        28.035065657699995        80.8631592              12
   34.328413164299995        27.882681247499999        63.0433617              12
   34.347481935399998        27.904020943700004        200.739868              11
   34.369362961500002        27.902771306699997        806.077698               5
   34.335430920000000        27.864929728700002        462.876617               7
   34.350243306500005        27.861364212300003        1029.55627               4
   34.344404311399991        27.875099826899998        644.919861               6
   34.357872029799999        27.844587556000000        1150.32800               4
   34.364986694199999        27.914757622100002        188.124542              12
   35.105362081700001        28.065812406000003        14.3520727              12
   35.106021455499999        28.073925395800003        5.00000000              12
   35.092433743999997        28.061990600000005        24.1109085              12
   35.144168233999999        28.049883162199997        5.00000000              12
   35.148724662399999        28.063638117899998        5.00000000              12
   35.118498989999999        28.020925694900004        26.6674328              12
   35.126702381400001        28.042962602100001        6.50404787              12
   35.192118651900003        28.053894975099997        28.4893723              12
   35.188301142500002        28.044003739499999        66.5004501              12
   35.197026547299998        28.047539822600005        97.9423676              12
   35.126669728700001        27.996275802199996        48.2173996              12
   35.097221586400003        27.996466887200000        68.8673630              12
   35.222894502300008        28.040993518400004        12.6237497              12
   35.218023950099997        28.048512053599996        21.8185902              12
   35.206716275299996        28.044465539899999        125.150429              12
   35.200817020700001        28.053519172200005        44.2895966              12
   35.159105095199997        28.057062752799997        5.00000000              12
   35.139708225400000        28.071018708200000        5.00000000              12
   35.129392809599999        28.071852908299999        5.00000000              12
   35.063314920300009        28.005818926600000        18.8359375              12
   35.066822949200002        28.036341541399999        16.1544018              12
   35.044641555699997        28.031515047500005        5.00000000              12
   35.071418216800005        27.964231900699996        106.958740              12
   35.116693425999998        27.966278459699996        115.030937              12
   35.095000264299998        27.926214772500000        70.2317429              12
   35.138446018599993        27.940503270300002        85.6315765              12
   35.182164980400003        28.033293164200003        22.9894695              12
   35.181343727500000        28.020771953200001        5.90553570              12
   35.191506427999997        28.026214470999999        20.0670624              12
   35.174769691500003        28.043286983600002        8.44776726              12
   35.155191550399991        28.015186739700003        5.00000000              12
   35.138472072499994        28.012085220300001        8.54850578              12
   35.209128344900002        28.026961594300001        42.3643494              12
   35.203014442600001        28.034943505400001        107.774780              12
   34.324044438599998        27.876775403100005        52.5848465              12
   34.333491821999992        27.875772965300001        282.501373               9
   34.326049761100002        27.870535532700000        129.826340              12
   34.322901691500000        27.860284723900001        23.9092560              12
   34.357886630899998        27.874649269599999        952.186890               5
   34.333838476399997        27.848852635699998        390.424133               8
   34.382420554500001        27.841026899900001        1227.96838               3
   34.405568157200001        27.900378020100003        1415.38489               2
   34.340020078000009        27.911376599200000        16.4747372              12
   34.330779608299999        27.910168347599999        19.3893986              12
   34.371702232499999        27.922089151700000        325.002167               8
   35.097892336299999        28.082818544400006        5.00000000              12
   35.086103125900003        28.088775199899999        5.00000000              12
   35.068909632299999        28.079522043500003        5.09396648              12
   35.051063008300005        28.070897192999997        5.00000000              12
   35.183328429600003        28.053913601100000        15.1416569              12
   35.198358581600004        28.040865116300001        110.726746              12
   35.208862785899996        28.051877195899998        49.5069618              12
   35.193441676299997        28.034582970300001        71.6599274              12
   35.200379211799998        28.027656186300000        50.3227539              12
   35.169645198799998        28.015265515199999        5.00000000              12
   35.169724320400007        28.055819615899999        5.00000000              12
   35.029661151599996        28.050903166700003        7.34776688              12
   35.031953034099999        28.009265585800001        5.30854225              12
   35.152498929600000        27.997482546599997        8.36044788              12
   35.151067580000010        27.964142198700003        87.0051651              12
   35.142468643500003        27.981838302499998        48.6965103              12
   35.163205476199998        27.983164583399997        12.4603071              12
   35.022179543700005        28.031447954299999        7.61514616              12
   35.030202992500001        27.977056678200004        38.1994743              12
   35.164484317099998        28.003401318499996        5.00000000              12
   35.170967379700002        27.995936854299995        5.00000000              12
           3           1           2           3
           3           4           5           6
           3           7           8           9
           3          10           2          11
           3          12          13          14
           3          15          16          17
           3          18           6          19
           3          18          14           6
           3          20          21          22
           3          23          24          25
           3          26          27          28
           3          29           1          30
           3           3          31          32
           3           1          33          30
           3          34          35          36
           3          37          18          19
           3          13          25          38
           3          39          12          21
           3          14          13           6
           3          40          41          42
           3          41          43          15
           3          25          39          44
           3          45          46          11
           3          47          45          11
           3           7          48          49
           3          50          26          51
           3          52          53          54
           3          55          50          56
           3          57          58          35
           3          50          30          33
           3          59          60          54
           3          61          48          28
           3          62          63           7
           3          47           2           1
           3          64          33          65
           3          66          65          32
           3          33           1          65
           3          56          50          33
           3          67          68          56
           3          65          66          64
           3          68          69          70
           3          71          72          73
           3          71          53          74
           3          75          26          76
           3          77          36          78
           3          37          79          80
           3           5          19           6
           3          38           4           6
           3          81          80          79
           3          42          18          80
           3          42          80          40
           3          40          80          81
           3          40          81          82
           3          42          41          83
           3          40          84          41
           3          80          18          37
           3          42          83          14
           3          42          14          18
           3          83          12          14
           3          15          12          83
           3          41          15          83
           3          85          16          15
           3          21          17          86
           3          12          15          17
           3          22          21          86
           3          20          39          21
           3          12          17          21
           3          13          39          25
           3          13          12          39
           3          13          38           6
           3          87           4          38
           3          88           5           4
           3           4          87          88
           3          38          25          24
           3          38          24          87
           3          25          44          23
           3          44          39          20
           3          44          20          89
           3          11          90          10
           3          90          91          10
           3           2          10          92
           3          31           3          93
           3           1           3          65
           3           2          92           3
           3          29          47           1
           3          11           2          47
           3          29          45          47
           3          46          90          11
           3          45           9           8
           3          30          51           9
           3          61          49          48
           3          62           7          49
           3           8           7          63
           3           9          51           7
           3          53          94          74
           3          54          95          59
           3          59          58          96
           3          52          54          60
           3          53          95          54
           3          97          95          53
           3          59          96          60
           3          78          59          95
           3          35          58          59
           3          35          59          36
           3          57          35          34
           3          78          95          97
           3          71          97          53
           3          98          78          97
           3          77          78          98
           3          36          59          78
           3          28          27          74
           3          73          98          97
           3          99          27          75
           3          71          74          27
           3          51          26          48
           3          50          76          26
           3           7          51          48
           3          30          50          51
           3         100          28          74
           3          48          26          28
           3          66          32         101
           3          65           3          32
           3          52          94          53
           3         100          74          94
           3          61          28         100
           3           9          29          30
           3           9          45          29
           3         102          64          66
           3          64          56          33
           3          55         103          76
           3          75          27          26
           3         103          75          76
           3          50          55          76
           3         104         105          68
           3         106         103         105
           3          55         105         103
           3          55          56          68
           3          56          64          67
           3          55          68         105
           3          67          69          68
           3         107         102          66
           3         108          67          64
           3         108          64         102
           3          75         103         109
           3          72          27          99
           3          27          72          71
           3         109         103         110
           3          71          73          97
           1           2           3
           2           3           1
           3           1           2
           4           5           6
           5           6           4
           6           4           5
           7           8           9
           8           9           7
           9           7           8
          10           2          11
          11          11          10
          12          10           2
          13          13          14
          14          14          12
          15          12          13
          16          16          17
          17          17          15
          18          15          16
          19           6          19
          20          19          18
          21          18           6
          22          14           6
          23          18          14
          24          21          22
          25          22          20
          26          20          21
          27          24          25
          28          25          23
          29          23          24
          30          27          28
          31          28          26
          32          26          27
          33           1          30
          34          30          29
          35          29           1
          36          31          32
          37          32           3
          38           3          31
          39          33          30
          40           1          33
          41          35          36
          42          36          34
          43          34          35
          44          19          37
          45          37          18
          46          25          38
          47          38          13
          48          13          25
          49          12          21
          50          21          39
          51          39          12
          52          13           6
          53          41          42
          54          42          40
          55          40          41
          56          43          15
          57          15          41
          58          43          41
          59          39          44
          60          44          25
          61          25          39
          62          46          11
          63          11          45
          64          45          46
          65          11          47
          66          47          45
          67          48          49
          68          49           7
          69           7          48
          70          26          51
          71          51          50
          72          50          26
          73          53          54
          74          54          52
          75          52          53
          76          50          56
          77          56          55
          78          55          50
          79          58          35
          80          35          57
          81          57          58
          82          33          50
          83          50          30
          84          60          54
          85          54          59
          86          59          60
          87          48          28
          88          28          61
          89          61          48
          90          63           7
          91           7          62
          92          62          63
          93           1          47
          94          47           2
          95          33          65
          96          65          64
          97          64          33
          98          65          32
          99          32          66
         100          66          65
         101           1          65
         102          33          56
         103          68          56
         104          56          67
         105          67          68
         106          66          64
         107          70          69
         108          70          68
         109          68          69
         110          72          73
         111          73          71
         112          71          72
         113          53          74
         114          74          71
         115          71          53
         116          26          76
         117          76          75
         118          75          26
         119          36          78
         120          78          77
         121          77          36
         122          79          80
         123          80          37
         124          37          79
         125           5          19
         126           6          38
         127          38           4
         128          79          81
         129          81          80
         130          18          80
         131          80          42
         132          42          18
         133          80          40
         134          81          40
         135          81          82
         136          40          82
         137          41          83
         138          83          42
         139          41          84
         140          84          40
         141          83          14
         142          14          42
         143          83          12
         144          83          15
         145          15          12
         146          85          15
         147          16          85
         148          86          17
         149          86          21
         150          21          17
         151          17          12
         152          22          86
         153          20          39
         154          13          39
         155          38          87
         156          87           4
         157           4          88
         158          88           5
         159          87          88
         160          24          38
         161          24          87
         162          44          23
         163          20          44
         164          89          20
         165          89          44
         166          90          10
         167          11          90
         168          91          10
         169          90          91
         170          92          10
         171          92           2
         172          93           3
         173          93          31
         174           3          65
         175           3          92
         176          29          47
         177          29          45
         178          46          90
         179           8          45
         180          45           9
         181          51           9
         182           9          30
         183          30          51
         184          61          49
         185          49          62
         186          63           8
         187          51           7
         188          94          74
         189          53          94
         190          95          59
         191          54          95
         192          58          96
         193          96          59
         194          59          58
         195          60          52
         196          53          95
         197          53          97
         198          97          95
         199          96          60
         200          95          78
         201          78          59
         202          59          35
         203          59          36
         204          34          57
         205          97          78
         206          71          97
         207          97          98
         208          98          78
         209          98          77
         210          27          74
         211          74          28
         212          97          73
         213          73          98
         214          27          75
         215          75          99
         216          99          27
         217          27          71
         218          26          48
         219          48          51
         220          50          76
         221          74         100
         222         100          28
         223          32         101
         224         101          66
         225          52          94
         226          94         100
         227         100          61
         228           9          29
         229          66         102
         230         102          64
         231          64          56
         232         103          76
         233          76          55
         234          55         103
         235         103          75
         236         105          68
         237         104          68
         238         105         104
         239         103         105
         240         106         105
         241         103         106
         242          55         105
         243          68          55
         244          64          67
         245          69          67
         246         107          66
         247         107         102
         248          64         108
         249          67         108
         250         108         102
         251         103         109
         252         109          75
         253          99          72
         254          72          27
         255         110         103
         256         110         109
