       4387       2725       1656         32         17          2          1          1          0          0          0          0          0          0          0          0          0          0
 local to global mapping:
         162
           1          25
           2         112
           3         114
           4         115
           5         116
           6         121
           7         124
           8         133
           9         137
          10         388
          11         451
          12         473
          13         474
          14         476
          15         478
          16         480
          17         482
          18         483
          19         484
          20         485
          21         488
          22         492
          23         493
          24         494
          25         497
          26         505
          27         506
          28         507
          29         508
          30         509
          31         510
          32         511
          33         520
          34         536
          35         538
          36         539
          37         540
          38         541
          39         542
          40         543
          41         544
          42         545
          43         546
          44         547
          45         548
          46         549
          47         550
          48         551
          49         552
          50         553
          51         563
          52         564
          53         568
          54         569
          55        1372
          56        1877
          57        1878
          58        1879
          59        1880
          60        1881
          61        1882
          62        1883
          63        1884
          64        1885
          65        1886
          66        1887
          67        1888
          68        1889
          69        1890
          70        1891
          71        1892
          72        1893
          73        1894
          74        1895
          75        1896
          76        1897
          77        1899
          78        1901
          79        1903
          80        1904
          81        1905
          82        1906
          83        1909
          84        1914
          85        1915
          86        1916
          87        1924
          88        1925
          89        1926
          90        1927
          91        1928
          92        1937
          93        1938
          94        1939
          95        1940
          96        1941
          97        1942
          98        1943
          99        1948
         100        1949
         101        1967
         102        1969
         103        1971
         104        1972
         105        1973
         106        1975
         107        1976
         108        1977
         109        1978
         110        1979
         111        1981
         112        1982
         113        1983
         114        1984
         115        1985
         116        1999
         117        2079
         118        2083
         119        2084
         120        2085
         121        2086
         122        2087
         123        2088
         124        2091
         125        2092
         126        2093
         127        2094
         128        2095
         129        2096
         130        2097
         131        2098
         132        2099
         133        2100
         134        2101
         135        2102
         136        2103
         137        2104
         138        2105
         139        2106
         140        2107
         141        2108
         142        2109
         143        2112
         144        2113
         145        2114
         146        2115
         147        2116
         148        2117
         149        2118
         150        2119
         151        2120
         152        2121
         153        2122
         154        2123
         155        2128
         156        2130
         157        2131
         158        2132
         159        2133
         160        2134
         161        2135
         162        2141
         110
           1         179
           2         197
           3         198
           4         201
           5         215
           6         216
           7         204
           8         219
           9         182
          10         178
          11         180
          12         142
          13         158
          14         157
          15         124
          16         143
          17         135
          18         136
          19         152
          20         127
          21         110
          22         126
          23         149
          24         161
          25         162
          26         132
          27         113
          28         114
          29         175
          30         189
          31         188
          32         116
          33         154
          34         163
          35         165
          36         139
          37         138
          38         119
          39         137
          40         117
          41         153
          42         181
          43         115
          44         125
          45         104
          46         200
          47         199
          48         108
          49          94
          50         148
          51         160
          52         107
          53        1649
          54         109
          55         105
          56          92
          57          73
          58          72
          59         106
          60          93
          61         140
          62         150
          63         131
          64         145
          65         159
          66         146
          67         129
          68         144
          69         167
          70         133
          71         171
          72        1647
          73         185
          74         168
          75        1648
          76         169
          77         156
          78         170
          79         118
          80         174
          81         183
          82         190
          83         205
          84         151
          85         134
          86         155
          87         166
          88         164
          89         206
          90          97
          91          96
          92         141
          93         235
          94         121
          95         147
          96         130
          97          95
          98          89
          99          88
         100          91
         101         122
         102         123
         103         111
         104          74
         105         112
         106         128
         107         120
         108         184
         109         217
         110         202
         271
           1          72
           2          73
           3          74
           4         320
           5         321
           6         322
           7         326
           8         327
           9         328
          10         329
          11         330
          12         331
          13         332
          14         333
          15         346
          16         347
          17         348
          18         355
          19         356
          20         357
          21         382
          22         383
          23         384
          24         394
          25         395
          26         396
          27        1028
          28        1029
          29        1030
          30        1188
          31        1189
          32        1190
          33        1241
          34        1242
          35        1243
          36        1244
          37        1245
          38        1248
          39        1249
          40        1250
          41        1254
          42        1255
          43        1256
          44        1259
          45        1260
          46        1261
          47        1265
          48        1266
          49        1267
          50        1268
          51        1269
          52        1270
          53        1271
          54        1272
          55        1273
          56        1279
          57        1280
          58        1281
          59        1291
          60        1292
          61        1293
          62        1294
          63        1295
          64        1296
          65        1301
          66        1302
          67        1303
          68        1320
          69        1321
          70        1322
          71        1323
          72        1324
          73        1325
          74        1326
          75        1327
          76        1328
          77        1329
          78        1330
          79        1331
          80        1332
          81        1333
          82        1334
          83        1335
          84        1336
          85        1337
          86        1358
          87        1359
          88        1395
          89        1396
          90        1397
          91        1400
          92        1401
          93        1402
          94        1403
          95        1404
          96        1405
          97        1406
          98        1407
          99        1408
         100        1409
         101        1410
         102        1411
         103        1412
         104        1413
         105        1414
         106        1415
         107        1416
         108        1417
         109        1418
         110        1419
         111        1420
         112        1421
         113        1422
         114        1423
         115        1424
         116        1425
         117        1426
         118        1427
         119        1428
         120        1429
         121        1430
         122        1431
         123        1456
         124        1457
         125        1458
         126        1459
         127        1460
         128        1461
         129        1469
         130        1470
         131        1471
         132        1472
         133        1473
         134        2665
         135        2666
         136        3334
         137        3335
         138        3336
         139        3337
         140        3338
         141        3339
         142        3340
         143        3341
         144        3342
         145        3343
         146        3344
         147        3345
         148        3346
         149        3347
         150        3348
         151        3349
         152        3350
         153        3351
         154        3352
         155        3353
         156        3354
         157        3355
         158        3356
         159        3357
         160        3358
         161        3359
         162        3360
         163        3361
         164        3362
         165        3363
         166        3364
         167        3365
         168        3366
         169        1306
         170        3368
         171        3369
         172        3370
         173        3371
         174        3372
         175        3373
         176        3374
         177        3375
         178        3376
         179        3381
         180        3380
         181        3388
         182        3389
         183        3390
         184        3391
         185        3404
         186        3405
         187        3406
         188        3418
         189        3419
         190        3420
         191        3421
         192        3422
         193        3423
         194        3424
         195        3317
         196        3442
         197        3444
         198        3445
         199        1360
         200        3449
         201        3450
         202        3451
         203        3452
         204        3453
         205        3454
         206        3457
         207        3458
         208        3459
         209        3460
         210        3461
         211        3462
         212        3463
         213        3464
         214        1393
         215        3465
         216        3468
         217        3469
         218        3455
         219        1251
         220        3490
         221        3577
         222        3578
         223        3579
         224        3583
         225        3584
         226        3585
         227        3586
         228        3587
         229        3588
         230        3590
         231        3591
         232        3592
         233        3593
         234        3594
         235        3595
         236        3596
         237        3597
         238        3598
         239        3599
         240        3600
         241        3601
         242        3602
         243        3603
         244        3604
         245        3605
         246        3606
         247        3607
         248        3608
         249        3609
         250        3610
         251        3611
         252        3612
         253        3613
         254        3614
         255        3618
         256        3619
         257        3620
         258        3621
         259        3622
         260        3623
         261        3624
         262        3625
         263        3633
         264        3634
         265        3635
         266        3638
         267        3639
         268        1463
         269        3640
         270        1462
         271        3630
 Header:
       2000          2          1           0.00           0.00
        48  0.9000000E+03      3     32     12    0.99999998E-02    0.20000000E+03    0.10000000E+02    0.00000000E+00    0.99999997E-04   2
  -1800.00000    
  -1600.00000    
  -1400.00000    
  -1200.00000    
  -1000.00000    
  -800.000000    
  -600.000000    
  -400.000000    
  -300.000000    
  -260.000000    
  -230.000000    
  -1.00000000    
 -0.949999988    
 -0.899999976    
 -0.850000024    
 -0.800000012    
 -0.750000000    
 -0.699999988    
 -0.649999976    
 -0.600000024    
 -0.550000012    
 -0.500000000    
 -0.449999988    
 -0.400000006    
 -0.349999994    
 -0.300000012    
 -0.250000000    
 -0.200000003    
 -0.150000006    
 -0.100000001    
  -5.00000007E-02
   0.00000000    
         110         162
   34.865523381699994        29.262789162499999        827.880371               5
   34.830467170500000        29.251771365699998        879.515442               5
   34.855810660700001        29.233371266500004        845.041748               5
   34.859922039799997        29.206304776100005        701.280762               6
   34.823693251599998        29.217027364900002        900.281372               5
   34.788401849200000        29.212646442300002        538.194885               7
   34.758833324400001        29.214073966899999        163.790848              12
   34.771910856200002        29.192768060000002        531.215637               7
   34.804726463400002        29.270779476300000        623.986694               6
   34.838773404700000        29.285694988100005        853.811096               5
   34.881311781600004        29.239823543400000        616.287659               6
   34.841896986300000        29.340716336300005        713.224609               6
   34.825409598199997        29.315210191500004        685.701172               6
   34.855947161299994        29.314618701799997        854.726135               5
   34.819404719200001        29.351329911199997        314.327820               8
   34.814312711200003        29.334107258700005        482.334503               7
   34.793217613100005        29.336713023600002        266.992737               9
   34.776012469299999        29.330923343500000        74.5665207              12
   34.795178334100001        29.319402955499999        368.512695               8
   34.909572264300003        29.318380470400001        652.292175               6
   34.920030425299998        29.329541546499996        524.583313               7
   34.903035298900001        29.337472000300000        809.888367               5
   34.909351317199999        29.251219548200002        277.827728               9
   34.892954048900002        29.255202485000002        648.853699               6
   34.901900085099996        29.239788532799995        350.278290               8
   34.925424787600001        29.240775797300003        5.00000000              12
   34.936282549699996        29.243575424399999        5.00000000              12
   34.928861892599997        29.249091095399997        5.00000000              12
   34.735608753100003        29.236335402599998        7.27949858              12
   34.740276066699998        29.220294985900001        5.00000000              12
   34.750849267600003        29.234542514899999        20.3333454              12
   34.779722068600002        29.343477994199997        48.0608101              12
   34.762238134800000        29.292854689899997        68.4141769              12
   34.757857144900008        29.278328985600002        27.5896397              12
   34.780748265400007        29.284330175800005        213.939117              11
   34.751264112299999        29.299097732100002        26.5646877              12
   34.761044817699997        29.306784408199999        67.7567978              12
   34.745852671900003        29.307646279700002        7.51993036              12
   34.771616475300000        29.317423182599999        109.560547              12
   34.761411356300009        29.329524864500002        16.9559021              12
   34.780013609900003        29.302971167700001        199.470688              12
   34.773268794300002        29.264779098500004        173.656906              12
   34.792109308400001        29.349860510500001        199.362366              12
   34.804236087299998        29.346100259100009        310.786804               8
   34.803898190699996        29.357614386800002        217.850388              11
   34.771204131399990        29.230029194899998        276.428925               9
   34.794505898899999        29.241945349399998        576.003357               7
   34.924797799399990        29.340950104500003        529.927979               7
   34.933220405699998        29.329965665799996        291.502472               9
   34.910267266400005        29.265122047599995        240.918976              10
   34.892479545400001        29.272958142200000        626.289856               6
   34.916594122200010        29.353344090899995        730.595032               6
   34.922208973099998        29.306496225099998        337.825562               8
   34.927337518699993        29.319656050400003        290.825653               9
   34.934829550000003        29.312219874500006        141.432999              12
   34.937428190299997        29.339641449300000        270.977753               9
   34.945478421800004        29.333399417900001        77.0320587              12
   34.949321217100000        29.343983695100000        74.5054703              12
   34.933920427700002        29.303746487700003        106.767380              12
   34.942177419700002        29.321835981500001        85.2825317              12
   34.923222062299999        29.230686237400000        7.31580257              12
   34.915411353999993        29.239772801099996        102.380157              12
   34.922257838000000        29.257781129599998        37.3652573              12
   34.885727332999991        29.317795966500000        878.173340               5
   34.875652757600001        29.292287133599999        826.195312               5
   34.913551828000003        29.279589290599997        223.933289              11
   34.916163984699999        29.294444034600005        350.401367               8
   34.901575611200009        29.303744377700003        693.795898               6
   34.897284734499998        29.226176116600001        262.574768               9
   34.919878124400007        29.247873339500000        11.3353109              12
   34.893199692800003        29.191456481000003        13.3425398              12
   34.887012513700000        29.203173861999996        165.426895              12
   34.876154568899999        29.193159533499998        139.756866              12
   34.909001904000000        29.218141101699995        62.0180321              12
   34.899110528799994        29.209537392899996        108.047348              12
   34.913208465600000        29.204847464600000        9.67360973              12
   34.913833538900001        29.229732143899998        79.0155487              12
   34.904221116000009        29.193371234800004        9.89573002              12
   34.753116602200002        29.318001738900005        16.0293427              12
   34.737240581599991        29.252526478899998        18.6156635              12
   34.762170980599997        29.248365640300005        76.4283066              12
   34.738203023600001        29.206627091299996        8.67137623              12
   34.751057143300002        29.197480607500001        228.254791              11
   34.744270559900002        29.289318703800003        11.1235485              12
   34.741101214700002        29.298129348599996        5.00000000              12
   34.740753663299998        29.274556350399997        28.8609600              12
   34.746183866499997        29.264047589499999        19.0580139              12
   34.805493875799996        29.296573292000005        585.440186               7
   34.733960046199996        29.194029184500000        10.0587063              12
   34.782529885499997        29.356398440699998        26.3335304              12
   34.792843495200003        29.359873090099999        202.105240              11
   34.873320787899999        29.339196409500005        869.757874               5
   34.804241525499997        29.185264065299997        832.305298               5
   34.891421377999997        29.358080012199999        845.946838               5
   34.899821930599998        29.288266579700000        630.010071               6
   34.928465787800000        29.271434560699998        6.53064728              12
   34.940835978199999        29.297128892100009        11.6621819              12
   34.941637297900009        29.306012106800001        20.3354130              12
   34.944628617200003        29.313562693800005        7.27505064              12
   34.937050488499999        29.350142654799999        350.202271               8
   34.861503797099999        29.364795839899998        751.476990               6
   34.833391531900006        29.363439872899995        377.435699               8
   34.931470118199996        29.295742755399996        37.9363785              12
   34.948967970299996        29.301735380899995        5.00000000              12
   34.935326193000002        29.257008123700004        5.00000000              12
   34.928224609099999        29.288226026600000        33.9511642              12
   34.932576297399997        29.236485785300001        5.00000000              12
   34.879988453700001        29.219111682299999        432.937500               7
   34.838029660499991        29.188731608400001        910.921570               5
   34.862003299100003        29.183572967599996        457.821350               7
           3           1           2           3
           3           4           3           5
           3           6           7           8
           3           9           2          10
           3           3          11           1
           3          12          13          14
           3          12          15          16
           3          17          18          19
           3          20          21          22
           3          23          24          25
           3          26          27          28
           3          29          30          31
           3          32          18          17
           3          33          34          35
           3          36          37          38
           3          39          18          40
           3          33          41          37
           3          41          19          39
           3          37          41          39
           3          35          34          42
           3          43          44          45
           3          15          44          16
           3           7          31          30
           3           7          46          31
           3          47          46           6
           3          48          21          49
           3          24          50          51
           3          48          52          22
           3          24           1          11
           3          20          53          54
           3          49          21          54
           3          53          55          54
           3          56          48          49
           3          57          58          56
           3          53          59          55
           3          55          60          54
           3          61          26          62
           3          23          63          50
           3          24          51           1
           3          64          14          65
           3          50          66          51
           3          14          13          10
           3          14          10          65
           3          35          41          33
           3          10           1          65
           3          10           2           1
           3          67          53          68
           3          65           1          51
           3          69          25          11
           3          62          70          23
           3          71          72          73
           3          74          75          76
           3          62          25          77
           3          75          78          76
           3          79          37          39
           3          80          31          81
           3           7          82          83
           3           6           5          47
           3          80          29          31
           3          84          33          36
           3          85          36          38
           3          86          34          84
           3          86          87          34
           3          84          36          85
           3          33          37          36
           3          38          37          79
           3          79          39          40
           3          84          34          33
           3          87          80          81
           3          10          88           9
           3          34          87          42
           3           2          47           5
           3          81          31          46
           3          47          81          46
           3          42          87          81
           3          89          83          82
           3          82           7          30
           3          83           8           7
           3          39          19          18
           3          41          88          19
           3          13          16          19
           3          44          43          17
           3          17          19          16
           3          90          43          91
           3          32          43          90
           3          32          17          43
           3          13          88          10
           3          13          19          88
           3          12          16          13
           3          44          17          16
           3          64          92          14
           3           5           6          93
           3          41          35          88
           3          42          81          47
           3           9          47           2
           3           9          42          47
           3           9          35          42
           3           9          88          35
           3           7           6          46
           3           8          93           6
           3          92          12          14
           3          22          94          92
           3          65          68          64
           3          65          51          95
           3          20          22          64
           3          21          20          54
           3          66          50          96
           3          97          98          59
           3          98          99          55
           3          56         100          48
           3          68          20          64
           3          68          53          20
           3          64          22          92
           3          21          48          22
           3          92         101          12
           3          12         102          15
           3          60          57          49
           3          53         103          59
           3          98         104          99
           3          59          98          55
           3          54          60          49
           3          55          99          60
           3          97         104          98
           3          28          27         105
           3          49          57          56
           3         106         103          67
           3          97          59         103
           3          53          67         103
           3          95          51          66
           3          63          96          50
           3          67          66         106
           3          63         105          96
           3         107          27          26
           3         105          63          28
           3         107          26          61
           3          61          62          77
           3          26          28          70
           3          26          70          62
           3          28          63          70
           3          77          25          69
           3          78          75          72
           3          69          11         108
           3          74          69          75
           3          74          77          69
           3          62          23          25
           3          70          63          23
           3         106          66          96
           3          67          68          95
           3          67          95          66
           3          68          65          95
           3          25          24          11
           3          23          50          24
           3          78          72          71
           3          75          69         108
           3         108           4          72
           3           3         108          11
           3          72          75         108
           3         109           4           5
           3          73          72           4
           3           5           3           2
           3           4         108           3
           3          73           4         110
           1           2           3
           2           3           1
           3           1           2
           4           3           5
           5           5           4
           6           4           3
           7           7           8
           8           8           6
           9           6           7
          10           2          10
          11          10           9
          12           9           2
          13          11           1
          14           3          11
          15          13          14
          16          14          12
          17          12          13
          18          15          16
          19          16          12
          20          12          15
          21          18          19
          22          19          17
          23          17          18
          24          21          22
          25          22          20
          26          20          21
          27          24          25
          28          25          23
          29          23          24
          30          27          28
          31          28          26
          32          26          27
          33          30          31
          34          31          29
          35          29          30
          36          17          32
          37          32          18
          38          34          35
          39          35          33
          40          33          34
          41          37          38
          42          38          36
          43          36          37
          44          18          40
          45          40          39
          46          39          18
          47          41          37
          48          37          33
          49          33          41
          50          19          39
          51          39          41
          52          41          19
          53          39          37
          54          34          42
          55          42          35
          56          44          45
          57          45          43
          58          43          44
          59          44          16
          60          15          44
          61          30           7
          62           7          31
          63          46          31
          64           7          46
          65          46           6
          66           6          47
          67          47          46
          68          21          49
          69          49          48
          70          48          21
          71          50          51
          72          51          24
          73          24          50
          74          52          22
          75          22          48
          76          48          52
          77          11          24
          78          24           1
          79          53          54
          80          54          20
          81          20          53
          82          21          54
          83          54          49
          84          55          54
          85          53          55
          86          49          56
          87          56          48
          88          58          56
          89          56          57
          90          57          58
          91          59          55
          92          53          59
          93          60          54
          94          55          60
          95          26          62
          96          62          61
          97          61          26
          98          63          50
          99          50          23
         100          23          63
         101          51           1
         102          14          65
         103          65          64
         104          64          14
         105          66          51
         106          50          66
         107          13          10
         108          10          14
         109          10          65
         110          35          41
         111           1          65
         112          10           1
         113          53          68
         114          68          67
         115          67          53
         116          51          65
         117          25          11
         118          11          69
         119          69          25
         120          70          23
         121          23          62
         122          62          70
         123          72          73
         124          73          71
         125          71          72
         126          75          76
         127          76          74
         128          74          75
         129          25          77
         130          77          62
         131          62          25
         132          78          76
         133          75          78
         134          39          79
         135          79          37
         136          31          81
         137          81          80
         138          80          31
         139          82          83
         140          83           7
         141           7          82
         142           5          47
         143           6           5
         144          80          29
         145          33          36
         146          36          84
         147          84          33
         148          38          85
         149          85          36
         150          34          84
         151          84          86
         152          86          34
         153          87          34
         154          86          87
         155          85          84
         156          79          38
         157          40          79
         158          81          87
         159          87          80
         160          88           9
         161          10          88
         162          87          42
         163           5           2
         164           2          47
         165          46          81
         166          47          81
         167          81          42
         168          82          89
         169          83          89
         170          30          82
         171           8          83
         172          88          19
         173          41          88
         174          16          19
         175          19          13
         176          13          16
         177          43          17
         178          17          44
         179          16          17
         180          91          43
         181          90          91
         182          90          43
         183          90          32
         184          32          43
         185          13          88
         186          92          14
         187          64          92
         188           6          93
         189          93           5
         190          35          88
         191          47          42
         192           9          47
         193           9          42
         194           9          35
         195          93           8
         196          92          12
         197          94          92
         198          92          22
         199          94          22
         200          68          64
         201          65          68
         202          51          95
         203          95          65
         204          22          64
         205          64          20
         206          50          96
         207          96          66
         208          98          59
         209          59          97
         210          97          98
         211          99          55
         212          55          98
         213          98          99
         214          48         100
         215          56         100
         216          68          20
         217         101          12
         218         101          92
         219          15         102
         220          12         102
         221          57          49
         222          49          60
         223          60          57
         224         103          59
         225          53         103
         226         104          99
         227          98         104
         228          99          60
         229          97         104
         230          27         105
         231         105          28
         232         103          67
         233          67         106
         234         106         103
         235         103          97
         236          66          95
         237          63          96
         238          66         106
         239          67          66
         240         105          96
         241          63         105
         242          26         107
         243         107          27
         244          63          28
         245          61         107
         246          77          61
         247          28          70
         248          70          26
         249          63          70
         250          69          77
         251          75          72
         252          72          78
         253          11         108
         254         108          69
         255          69          75
         256          74          69
         257          74          77
         258          96         106
         259          68          95
         260          95          67
         261          71          78
         262         108          75
         263           4          72
         264          72         108
         265         108           4
         266           3         108
         267           5         109
         268           4         109
         269           4          73
         270         110           4
         271          73         110
