       4387       2725       1656         32         17          2          1          1          0          0          0          0          0          0          0          0          0          0
 local to global mapping:
         165
           1           3
           2           4
           3           8
           4          34
           5          35
           6          41
           7          45
           8          54
           9          56
          10          58
          11         155
          12         160
          13         200
          14         202
          15         204
          16         206
          17         208
          18         210
          19         211
          20         212
          21         214
          22         216
          23         218
          24         220
          25         221
          26         222
          27         223
          28         225
          29         226
          30         227
          31         228
          32         230
          33         237
          34         238
          35         239
          36         240
          37         241
          38         242
          39         243
          40         244
          41         277
          42         278
          43         592
          44         627
          45         651
          46         844
          47         846
          48         848
          49         849
          50         850
          51         852
          52         854
          53         855
          54         856
          55         857
          56         858
          57         859
          58         860
          59         861
          60         862
          61         863
          62         864
          63         865
          64         866
          65         867
          66         868
          67         869
          68         870
          69         871
          70         873
          71         875
          72         876
          73         877
          74         878
          75         879
          76         880
          77         882
          78         883
          79         884
          80         887
          81         888
          82         889
          83         890
          84         891
          85         892
          86         893
          87         894
          88         895
          89         896
          90         897
          91         898
          92         899
          93         900
          94         901
          95         902
          96         903
          97         904
          98         905
          99         906
         100         907
         101         908
         102         909
         103         910
         104         911
         105         912
         106         913
         107         914
         108         915
         109         916
         110         917
         111         918
         112         919
         113         920
         114         928
         115         929
         116         930
         117         931
         118         932
         119         933
         120         954
         121         955
         122         956
         123         957
         124         958
         125         959
         126         967
         127         968
         128         969
         129         980
         130         981
         131         982
         132         983
         133         984
         134         985
         135         986
         136         987
         137         988
         138         989
         139         990
         140         991
         141         992
         142         993
         143         994
         144         995
         145         996
         146         997
         147         998
         148         999
         149        1000
         150        2295
         151        2299
         152        2341
         153        2343
         154        2344
         155        2345
         156        2439
         157        2443
         158        2444
         159        2445
         160        2447
         161        2448
         162        2450
         163        2456
         164        2457
         165        2553
         118
           1        1074
           2        1013
           3        1014
           4        1081
           5        1071
           6        1070
           7        1290
           8        1258
           9        1257
          10        1162
          11        1207
          12        1150
          13        1415
          14        1414
          15        1368
          16        1160
          17        1215
          18        1161
          19        1206
          20        1251
          21        1205
          22        1163
          23        1076
          24        1020
          25        1019
          26        1075
          27        1017
          28        1369
          29        1328
          30        1329
          31        1292
          32        1289
          33        1259
          34        1322
          35        1323
          36        1359
          37        1261
          38        1216
          39        1287
          40        1291
          41        1319
          42        1208
          43        1253
          44        1320
          45        1402
          46        1358
          47        1249
          48        1202
          49        1203
          50        1250
          51        1286
          52        1285
          53        1321
          54        1145
          55        1201
          56        1084
          57        1085
          58        1147
          59        1146
          60        1204
          61        1318
          62        1317
          63        1252
          64        1214
          65        1209
          66        1254
          67        1083
          68        1018
          69        1138
          70        1151
          71        1152
          72        1082
          73        1141
          74        1248
          75        1140
          76         951
          77        1327
          78        1295
          79        1449
          80        1403
          81        1293
          82        1288
          83        1360
          84        1357
          85        1401
          86        1356
          87        1283
          88        1284
          89        1316
          90        1255
          91        1148
          92        1149
          93        1143
          94        1144
          95        1080
          96        1078
          97        1077
          98        1154
          99        1210
         100         949
         101         950
         102         948
         103        1012
         104         892
         105        1073
         106        1139
         107        1072
         108        1079
         109        1015
         110        1016
         111        1367
         112        1412
         113        1297
         114        1294
         115        1330
         116        1370
         117        1460
         118        1416
         281
           1           7
           2           8
           3           9
           4          10
           5          11
           6          12
           7          22
           8          23
           9          24
          10          98
          11          99
          12         100
          13         101
          14         102
          15         103
          16         118
          17         119
          18         120
          19         130
          20         131
          21         132
          22         156
          23         157
          24         161
          25         162
          26         163
          27         167
          28         168
          29         169
          30         445
          31         446
          32         459
          33         460
          34         461
          35         557
          36         558
          37         559
          38         563
          39         564
          40         565
          41         569
          42         570
          43         574
          44         575
          45         578
          46         579
          47         580
          48         584
          49         585
          50         586
          51         587
          52         588
          53         589
          54         590
          55         591
          56         594
          57         595
          58         596
          59         598
          60         599
          61         600
          62         604
          63         605
          64         606
          65         610
          66         611
          67         612
          68         613
          69         614
          70         615
          71         616
          72         617
          73         618
          74         619
          75         620
          76         624
          77         625
          78         626
          79         627
          80         628
          81         629
          82         630
          83         631
          84         632
          85         633
          86         637
          87         638
          88         639
          89         656
          90         657
          91         658
          92         659
          93         660
          94         661
          95         662
          96         663
          97         664
          98         665
          99         666
         100         667
         101         668
         102         669
         103         670
         104         671
         105         672
         106         673
         107         758
         108         759
         109         760
         110         761
         111         762
         112        1536
         113        1537
         114        1538
         115        1623
         116        1624
         117        1680
         118        1681
         119        1682
         120        2003
         121        2004
         122        2005
         123        2006
         124        2002
         125        2008
         126        2009
         127        2010
         128        2011
         129         636
         130        2013
         131        2016
         132        2017
         133        2018
         134        2019
         135        2020
         136        2021
         137        2022
         138        2023
         139        2024
         140        2025
         141        2026
         142        2027
         143        2028
         144        1679
         145        2029
         146        2030
         147        2031
         148        2032
         149        2033
         150        2034
         151        2035
         152        2036
         153         608
         154        2037
         155        2038
         156        2039
         157        2041
         158        2042
         159        2043
         160        2044
         161        2045
         162        2046
         163        2014
         164         634
         165        2047
         166        2049
         167        2050
         168        2051
         169        2052
         170        2053
         171        2054
         172        2055
         173        2056
         174        2057
         175        2058
         176        2059
         177        2060
         178        2061
         179        2062
         180        2063
         181        2064
         182        2065
         183        2066
         184        2067
         185        2040
         186        2068
         187        2069
         188        2070
         189        2071
         190        2072
         191        2073
         192        2074
         193        2075
         194        2076
         195        2077
         196        2078
         197        2079
         198        2080
         199        2081
         200        2082
         201        2083
         202        2084
         203        2085
         204        2086
         205        2087
         206        2088
         207        2089
         208        2090
         209        2091
         210        2092
         211        2093
         212        2094
         213        2107
         214        2108
         215        2109
         216        2110
         217        2097
         218        2096
         219        2015
         220        2129
         221        2130
         222        2131
         223        2132
         224        2133
         225        2134
         226        2135
         227        2136
         228        2137
         229        2138
         230        2139
         231        2140
         232        2155
         233        2156
         234        2154
         235        2157
         236        2168
         237        2176
         238        2177
         239        2178
         240        2179
         241         451
         242        2180
         243        2181
         244        2182
         245        2183
         246        2184
         247        2185
         248        2186
         249        2187
         250        2188
         251        2189
         252        2190
         253        2191
         254        2192
         255        2193
         256        2194
         257        2195
         258        3852
         259        3853
         260        1534
         261        3860
         262        3911
         263        3913
         264        3914
         265        3915
         266        3916
         267        3917
         268        4041
         269        4042
         270        4043
         271        4044
         272        4046
         273        4047
         274        4049
         275        4050
         276        4054
         277        4048
         278        4051
         279        4059
         280        4060
         281        4159
 Header:
       2000          2          1           0.00           0.00
        48  0.9000000E+03      3     32     12    0.99999998E-02    0.20000000E+03    0.10000000E+02    0.00000000E+00    0.99999997E-04   2
  -1800.00000    
  -1600.00000    
  -1400.00000    
  -1200.00000    
  -1000.00000    
  -800.000000    
  -600.000000    
  -400.000000    
  -300.000000    
  -260.000000    
  -230.000000    
  -1.00000000    
 -0.949999988    
 -0.899999976    
 -0.850000024    
 -0.800000012    
 -0.750000000    
 -0.699999988    
 -0.649999976    
 -0.600000024    
 -0.550000012    
 -0.500000000    
 -0.449999988    
 -0.400000006    
 -0.349999994    
 -0.300000012    
 -0.250000000    
 -0.200000003    
 -0.150000006    
 -0.100000001    
  -5.00000007E-02
   0.00000000    
         118         165
   34.616357241700001        27.959242984799996        8.66826820              12
   34.607770561499997        27.950991084500000        5.00000000              12
   34.617961057700001        27.946121799600004        5.04941511              12
   34.654402763599997        27.927195571899997        8.68326283              12
   34.655942466600003        27.936401958099999        5.00000000              12
   34.647364398999997        27.935568668900004        5.49577332              12
   34.594512765800005        27.847182633999999        511.740753               7
   34.609472222500003        27.879063226700001        490.053101               7
   34.582196855799999        27.874850245899999        514.320068               7
   34.608346728000001        27.917392097699999        36.4092865              12
   34.621899198500003        27.909779664199995        224.984543              11
   34.622515525399990        27.920289691200001        29.3263893              12
   34.879582798100003        28.054239910300002        181.279877              12
   34.895888221400000        28.062962600499997        101.232697              12
   34.881388534199992        28.068474634599998        78.5337753              12
   34.573869594400001        27.912006582699998        38.4036674              12
   34.591601347100003        27.898610442900001        216.171127              11
   34.587378910100000        27.914870890599996        7.02665186              12
   34.647794445900004        27.909589196500004        154.843216              12
   34.660609774199997        27.903315450200001        164.258286              12
   34.657242659600001        27.913615367900000        75.6368179              12
   34.599118405399999        27.913219023599996        46.4789085              12
   34.638680333499998        27.944000345700001        10.5406704              12
   34.638195199700000        27.933469372800005        6.32255173              12
   34.628533925699998        27.939062903000000        5.00000000              12
   34.628793414999997        27.952955441099999        16.6725655              12
   34.662201618499992        27.931810043599999        5.00000000              12
   34.871087479000010        28.062899453699998        149.696579              12
   34.870570308799998        28.071559157299998        77.9056473              12
   34.861238783099999        28.065530520799996        142.646469              12
   34.508359297100000        27.765131175900002        967.645142               5
   34.518465164299997        27.826961831400002        981.617065               5
   34.466994994099998        27.815361303400000        1023.03021               4
   34.579039732900000        27.749791125700000        988.549377               5
   34.543348127400002        27.700021061800001        985.640686               5
   34.634824288399997        27.700013758900003        962.165771               5
   34.437918847200002        27.770281313100003        1062.54724               4
   34.609937267100001        27.901845370499998        270.910126               9
   34.639485458300001        27.877244411400003        590.629211               7
   34.626138756400003        27.856188680500001        582.941223               7
   34.659137307499996        27.851580255299996        689.666504               6
   34.635399741900002        27.907004187700004        237.712830              10
   34.626889797399997        27.894412438500002        488.053986               7
   34.572308050499998        27.802767734700002        902.720825               5
   34.708095843899997        27.753355358600000        867.173218               5
   34.634587286699997        27.771696130199999        1006.89813               4
   34.689646463400003        27.907210633199998        19.3702393              12
   34.690367343200009        27.916169120799999        15.4215307              12
   34.680244602999998        27.913008103199996        20.1485138              12
   34.675154444100002        27.902249489999996        106.403038              12
   34.664986273499999        27.884015386900000        474.802307               7
   34.687333590400009        27.890575916299998        259.439972              10
   34.626637359000000        27.821677283800000        666.348267               6
   34.684863966100004        27.921728250900003        13.4128761              12
   34.693539899400001        27.922664384600001        6.67538548              12
   34.631400731699998        27.927781629000002        5.77876711              12
   34.639311085499990        27.924025060700004        15.1576166              12
   34.677073396700003        27.920464670200005        12.1890450              12
   34.671058239099999        27.925815592500001        6.08370543              12
   34.668656498300003        27.914557022100002        29.9769325              12
   34.686419178900003        27.868748976500001        634.134277               6
   34.706959634599997        27.882607336200000        285.708740               9
   34.645994321300002        27.895626453300000        387.194916               8
   34.573816912700003        27.893397310399997        288.535492               9
   34.558400200800001        27.899384601600001        242.576920              10
   34.553971830199991        27.880098216600000        705.385559               6
   34.623674256500003        27.930002011700005        5.00000000              12
   34.618461693999997        27.935307930299999        5.00000000              12
   34.649512946700000        27.946039158300000        6.51668167              12
   34.632159711400000        27.917614500200003        40.3362274              12
   34.641329126100004        27.916316339500003        77.8953781              12
   34.645876813000001        27.928185045600003        9.81606674              12
   34.642532087399992        27.957651476700001        21.9239750              12
   34.702479898199996        27.915095946499999        5.00000000              12
   34.629228213300003        27.970839374499999        28.3933792              12
   34.607421168800002        27.940656683600000        5.00000000              12
   34.877744019200001        28.078871086900005        10.4809141              12
   34.862266806800001        28.074209975199999        24.3346024              12
   34.775413029500008        27.777374470100003        617.264832               6
   34.783200469299999        27.700009522199998        871.616821               5
   34.455540719799998        27.700044040600005        994.768188               5
   34.556424794000002        27.849845389399999        812.733154               5
   34.710503714100007        27.700006478199999        949.136108               5
   34.674758306399994        27.808057089300000        807.016052               5
   34.729503716899998        27.816413638200000        629.585754               6
   34.692120613699991        27.841617949100002        752.791870               6
   34.713910444000000        27.908309895499997        5.00000000              12
   34.701198798800000        27.901540012500003        29.0964508              12
   34.721288880499991        27.896559202500001        52.5887833              12
   34.523228799700000        27.872684019899996        974.959900               5
   34.659098488600002        27.922071592000002        17.7847900              12
   34.649004638699999        27.920938140400001        31.4361439              12
   34.688282071400003        27.928499291200001        5.00000000              12
   34.698225433100006        27.928270127500003        5.00000000              12
   34.679844424400002        27.928411353700000        7.69739294              12
   34.692246964700004        27.934682602000002        5.00000000              12
   34.682561186500003        27.936118537800002        5.00000000              12
   34.554222935799999        27.912870728000001        30.2614765              12
   34.538888147999998        27.900525270900001        519.898682               7
   34.598646065299995        27.953529996200004        5.00000000              12
   34.598717886999999        27.945617089399999        5.00000000              12
   34.592225870699998        27.959339468200003        5.00000000              12
   34.603263401800000        27.961379453399999        5.00000000              12
   34.590702353799998        27.950879839399999        5.00000000              12
   34.609270181100001        27.972799439999996        5.90812635              12
   34.658331649799997        27.943397190799995        5.00000000              12
   34.666341279199997        27.939175041199999        5.00000000              12
   34.673722425400001        27.935286489500001        5.34105110              12
   34.685816320900003        27.943770064199999        5.00000000              12
   34.675108932900002        27.944033355000002        5.00000000              12
   34.890255333100001        28.078518856900001        17.5230579              12
   34.907588969499997        28.076374011700000        22.2166653              12
   34.853465693099999        28.070575856799998        47.4236870              12
   34.867725878400002        28.078738156299995        16.6279793              12
   34.848200729100000        28.060662410700001        117.243286              12
   34.862269098600002        28.054058338299999        230.594147              10
   34.894042623300003        28.042253903999999        182.979172              12
   34.869235463700008        28.038562213999995        209.720535              11
           3           1           2           3
           3           4           5           6
           3           7           8           9
           3          10          11          12
           3          13          14          15
           3          16          17          18
           3          19          20          21
           3          22          18          17
           3          23          24           6
           3          25          26           3
           3           4          27           5
           3          28          29          30
           3          31          32          33
           3          34          35          36
           3          31          33          37
           3          22          17          38
           3          39          40          41
           3          42          11          43
           3          44          32          31
           3          36          45          46
           3          47          48          49
           3          50          51          52
           3          40           7          53
           3          54          48          55
           3          39          43           8
           3           8          38          17
           3          56          57          24
           3          58          59          60
           3          61          62          52
           3          43          11          38
           3          43          63          42
           3          64          65          66
           3          67          25          68
           3           6           5          69
           3          67          56          25
           3          70          42          71
           3          56          24          25
           3          72           4           6
           3          23          69          73
           3          74          55          48
           3           1          26          75
           3           3           2          76
           3          29          15          77
           3          29          78          30
           3          79          45          80
           3          34          31          35
           3          31          81          35
           3          81          31          37
           3          44          46          53
           3          34          44          31
           3          44          82          32
           3          41          61          51
           3          40           8           7
           3          46          44          34
           3           7          82          44
           3          83          45          36
           3          84          45          85
           3          46          34          36
           3          51          39          41
           3          84          85          86
           3          84          46          45
           3          53           7          44
           3          84          53          46
           3          84          86          41
           3          84          41          53
           3          64          17          16
           3          53          41          40
           3          86          61          41
           3          87          88          89
           3          61          52          51
           3          63          39          51
           3          63          43          39
           3          39           8          40
           3          43          38           8
           3           7           9          82
           3           8          17           9
           3          82           9          66
           3          82          66          90
           3           9          17          64
           3          51          20          63
           3          60          59          91
           3          92          71          19
           3          20          50          60
           3          19          42          63
           3          57          92          72
           3          20          19          63
           3          57          72          24
           3          51          50          20
           3          52          88          47
           3          62          88          52
           3          52          47          50
           3          88          74          47
           3          50          49          60
           3          50          47          49
           3          20          60          21
           3          49          58          60
           3          48          54          49
           3          93          54          55
           3          47          74          48
           3          49          54          58
           3          55          94          93
           3          54          95          58
           3          96          97          93
           3          21          60          91
           3          21          92          19
           3          21          91          92
           3          70          71          57
           3          42          19          71
           3          12          70          56
           3          11          42          70
           3          11          70          12
           3          70          57          56
           3          71          92          57
           3          11          10          38
           3          10          22          38
           3          65          64          16
           3          66           9          64
           3          98          65          16
           3          99          66          65
           3           2         100         101
           3         102         100         103
           3         101          76           2
           3           3          76          68
           3         104         100         102
           3         104         101         100
           3         100           2         103
           3         103           1         105
           3         103           2           1
           3          26          23          73
           3          25           3          68
           3          26           1           3
           3          12          56          67
           3          25          23          26
           3          25          24          23
           3          23           6          69
           3          24          72           6
           3          92           4          72
           3           5         106          69
           3           5          27         107
           3         106           5         107
           3          59          58          95
           3          93          95          54
           3         108          59          95
           3          96          93          94
           3          96         109          97
           3          97         108          95
           3         110         108          97
           3          93          97          95
           3         109         110          97
           3          14         111          15
           3         112         111          14
           3          77          15         111
           3          30          78         113
           3          29          77         114
           3          78          29         114
           3          30         115         116
           3         115          30         113
           3          28          15          29
           3          28          13          15
           3         116          28          30
           3         116          13          28
           3         117          14          13
           3          13         116         118
           3         118         117          13
           3          45          83          80
           1           2           3
           2           3           1
           3           1           2
           4           5           6
           5           6           4
           6           4           5
           7           8           9
           8           9           7
           9           7           8
          10          11          12
          11          12          10
          12          10          11
          13          14          15
          14          15          13
          15          13          14
          16          17          18
          17          18          16
          18          16          17
          19          20          21
          20          21          19
          21          19          20
          22          17          22
          23          22          18
          24          24           6
          25           6          23
          26          23          24
          27          26           3
          28           3          25
          29          25          26
          30          27           5
          31           4          27
          32          29          30
          33          30          28
          34          28          29
          35          32          33
          36          33          31
          37          31          32
          38          35          36
          39          36          34
          40          34          35
          41          33          37
          42          37          31
          43          17          38
          44          38          22
          45          40          41
          46          41          39
          47          39          40
          48          11          43
          49          43          42
          50          42          11
          51          31          44
          52          44          32
          53          45          46
          54          46          36
          55          36          45
          56          48          49
          57          49          47
          58          47          48
          59          51          52
          60          52          50
          61          50          51
          62           7          53
          63          53          40
          64          40           7
          65          48          55
          66          55          54
          67          54          48
          68          43           8
          69           8          39
          70          39          43
          71          17           8
          72           8          38
          73          57          24
          74          24          56
          75          56          57
          76          59          60
          77          60          58
          78          58          59
          79          62          52
          80          52          61
          81          61          62
          82          11          38
          83          38          43
          84          63          42
          85          43          63
          86          65          66
          87          66          64
          88          64          65
          89          25          68
          90          68          67
          91          67          25
          92           5          69
          93          69           6
          94          56          25
          95          67          56
          96          42          71
          97          71          70
          98          70          42
          99          24          25
         100           6          72
         101          72           4
         102          69          73
         103          73          23
         104          23          69
         105          48          74
         106          74          55
         107          26          75
         108          75           1
         109           1          26
         110           2          76
         111          76           3
         112          15          77
         113          77          29
         114          29          15
         115          78          30
         116          29          78
         117          45          80
         118          80          79
         119          79          45
         120          31          35
         121          34          31
         122          81          35
         123          31          81
         124          81          37
         125          46          53
         126          53          44
         127          44          46
         128          34          44
         129          32          82
         130          44          82
         131          61          51
         132          51          41
         133          41          61
         134          40           8
         135          34          46
         136          44           7
         137           7          82
         138          36          83
         139          83          45
         140          45          85
         141          85          84
         142          84          45
         143          51          39
         144          86          85
         145          86          84
         146          84          46
         147          84          53
         148          86          41
         149          41          84
         150          41          53
         151          16          64
         152          64          17
         153          61          86
         154          88          89
         155          89          87
         156          87          88
         157          51          63
         158          63          39
         159           9          82
         160          17           9
         161           9          66
         162          66          82
         163          90          66
         164          82          90
         165          64           9
         166          20          63
         167          51          20
         168          59          91
         169          91          60
         170          71          19
         171          19          92
         172          92          71
         173          50          60
         174          60          20
         175          20          50
         176          63          19
         177          19          42
         178          92          72
         179          72          57
         180          57          92
         181          72          24
         182          88          47
         183          47          52
         184          52          88
         185          88          62
         186          47          50
         187          74          47
         188          88          74
         189          49          60
         190          50          49
         191          60          21
         192          49          58
         193          54          49
         194          55          93
         195          93          54
         196          54          58
         197          94          93
         198          55          94
         199          95          58
         200          54          95
         201          97          93
         202          93          96
         203          96          97
         204          91          21
         205          21          92
         206          91          92
         207          71          57
         208          57          70
         209          70          56
         210          56          12
         211          12          70
         212          70          11
         213          10          38
         214          10          22
         215          16          65
         216          16          98
         217          65          98
         218          99          65
         219          66          99
         220         100         101
         221         101           2
         222           2         100
         223         100         103
         224         103         102
         225         102         100
         226         101          76
         227          76          68
         228          68           3
         229         102         104
         230         104         100
         231         104         101
         232           2         103
         233           1         105
         234         103         105
         235         103           1
         236          26          73
         237          26          23
         238          67          12
         239          25          23
         240          92           4
         241          69         106
         242           5         106
         243          27         107
         244         107           5
         245         107         106
         246          95          59
         247          93          95
         248          95         108
         249         108          59
         250          94          96
         251         109          97
         252          96         109
         253          95          97
         254          97         108
         255          97         110
         256         110         108
         257         109         110
         258         111          15
         259          14         111
         260         112          14
         261         112         111
         262         111          77
         263          78         113
         264         113          30
         265          77         114
         266         114          29
         267         114          78
         268         115         116
         269         116          30
         270          30         115
         271         115         113
         272          28          15
         273          28          13
         274         116          28
         275         116          13
         276          13         117
         277          14         117
         278         118         116
         279         118          13
         280         118         117
         281          83          80
