       4387       2725       1656         32         17          2          1          1          0          0          0          0          0          0          0          0          0          0
 local to global mapping:
         154
           1          28
           2          91
           3          92
           4         104
           5         106
           6         107
           7         109
           8         111
           9         118
          10         135
          11         138
          12         144
          13         145
          14         379
          15         380
          16         393
          17         394
          18         396
          19         397
          20         398
          21         399
          22         400
          23         401
          24         450
          25         452
          26         453
          27         454
          28         455
          29         456
          30         457
          31         458
          32         461
          33         462
          34         463
          35         465
          36         466
          37         469
          38         470
          39         503
          40         504
          41         560
          42         566
          43        1496
          44        1497
          45        1498
          46        1500
          47        1507
          48        1508
          49        1509
          50        1512
          51        1513
          52        1515
          53        1540
          54        1546
          55        1548
          56        1549
          57        1550
          58        1551
          59        1552
          60        1553
          61        1556
          62        1557
          63        1558
          64        1559
          65        1560
          66        1561
          67        1562
          68        1564
          69        1565
          70        1566
          71        1568
          72        1571
          73        1572
          74        1577
          75        1578
          76        1579
          77        1778
          78        1781
          79        1782
          80        1783
          81        1784
          82        1785
          83        1786
          84        1790
          85        1791
          86        1792
          87        1793
          88        1794
          89        1795
          90        1796
          91        1798
          92        1799
          93        1830
          94        1831
          95        1832
          96        1833
          97        1836
          98        1837
          99        1838
         100        1839
         101        1840
         102        1841
         103        1842
         104        1843
         105        1844
         106        1845
         107        1846
         108        1847
         109        1848
         110        1849
         111        1850
         112        1851
         113        1852
         114        1868
         115        1950
         116        1951
         117        1952
         118        1953
         119        1954
         120        1955
         121        1956
         122        1957
         123        1958
         124        1959
         125        1960
         126        1961
         127        1962
         128        1963
         129        1964
         130        1965
         131        1966
         132        2162
         133        2163
         134        2164
         135        2165
         136        2166
         137        2168
         138        2171
         139        2172
         140        2173
         141        2174
         142        2175
         143        2176
         144        2177
         145        2178
         146        2179
         147        2180
         148        2181
         149        2182
         150        2183
         151        2184
         152        2187
         153        2190
         154        2191
         103
           1         355
           2         340
           3         354
           4         332
           5         350
           6         349
           7         323
           8         324
           9         338
          10         299
          11         288
          12         289
          13         348
          14         330
          15         331
          16         333
          17         316
          18         315
          19         347
          20         304
          21         303
          22         342
          23         356
          24         357
          25         339
          26         363
          27         358
          28         375
          29         359
          30         302
          31        1651
          32         309
          33         310
          34         273
          35         361
          36         365
          37         351
          38        1653
          39         328
          40         329
          41         346
          42         364
          43         380
          44         370
          45         344
          46         343
          47         341
          48         322
          49         319
          50         307
          51         318
          52         281
          53         280
          54         345
          55         327
          56         372
          57         373
          58         353
          59         366
          60         389
          61         321
          62         326
          63         360
          64         378
          65         362
          66         301
          67         308
          68         325
          69         314
          70         313
          71         379
          72         298
          73         287
          74         311
          75         312
          76         272
          77         300
          78        1654
          79         397
          80         412
          81         398
          82         396
          83         352
          84         334
          85         317
          86         336
          87         335
          88         382
          89         367
          90         391
          91         381
          92         405
          93         337
          94         297
          95         320
          96         282
          97         306
          98         283
          99         294
         100         295
         101         305
         102         293
         103         376
         256
           1          81
           2          82
           3          83
           4         263
           5         264
           6         265
           7         266
           8         267
           9         268
          10         299
          11         300
          12         304
          13         305
          14         306
          15         307
          16         308
          17         309
          18         312
          19         313
          20         314
          21         318
          22         319
          23         337
          24         338
          25         339
          26         388
          27         389
          28         390
          29         397
          30         398
          31         414
          32         415
          33         416
          34         417
          35         418
          36        1003
          37        1004
          38        1005
          39        1006
          40        1007
          41        1041
          42        1042
          43        1043
          44        1044
          45        1045
          46        1048
          47        1049
          48        1050
          49        1051
          50        1052
          51        1053
          52        1054
          53        1055
          54        1056
          55        1057
          56        1058
          57        1059
          58        1060
          59        1061
          60        1185
          61        1186
          62        1187
          63        1191
          64        1192
          65        1193
          66        1194
          67        1195
          68        1196
          69        1197
          70        1198
          71        1199
          72        1200
          73        1201
          74        1202
          75        1203
          76        1204
          77        1205
          78        1206
          79        1207
          80        1212
          81        1213
          82        1214
          83        1215
          84        1216
          85        1217
          86        1220
          87        1221
          88        1222
          89        1223
          90        1230
          91        1231
          92        1232
          93        1233
          94        1234
          95        1315
          96        1316
          97        1317
          98        1318
          99        1319
         100        1449
         101        1450
         102        1465
         103        2838
         104        2839
         105        2840
         106        2841
         107        2842
         108        2843
         109        2845
         110        2846
         111        2847
         112        2861
         113        2862
         114        2863
         115        2864
         116        2868
         117        2869
         118        2912
         119        2913
         120        2914
         121        2920
         122        2921
         123        2922
         124        2924
         125        2925
         126        2926
         127        2927
         128        2928
         129        2929
         130        2930
         131        2931
         132        2932
         133        2933
         134        2934
         135        2935
         136        2849
         137        2938
         138        2936
         139        2939
         140        2940
         141        2941
         142        2942
         143        2944
         144        2945
         145        2946
         146        2947
         147        2948
         148        2943
         149        2951
         150        2956
         151        2957
         152        2958
         153        2959
         154        2960
         155        2966
         156        2967
         157        2968
         158        2969
         159        3230
         160        3231
         161        3235
         162        3236
         163        3237
         164        3238
         165        3239
         166        3240
         167        3241
         168        3242
         169        3243
         170        3244
         171        3245
         172        1164
         173        3247
         174        3248
         175        3249
         176        3250
         177        3251
         178        3252
         179        3253
         180        3254
         181        3255
         182        3257
         183        3258
         184        3259
         185        3286
         186        1162
         187        3287
         188        3288
         189        3289
         190        2970
         191        3290
         192        3291
         193        3292
         194        3293
         195        3294
         196        3295
         197        3296
         198        3297
         199        3298
         200        3299
         201        3300
         202        3301
         203        3302
         204        3303
         205        3304
         206        3305
         207        3306
         208        2937
         209        3329
         210        3427
         211        3428
         212        3426
         213        3429
         214        3430
         215        3431
         216        3432
         217        3433
         218        3434
         219        3435
         220        3436
         221        3437
         222        3438
         223        3439
         224        3440
         225        3441
         226        3666
         227        3667
         228        3668
         229        3669
         230        3670
         231        3671
         232        3672
         233        3673
         234        3674
         235        3675
         236        3676
         237        3678
         238         315
         239        3681
         240        3682
         241        3683
         242        3684
         243        3685
         244        3686
         245        3687
         246        3688
         247        3689
         248        3690
         249        3691
         250        3692
         251        1184
         252        3246
         253        3693
         254        3700
         255        3706
         256        3707
 Header:
       2000          2          1           0.00           0.00
        48  0.9000000E+03      3     32     12    0.99999998E-02    0.20000000E+03    0.10000000E+02    0.00000000E+00    0.99999997E-04   2
  -1800.00000    
  -1600.00000    
  -1400.00000    
  -1200.00000    
  -1000.00000    
  -800.000000    
  -600.000000    
  -400.000000    
  -300.000000    
  -260.000000    
  -230.000000    
  -1.00000000    
 -0.949999988    
 -0.899999976    
 -0.850000024    
 -0.800000012    
 -0.750000000    
 -0.699999988    
 -0.649999976    
 -0.600000024    
 -0.550000012    
 -0.500000000    
 -0.449999988    
 -0.400000006    
 -0.349999994    
 -0.300000012    
 -0.250000000    
 -0.200000003    
 -0.150000006    
 -0.100000001    
  -5.00000007E-02
   0.00000000    
         103         154
   34.813553160900000        28.865367357900002        174.609253              12
   34.818077935100007        28.875660256300005        53.8833809              12
   34.804627136100009        28.878632563300002        360.935852               8
   34.646563885600003        28.917437575300003        17.2104969              12
   34.651529866600001        28.894575878400005        17.6004715              12
   34.667182667799999        28.906778724399995        122.456520              12
   34.822436373599999        28.882463339600001        9.11810684              12
   34.828854934699997        28.878882678699998        5.00000000              12
   34.814021426799997        28.886253290399999        123.481079              12
   34.690670477499999        29.009603278599997        78.5799713              12
   34.689214224399997        29.024785067299998        91.0457840              12
   34.677463063799998        29.017008214600004        13.5600538              12
   34.666029155300002        28.927255097500009        70.6104279              12
   34.661938603800003        28.948059624699997        33.9036522              12
   34.646203056200001        28.937556238799996        32.8866501              12
   34.772140785099992        28.965784529600000        697.389404               6
   34.802524102100001        28.974672970999997        508.884216               7
   34.781408755999990        29.002031292600005        751.161804               6
   34.684847311799999        28.938586929900001        101.784264              12
   34.828154855900003        28.974849568300002        138.692856              12
   34.817397770000007        28.996155744700008        457.119293               7
   34.835755500300003        28.853619761400005        5.00000000              12
   34.819873482600002        28.853154906000000        46.7495232              12
   34.828128343899998        28.842699400200001        5.44010305              12
   34.827281419399995        28.870659950499999        5.00000000              12
   34.668760426600002        28.886198637100001        171.408066              12
   34.828883980599997        28.830395034300004        22.2860508              12
   34.810610913399998        28.824191190499999        340.376617               8
   34.832420939999999        28.816587979900000        5.00000000              12
   34.812615522999998        29.019489886599999        575.442200               7
   34.842386742099997        29.009534805500003        136.499283              12
   34.717230466700002        29.001516898699997        253.489670              10
   34.698835373400001        28.990527094000004        108.799553              12
   34.673574904600002        29.028574272099995        9.76408195              12
   34.688728770799997        28.915516653200001        282.984924               9
   34.762679644700000        28.900984907500003        933.458862               5
   34.769530957699999        28.931489737400000        718.657959               6
   34.738491665399998        28.916908111100003        689.014526               6
   34.693047831000001        28.970888974699999        93.0583191              12
   34.677186469500000        28.958909582199997        30.1120682              12
   34.703931024900001        28.952902539699995        292.279541               9
   34.648182679800001        28.878860970800002        24.3351192              12
   34.669279601600003        28.868576699700000        242.065964              10
   34.650020619599999        28.866385087400001        67.0667496              12
   34.833556750800000        28.837182455299995        5.00000000              12
   34.838359049499999        28.845953529599996        5.00000000              12
   34.828086307600003        28.861472158500000        5.66666651              12
   34.836511904399991        28.874826682000002        5.00000000              12
   34.819635388300000        28.919296832899999        64.2825546              12
   34.836060888500000        28.925044043400003        5.00000000              12
   34.820356628700004        28.936686329200001        95.7519913              12
   34.859706986799999        29.016810071899997        9.93173504              12
   34.854052955800000        29.029316237800000        32.6462364              12
   34.737765389300002        28.950329955599997        608.174316               6
   34.716965534000003        28.974785935300002        303.486511               8
   34.801153389400000        28.852541542800004        596.522827               7
   34.812253869400003        28.839689377799996        273.934906               9
   34.800867045899999        28.893048362100000        433.756927               7
   34.782974333600002        28.883116585000000        933.292786               5
   34.785770755900003        28.834955669599996        985.071655               5
   34.825692242000002        28.891498620099995        14.4094143              12
   34.745706470599998        28.985396444300001        562.217896               7
   34.711696191400002        28.927117031000005        508.127502               7
   34.711652272200006        28.896220489000005        611.001953               6
   34.685830239200001        28.896103789700000        401.995209               7
   34.782409040199994        29.041437264100001        788.967041               6
   34.745876320300006        29.020527650399995        550.065186               7
   34.839755668899997        28.866539050600000        5.00000000              12
   34.643514886100000        28.953574220299998        22.8778648              12
   34.654559419500004        28.968033428400002        6.64153242              12
   34.692365610300001        28.876222342200002        529.177490               7
   34.711133932300001        29.021741053400003        251.339340              10
   34.699470849199997        29.036221667400000        209.359482              11
   34.684343184299998        28.983136783900001        21.5849934              12
   34.671218410599998        28.973937901800003        8.95622635              12
   34.682276080399994        29.034944873499995        49.7666779              12
   34.684584720000004        28.998373459300005        17.5959625              12
   34.737811292000004        28.889673882699995        855.816589               5
   34.692635396999997        28.851935134100000        558.498291               7
   34.715749643500004        28.822107130500001        1073.27100               4
   34.751317413300001        28.843153507000000        1382.05542               3
   34.721637553299999        28.862425815200002        802.482788               5
   34.787138560400010        28.907268192499995        662.264587               6
   34.796957036199998        28.948241797600005        427.377258               7
   34.822958185899999        28.955711397100000        68.1552048              12
   34.809326115300003        28.907583078299997        210.968002              11
   34.799459967099999        28.925540291899999        391.695129               8
   34.777888867199998        28.858674024700001        1101.50574               4
   34.795768371100003        28.867637000700004        690.465088               6
   34.790938956600002        28.812269687400001        979.320496               5
   34.756318711200009        28.872500283400004        1213.25586               3
   34.758403705500001        28.815401422200001        1549.54395               2
   34.815791865500003        28.896467054900000        105.582031              12
   34.722252916899997        29.040608322500002        328.570557               8
   34.831225316700007        28.904106686400002        5.19999981              12
   34.864976473100000        29.004660225500000        8.77090645              12
   34.844087550700003        28.942045957100003        16.9780369              12
   34.858796809799998        28.991753963800001        19.2022209              12
   34.839479412899991        28.990533779100002        126.467560              12
   34.847935069899997        28.975394332400001        27.2060375              12
   34.843735045000003        28.959517458300002        9.41037369              12
   34.834973821600002        29.028176994900001        253.683350              10
   34.815422173100004        28.809066435600002        149.994141              12
           3           1           2           3
           3           4           5           6
           3           7           2           8
           3           7           9           2
           3          10          11          12
           3          13          14          15
           3          16          17          18
           3          13          19          14
           3          20          21          17
           3          22          23          24
           3          25           2           1
           3          26           6           5
           3          27          28          29
           3          13          15           4
           3          30          21          31
           3          32          10          33
           3          11          34          12
           3          35          19          13
           3          36          37          38
           3          39          40          41
           3          26           5          42
           3          43          42          44
           3           3           2           9
           3          24          45          46
           3           2          25           8
           3          47          25           1
           3          48           8          25
           3          49          50          51
           3          52          53          31
           3          54          55          41
           3          23          56          57
           3          58          59           3
           3          56          60          57
           3           9          58           3
           3           7          61           9
           3          54          62          55
           3          54          41          63
           3          64          35          65
           3          66          67          18
           3          18          21          30
           3          68          48          25
           3          46          22          24
           3          40          19          41
           3          69          14          70
           3          69          15          14
           3          26          43          71
           3          70          14          40
           3          13           6          35
           3          13           4           6
           3          43          26          42
           3          65           6          26
           3          65          35           6
           3          11          72          73
           3          67          72          32
           3          33          39          55
           3          19          35          63
           3          74          39          33
           3          75          70          40
           3          32          33          55
           3          74          75          39
           3          11          76          34
           3          11          73          76
           3          75          40          39
           3          14          19          40
           3          77          74          33
           3          33          10          77
           3          72          11          10
           3          71          64          65
           3          71          65          26
           3          64          78          38
           3          79          71          43
           3          80          81          82
           3          83          59          58
           3          84          85          17
           3          41          19          63
           3          35          64          63
           3          57          28          27
           3          86          87          83
           3          59          88          89
           3          23          47           1
           3           1          56          23
           3          60          90          28
           3          60          28          57
           3           3          89           1
           3          89          88          56
           3          81          88          91
           3          60          56          88
           3           1          89          56
           3           3          59          89
           3          88          81          60
           3          71          82          64
           3          88          59          91
           3          60          81          92
           3          91          82          81
           3          78          82          91
           3          71          79          82
           3          32          55          62
           3          39          41          55
           3          67          32          62
           3          72          10          32
           3          64          38          63
           3          16          62          54
           3          82          78          64
           3          91          59          36
           3          63          38          54
           3          78          91          36
           3          87          84          37
           3          38          78          36
           3          38          37          54
           3          17          21          18
           3          54          37          16
           3          93          58           9
           3          18          67          62
           3          67          94          72
           3          84          17          16
           3          85          20          17
           3          66          18          30
           3          62          16          18
           3          36          83          37
           3          36          59          83
           3          37          84          16
           3          37          83          87
           3          58          93          86
           3          51          84          87
           3          49          87          86
           3          58          86          83
           3          51          85          84
           3          93          95          86
           3          87          49          51
           3          93          61          95
           3          93           9          61
           3          52          31          96
           3          85          51          97
           3          98          99         100
           3          99          21          20
           3         101          85          97
           3          30          31         102
           3         101          20          85
           3          99          31          21
           3          51          50          97
           3          49          86          95
           3         101         100          20
           3          20         100          99
           3          50          49          95
           3          22          47          23
           3          68          25          47
           3          57          24          23
           3          57          27          24
           3          24          27          45
           3          28         103          29
           3          68          47          22
           3          31          99          98
           3          53         102          31
           3          31          98          96
           1           2           3
           2           3           1
           3           1           2
           4           5           6
           5           6           4
           6           4           5
           7           2           8
           8           8           7
           9           7           2
          10           9           2
          11           7           9
          12          11          12
          13          12          10
          14          10          11
          15          14          15
          16          15          13
          17          13          14
          18          17          18
          19          18          16
          20          16          17
          21          19          14
          22          13          19
          23          21          17
          24          17          20
          25          20          21
          26          23          24
          27          24          22
          28          22          23
          29           1          25
          30          25           2
          31           5          26
          32          26           6
          33          28          29
          34          29          27
          35          27          28
          36          15           4
          37           4          13
          38          21          31
          39          31          30
          40          30          21
          41          10          33
          42          33          32
          43          32          10
          44          34          12
          45          11          34
          46          13          35
          47          35          19
          48          37          38
          49          38          36
          50          36          37
          51          40          41
          52          41          39
          53          39          40
          54           5          42
          55          42          26
          56          42          44
          57          44          43
          58          43          42
          59           9           3
          60          45          46
          61          46          24
          62          24          45
          63          25           8
          64           1          47
          65          47          25
          66          25          48
          67          48           8
          68          50          51
          69          51          49
          70          49          50
          71          53          31
          72          31          52
          73          52          53
          74          55          41
          75          41          54
          76          54          55
          77          56          57
          78          57          23
          79          23          56
          80          59           3
          81           3          58
          82          58          59
          83          60          57
          84          56          60
          85           9          58
          86          61           9
          87           7          61
          88          62          55
          89          54          62
          90          41          63
          91          63          54
          92          35          65
          93          65          64
          94          64          35
          95          67          18
          96          18          66
          97          66          67
          98          30          18
          99          18          21
         100          25          68
         101          68          48
         102          46          22
         103          19          41
         104          40          19
         105          14          70
         106          70          69
         107          69          14
         108          69          15
         109          43          71
         110          71          26
         111          26          43
         112          14          40
         113          40          70
         114           6          35
         115          13           6
         116          26          65
         117          65           6
         118          72          73
         119          73          11
         120          11          72
         121          72          32
         122          32          67
         123          67          72
         124          39          55
         125          55          33
         126          33          39
         127          35          63
         128          63          19
         129          33          74
         130          74          39
         131          40          75
         132          75          70
         133          55          32
         134          75          39
         135          74          75
         136          34          76
         137          11          76
         138          76          73
         139          33          77
         140          77          74
         141          10          77
         142          10          72
         143          65          71
         144          71          64
         145          78          38
         146          38          64
         147          64          78
         148          79          43
         149          79          71
         150          81          82
         151          82          80
         152          80          81
         153          58          83
         154          83          59
         155          85          17
         156          17          84
         157          84          85
         158          64          63
         159          27          57
         160          57          28
         161          87          83
         162          83          86
         163          86          87
         164          88          89
         165          89          59
         166          59          88
         167           1          23
         168          23          47
         169           1          56
         170          90          28
         171          28          60
         172          90          60
         173          89           1
         174           3          89
         175          88          56
         176          56          89
         177          88          91
         178          91          81
         179          81          88
         180          88          60
         181          81          60
         182          82          64
         183          71          82
         184          59          91
         185          81          92
         186          60          92
         187          91          82
         188          91          78
         189          78          82
         190          82          79
         191          62          32
         192          62          67
         193          38          63
         194          54          16
         195          16          62
         196          59          36
         197          36          91
         198          38          54
         199          36          78
         200          84          37
         201          37          87
         202          87          84
         203          37          54
         204          37          16
         205           9          93
         206          93          58
         207          62          18
         208          72          94
         209          67          94
         210          16          84
         211          85          20
         212          66          30
         213          83          37
         214          36          83
         215          93          86
         216          86          58
         217          87          51
         218          51          84
         219          86          49
         220          49          87
         221          51          85
         222          95          86
         223          93          95
         224          61          95
         225          93          61
         226          31          96
         227          96          52
         228          51          97
         229          97          85
         230          99         100
         231         100          98
         232          98          99
         233          20          99
         234          99          21
         235          97         101
         236         101          85
         237          31         102
         238          30         102
         239         101          20
         240          99          31
         241          50          97
         242          95          49
         243         100          20
         244         101         100
         245          95          50
         246          22          47
         247          47          68
         248          57          24
         249          27          24
         250          27          45
         251          29         103
         252         103          28
         253          22          68
         254          98          31
         255          53         102
         256          98          96
