       4387       2725       1656         32         17          2          1          1          0          0          0          0          0          0          0          0          0          0
 local to global mapping:
         161
           1          13
           2          63
           3         150
           4         154
           5         156
           6         191
           7         207
           8         229
           9         236
          10         245
          11         255
          12         256
          13         258
          14         260
          15         287
          16         420
          17         423
          18         424
          19         425
          20         426
          21         427
          22         428
          23         429
          24         430
          25         431
          26         432
          27         433
          28         610
          29         611
          30         612
          31         613
          32         616
          33         617
          34         618
          35         620
          36         812
          37         825
          38         827
          39         829
          40         833
          41         834
          42         835
          43         836
          44         837
          45         851
          46         853
          47         881
          48         885
          49         886
          50         921
          51         924
          52         927
          53         934
          54         936
          55         937
          56        1008
          57        1028
          58        1029
          59        1030
          60        1033
          61        1034
          62        1035
          63        1036
          64        1037
          65        1038
          66        1039
          67        1040
          68        1041
          69        1042
          70        1043
          71        1044
          72        1045
          73        1046
          74        1047
          75        1253
          76        1668
          77        1671
          78        1672
          79        1673
          80        1674
          81        1675
          82        1676
          83        1677
          84        1678
          85        1679
          86        1680
          87        1681
          88        1682
          89        1683
          90        1684
          91        1685
          92        1686
          93        1687
          94        1688
          95        1689
          96        1690
          97        1691
          98        1692
          99        1693
         100        1694
         101        1695
         102        1696
         103        1697
         104        1698
         105        1699
         106        1700
         107        1701
         108        1702
         109        1703
         110        1704
         111        1705
         112        1706
         113        1707
         114        1708
         115        1709
         116        1710
         117        1711
         118        1712
         119        1713
         120        1714
         121        1715
         122        1716
         123        2361
         124        2366
         125        2367
         126        2368
         127        2369
         128        2370
         129        2371
         130        2372
         131        2373
         132        2374
         133        2375
         134        2376
         135        2377
         136        2378
         137        2379
         138        2388
         139        2391
         140        2392
         141        2393
         142        2394
         143        2395
         144        2396
         145        2397
         146        2398
         147        2399
         148        2400
         149        2401
         150        2402
         151        2403
         152        2404
         153        2406
         154        2407
         155        2408
         156        2409
         157        2410
         158        2412
         159        2413
         160        2505
         161        2507
         120
           1        1213
           2        1158
           3        1212
           4        1210
           5        1211
           6        1255
           7        1240
           8        1194
           9        1242
          10         999
          11         997
          12        1056
          13        1239
          14        1192
          15        1094
          16        1097
          17        1164
          18        1289
          19        1256
          20        1259
          21        1288
          22        1275
          23        1235
          24        1273
          25        1238
          26        1231
          27        1189
          28        1130
          29        1129
          30        1060
          31        1127
          32        1057
          33         998
          34        1153
          35        1155
          36         874
          37         928
          38         929
          39         832
          40         878
          41         877
          42         932
          43         933
          44         879
          45         931
          46         935
          47         934
          48         994
          49         995
          50         798
          51         797
          52         828
          53         996
          54         993
          55         927
          56         872
          57        1184
          58        1188
          59        1124
          60        1053
          61         992
          62        1051
          63        1052
          64        1121
          65        1123
          66        1125
          67        1058
          68        1128
          69        1187
          70        1186
          71        1219
          72        1217
          73        1166
          74        1156
          75        1087
          76        1157
          77        1254
          78        1159
          79        1209
          80        1154
          81        1089
          82        1190
          83        1234
          84        1278
          85        1277
          86        1191
          87        1304
          88        1055
          89        1272
          90        1061
          91        1002
          92        1059
          93        1000
          94        1001
          95         876
          96         831
          97         936
          98        1054
          99         799
         100         873
         101         829
         102         830
         103         930
         104        1126
         105        1120
         106        1183
         107         925
         108         990
         109         875
         110         991
         111         926
         112        1119
         113        1122
         114        1232
         115        1303
         116        1307
         117        1306
         118        1237
         119        1276
         120        1335
         280
           1          37
           2          38
           3          39
           4         181
           5         182
           6         183
           7         430
           8         431
           9         432
          10         442
          11         443
          12         444
          13         447
          14         448
          15         449
          16         541
          17         542
          18         543
          19         576
          20         557
          21         577
          22         634
          23         635
          24         636
          25         653
          26         654
          27         655
          28         674
          29         675
          30         676
          31         698
          32         699
          33         700
          34         701
          35         702
          36         703
          37         706
          38         707
          39         708
          40         712
          41         713
          42         714
          43         787
          44         788
          45         789
          46        1108
          47        1109
          48        1110
          49        1115
          50        1116
          51        1117
          52        1118
          53        1119
          54        1120
          55        1121
          56        1122
          57        1123
          58        1124
          59        1125
          60        1126
          61        1127
          62        1128
          63        1129
          64        1130
          65        1131
          66        1132
          67        1133
          68        1134
          69        1135
          70        1136
          71        1137
          72        1138
          73        1139
          74        1140
          75        1141
          76        1142
          77        1580
          78        1581
          79        1582
          80        1583
          81        1584
          82        1585
          83        1586
          84        1587
          85        1588
          86        1589
          87        1595
          88        1596
          89        1597
          90        1598
          91        1599
          92        1600
          93        1601
          94        1602
          95        1606
          96        1966
          97        1967
          98        1968
          99        1982
         100        1983
         101        1984
         102        1985
         103        1986
         104         573
         105         646
         106        1992
         107        1993
         108        1994
         109        1991
         110        1995
         111         139
         112        1996
         113        1997
         114        2012
         115        2014
         116        2015
         117        2048
         118         179
         119        2095
         120        2096
         121        2097
         122        2103
         123        2104
         124        2111
         125        2112
         126        2114
         127        2208
         128        2209
         129        2210
         130        2237
         131        2238
         132        2239
         133        2213
         134        2240
         135        2241
         136        2244
         137        2245
         138        2246
         139        2247
         140        2248
         141        2249
         142        2250
         143        2251
         144        2252
         145        2253
         146        2254
         147        2255
         148        2256
         149        2257
         150        2258
         151        2259
         152        2260
         153        2261
         154        2262
         155        2263
         156        2264
         157        2265
         158        2266
         159        2267
         160        2268
         161         725
         162        2269
         163        2524
         164        2525
         165        3078
         166        3079
         167        3084
         168        3085
         169        3086
         170         726
         171        3087
         172        3088
         173        3089
         174        3090
         175        3091
         176        3092
         177        3093
         178        3094
         179        3095
         180        3096
         181        3097
         182        3098
         183        3099
         184        3100
         185        3101
         186        3102
         187        3103
         188        3104
         189        3105
         190        3106
         191        3107
         192        3108
         193        3109
         194        3110
         195        3111
         196        3112
         197        3113
         198        3114
         199        3115
         200        3116
         201        3117
         202        3118
         203        3119
         204        3120
         205        3121
         206        3122
         207        3123
         208        3124
         209        3125
         210        3126
         211        3127
         212        3128
         213        3129
         214        3130
         215        3131
         216        3132
         217        3133
         218        3134
         219        3135
         220        3136
         221        3137
         222        3138
         223        3139
         224        3140
         225        3141
         226        3142
         227        3143
         228        3937
         229        3938
         230        3939
         231        3946
         232        3947
         233        3948
         234        3949
         235        3950
         236        3951
         237        3952
         238        3953
         239        3954
         240        3955
         241        3956
         242        3957
         243        3958
         244        3959
         245        3960
         246        3961
         247        3972
         248        3973
         249        3979
         250        3980
         251        3981
         252        3982
         253        3983
         254        3984
         255        3985
         256        3986
         257        3987
         258        3988
         259        3989
         260        3990
         261        3991
         262        3992
         263        3993
         264        3994
         265        3995
         266        3996
         267        3997
         268        3998
         269        2212
         270        4000
         271        4001
         272        4002
         273        4003
         274        4004
         275        4008
         276        3976
         277        4006
         278        4016
         279        4122
         280        3999
 Header:
       2000          2          1           0.00           0.00
        48  0.9000000E+03      3     32     12    0.99999998E-02    0.20000000E+03    0.10000000E+02    0.00000000E+00    0.99999997E-04   2
  -1800.00000    
  -1600.00000    
  -1400.00000    
  -1200.00000    
  -1000.00000    
  -800.000000    
  -600.000000    
  -400.000000    
  -300.000000    
  -260.000000    
  -230.000000    
  -1.00000000    
 -0.949999988    
 -0.899999976    
 -0.850000024    
 -0.800000012    
 -0.750000000    
 -0.699999988    
 -0.649999976    
 -0.600000024    
 -0.550000012    
 -0.500000000    
 -0.449999988    
 -0.400000006    
 -0.349999994    
 -0.300000012    
 -0.250000000    
 -0.200000003    
 -0.150000006    
 -0.100000001    
  -5.00000007E-02
   0.00000000    
         120         161
   34.491818457100010        27.893256235900001        1100.55200               4
   34.477116123800002        27.919316884200001        1259.50903               3
   34.457532309199991        27.891620703899999        1303.41504               3
   34.538888147999998        27.900525270900001        519.898682               7
   34.517141747799997        27.899883354600000        907.481140               5
   34.523228799700000        27.872684019899996        974.959900               5
   34.683916680300001        28.038074573599999        20.5456676              12
   34.672562710100003        28.040619141600001        5.00000000              12
   34.673869209999999        28.033668564100005        8.34152794              12
   34.685703062999991        28.092577609599999        41.8541336              12
   34.671485990699999        28.089207655799999        7.30888128              12
   34.678841991199995        28.081736145600001        5.96442509              12
   34.689094146999999        28.047852651299998        21.7698441              12
   34.674249794100000        28.046638062300001        5.72439957              12
   34.405568157200001        27.900378020100003        1415.38489               2
   34.393085995600003        27.881140974099999        1313.24280               3
   34.422983965500002        27.882726238400004        1339.25916               3
   34.518465164299997        27.826961831400002        981.617065               5
   34.483228364299997        27.860202445700001        1121.06726               4
   34.466994994099998        27.815361303400000        1023.03021               4
   34.556424794000002        27.849845389399999        812.733154               5
   34.744629370599995        28.049783051999999        54.0713272              12
   34.735155029399998        28.053098698999996        55.0639076              12
   34.729883540500005        28.046022493799999        91.2037735              12
   34.702436053299998        28.053274302900000        7.82174683              12
   34.714427831099997        28.059514697299999        8.27901554              12
   34.705253863400003        28.067460648099999        5.00000000              12
   34.674044692499997        28.053832650399997        5.00000000              12
   34.677514994600003        28.061453926199999        5.00000000              12
   34.667538318299997        28.057486739700003        5.00000000              12
   34.680730822799994        28.071105411500000        5.45785999              12
   34.667931880299996        28.076638514700001        5.00000000              12
   34.659870362699991        28.084185690999998        5.00000000              12
   34.541520151199990        27.920984616300004        15.0554419              12
   34.525308832000000        27.918440528400001        332.099426               8
   34.715924408900001        28.114130913399997        52.6426849              12
   34.707538339199999        28.105820589200004        123.004707              12
   34.717755646599997        28.104546073200005        109.517853              12
   34.680462883700002        28.123701923900001        11.5334721              12
   34.677188041999997        28.114127965799998        12.2154226              12
   34.687831393499998        28.117008866700001        68.3991623              12
   34.661375559100009        28.091950880199995        5.06970644              12
   34.651733593499998        28.090828620700005        5.06970644              12
   34.665711633999997        28.106463399900004        8.76812458              12
   34.667083582899991        28.097560644500000        6.44097662              12
   34.676048785399999        28.101320389600001        33.7765656              12
   34.686981788300002        28.105532961000002        66.1465683              12
   34.698464004500011        28.099003774600003        99.9684677              12
   34.711612909999999        28.094087884800000        118.952393              12
   34.714070257099991        28.131470425100005        7.59159422              12
   34.707459058799998        28.136698253999999        5.00000000              12
   34.701313172900001        28.127258766099999        46.6201820              12
   34.716223043799999        28.083233593599999        29.8815422              12
   34.721284088300003        28.089203355100004        79.4092255              12
   34.697112490300000        28.110327558900000        107.097694              12
   34.696451623500003        28.119978142000001        91.0399017              12
   34.724352670099996        28.062997751200001        5.00000000              12
   34.732557999199997        28.059607788000001        23.1427784              12
   34.730905749599998        28.068838974399998        5.00000000              12
   34.725504939099999        28.082407541700004        18.8414669              12
   34.730426348700000        28.089879237000002        33.3780098              12
   34.741077954500000        28.089967536599996        5.51169538              12
   34.735264831899990        28.083903948700002        5.00000000              12
   34.743994233700001        28.081553860600003        5.00000000              12
   34.733820248100002        28.076443552600004        5.00000000              12
   34.702504228800002        28.078701494800001        8.42026424              12
   34.690103001600001        28.080779580900000        29.8924465              12
   34.693967841800003        28.071543169999998        5.69707060              12
   34.734053076099997        28.069139425900005        5.00000000              12
   34.744421146500002        28.073272312699999        5.00000000              12
   34.412645358799999        27.819639185599996        1144.74658               4
   34.441837530999997        27.855399031000001        1197.38196               4
   34.404318862699995        27.857793322999999        1152.76611               4
   34.429661018899999        27.906947080300000        1421.76404               2
   34.410447181199991        27.918325102800004        1420.98828               2
   34.450146510099998        27.921729833600004        1442.39783               2
   34.553971830199991        27.880098216600000        705.385559               6
   34.505839009900001        27.917785865600003        863.596863               5
   34.558400200800001        27.899384601600001        242.576920              10
   34.554222935799999        27.912870728000001        30.2614765              12
   34.427056307299999        27.927440141700004        1370.44104               3
   34.690950927300001        28.061289775300001        5.95486307              12
   34.741452666100010        28.059396442400001        27.9187107              12
   34.687594062700001        28.024567518000001        18.7970181              12
   34.701587255600003        28.036310657000001        50.6466789              12
   34.681324152900004        28.053736320199999        6.87940836              12
   34.737151293099998        28.036411596200001        77.4049454              12
   34.708620054400001        28.084066470700002        23.8523788              12
   34.715174237400007        28.046720070099997        56.2304993              12
   34.669491252699999        28.048361138299999        5.00000000              12
   34.659510839100001        28.053363193099997        6.61587572              12
   34.668295374200000        28.066040156800000        5.00000000              12
   34.658698892899999        28.069806713799998        10.9692841              12
   34.658785988399998        28.061108455999996        15.6367798              12
   34.658353297200001        28.099088680700000        5.00000000              12
   34.690296279300000        28.127554554299998        24.4538136              12
   34.648115642199997        28.056977985000000        6.38177156              12
   34.699346872200003        28.088590039799996        68.9248581              12
   34.684205935000008        28.133613211400000        5.00000000              12
   34.704994307299998        28.116565354500000        114.229317              12
   34.710367616500008        28.123186966100000        59.9287643              12
   34.719103554599997        28.123288375100000        9.73802662              12
   34.723452164599998        28.096501869600004        133.851562              12
   34.711609399200000        28.078189298099996        5.00000000              12
   34.727008486599999        28.075684947999999        5.00000000              12
   34.718825320999997        28.070195778900001        5.00000000              12
   34.727602885700001        28.103135681600001        101.763733              12
   34.734052039500000        28.096814487999996        25.0518265              12
   34.724703443599999        28.110689806399996        69.2465210              12
   34.743619550600002        28.098360387600000        5.00000000              12
   34.736299916299998        28.104855502899998        21.9296856              12
   34.718369144699992        28.078516526999998        5.00000000              12
   34.752469527700001        28.077725168600001        5.00000000              12
   34.724364279800000        28.054546318700002        27.0234356              12
   34.720878698800000        28.032631833500002        82.4252853              12
   34.710358222800004        28.015554180799999        52.1799202              12
   34.752288573999998        28.036461265199996        36.1415215              12
   34.750230485099998        28.061868352299999        9.67507839              12
   34.757390134500000        28.051185100400001        24.8416824              12
   34.738443521400001        28.018953171300002        39.2673073              12
           3           1           2           3
           3           4           5           6
           3           7           8           9
           3          10          11          12
           3          13          14           7
           3          15          16          17
           3          18          19          20
           3          18          21           6
           3           1          19           6
           3          22          23          24
           3          25          26          27
           3          28          29          30
           3          31          12          32
           3          11          33          32
           3           4          34          35
           3          36          37          38
           3          39          40          41
           3          11          42          33
           3          42          43          33
           3          44          45          46
           3          11          46          45
           3          47          41          40
           3          46          47          40
           3          48          49          37
           3          50          51          52
           3          53          54          49
           3          55          56          41
           3          37          49          38
           3          57          58          59
           3          54          60          61
           3          62          63          64
           3          63          65          64
           3          66          67          68
           3          69          70          65
           3          70          64          65
           3          71          20          72
           3          17          73          72
           3          17          72           3
           3          73          71          72
           3          74          75          15
           3          76          74           3
           3          16          73          17
           3          19          72          20
           3          19           3          72
           3           6           5           1
           3          77           4           6
           3          18           6          19
           3          78           1           5
           3           3          19           1
           3          79          80           4
           3          74          17           3
           3           4          35           5
           3          81          74          76
           3          34           4          80
           3          74          15          17
           3          13          25          82
           3           8           7          14
           3          83          23          22
           3           7          84          85
           3          86          29          28
           3          85          13           7
           3          85          25          13
           3          87          22          24
           3          53          49          88
           3          25          85          89
           3          67          31          68
           3          29          86          82
           3          13          86          14
           3          13          82          86
           3          90          28          30
           3          30          91          90
           3          92          93          94
           3          29          92          30
           3          30          94          91
           3          95          43          42
           3          96          39          41
           3          44          95          45
           3          94          93          97
           3          94          30          92
           3          40          44          46
           3          95          42          45
           3          42          11          45
           3          32          92          31
           3          10          12          67
           3          11          32          12
           3          31          92          29
           3          82          31          29
           3          82          68          31
           3          27          68          82
           3          82          25          27
           3          10          67          98
           3          12          31          67
           3          10          47          46
           3          48          37          55
           3          47          10          48
           3          46          11          10
           3          96          99          39
           3          47          55          41
           3          96          56          52
           3          96          41          56
           3          48          55          47
           3          37         100          55
           3          55         100          56
           3         101          50          52
           3         100          52          56
           3         100         101          52
           3          37          36         100
           3          36         102         101
           3         103          38          49
           3          98          67          66
           3          49          48          98
           3          49          98          88
           3          48          10          98
           3         104          66          27
           3          88          98          66
           3          59         105         106
           3          66          68          27
           3          26         106          27
           3          60          63          61
           3         100          36         101
           3         107         103         108
           3         102          50         101
           3         107         109          38
           3         108          62         110
           3          61          63          62
           3         108         110         111
           3         109         107         111
           3         103          49          54
           3          61         108         103
           3          61         103          54
           3         107          38         103
           3         107         108         111
           3          61          62         108
           3          65          63          60
           3          60          54          53
           3          27         106         104
           3         106         105         112
           3          70          69          83
           3         113          64          70
           3          57          59         106
           3         104         106         112
           3          26          57         106
           3         114          23          58
           3          69          58          83
           3          57          26         114
           3          87          24         115
           3          58          23          83
           3          58          57         114
           3          25          89          26
           3          89          24         114
           3          26          89         114
           3          85         116         115
           3          89          85         115
           3         114          24          23
           3          89         115          24
           3         117          22          87
           3          22         118          83
           3         119         118          22
           3         117         119          22
           3          87         120         117
           3         115         120          87
           1           2           3
           2           3           1
           3           1           2
           4           5           6
           5           6           4
           6           4           5
           7           8           9
           8           9           7
           9           7           8
          10          11          12
          11          12          10
          12          10          11
          13          14           7
          14           7          13
          15          13          14
          16          16          17
          17          17          15
          18          15          16
          19          19          20
          20          18          20
          21          18          19
          22          21           6
          23           6          18
          24          18          21
          25          19           6
          26           6           1
          27           1          19
          28          23          24
          29          24          22
          30          22          23
          31          26          27
          32          27          25
          33          25          26
          34          29          30
          35          30          28
          36          28          29
          37          12          32
          38          32          31
          39          31          12
          40          33          32
          41          32          11
          42          11          33
          43          34          35
          44          35           4
          45           4          34
          46          37          38
          47          38          36
          48          36          37
          49          40          41
          50          41          39
          51          39          40
          52          42          33
          53          11          42
          54          43          33
          55          42          43
          56          45          46
          57          46          44
          58          44          45
          59          45          11
          60          11          46
          61          40          47
          62          47          41
          63          40          46
          64          46          47
          65          49          37
          66          37          48
          67          48          49
          68          51          52
          69          52          50
          70          50          51
          71          54          49
          72          49          53
          73          53          54
          74          56          41
          75          41          55
          76          55          56
          77          49          38
          78          58          59
          79          59          57
          80          57          58
          81          60          61
          82          61          54
          83          54          60
          84          63          64
          85          64          62
          86          62          63
          87          65          64
          88          63          65
          89          67          68
          90          68          66
          91          66          67
          92          70          65
          93          65          69
          94          69          70
          95          70          64
          96          20          72
          97          72          71
          98          71          20
          99          73          72
         100          72          17
         101          17          73
         102          72           3
         103           3          17
         104          71          73
         105          15          75
         106          15          74
         107          74          75
         108          74           3
         109          76           3
         110          76          74
         111          73          16
         112          19          72
         113          19           3
         114           5           1
         115           6          77
         116          77           4
         117           5          78
         118           1          78
         119          80           4
         120           4          79
         121          79          80
         122          74          17
         123           5          35
         124          76          81
         125          81          74
         126          80          34
         127          25          82
         128          82          13
         129          13          25
         130          14           8
         131          22          83
         132          83          23
         133          85          84
         134          85           7
         135           7          84
         136          28          86
         137          86          29
         138          85          13
         139          85          25
         140          24          87
         141          87          22
         142          49          88
         143          88          53
         144          85          89
         145          89          25
         146          31          68
         147          67          31
         148          86          82
         149          82          29
         150          86          14
         151          13          86
         152          30          90
         153          90          28
         154          91          90
         155          30          91
         156          93          94
         157          94          92
         158          92          93
         159          92          30
         160          29          92
         161          91          94
         162          30          94
         163          42          95
         164          95          43
         165          41          96
         166          96          39
         167          95          45
         168          44          95
         169          93          97
         170          94          97
         171          40          44
         172          42          45
         173          92          31
         174          32          92
         175          12          67
         176          67          10
         177          29          31
         178          82          31
         179          82          68
         180          82          27
         181          27          68
         182          67          98
         183          98          10
         184          46          10
         185          10          47
         186          37          55
         187          55          48
         188          10          48
         189          48          47
         190          99          39
         191          96          99
         192          47          55
         193          56          52
         194          52          96
         195          96          56
         196         100          55
         197          37         100
         198         100          56
         199          52         101
         200         101          50
         201         100          52
         202         100         101
         203          36         100
         204         102         101
         205         101          36
         206          36         102
         207          49         103
         208         103          38
         209          66          98
         210          48          98
         211          98          49
         212          98          88
         213          66          27
         214          27         104
         215         104          66
         216          66          88
         217         105         106
         218         106          59
         219          59         105
         220         106          27
         221          26         106
         222          63          61
         223          60          63
         224         103         108
         225         108         107
         226         107         103
         227         102          50
         228         109          38
         229          38         107
         230         107         109
         231          62         110
         232         110         108
         233         108          62
         234          62          61
         235         110         111
         236         111         108
         237         107         111
         238         111         109
         239          54         103
         240         103          61
         241          61         108
         242          60          65
         243          53          60
         244         106         104
         245         105         112
         246         112         106
         247          69          83
         248          83          70
         249          70         113
         250         113          64
         251         106          57
         252         112         104
         253          26          57
         254          23          58
         255          58         114
         256         114          23
         257          58          83
         258          69          58
         259          26         114
         260         114          57
         261          24         115
         262         115          87
         263          89          26
         264          24         114
         265         114          89
         266          89          24
         267         116         115
         268         115          85
         269         116          85
         270         115          89
         271          87         117
         272         117          22
         273         118          83
         274          22         118
         275          22         119
         276         118         119
         277         119         117
         278         117         120
         279          87         120
         280         120         115
