       4387       2725       1656         32         17          2          1          1          0          0          0          0          0          0          0          0          0          0
 local to global mapping:
         165
           1           7
           2          39
           3          42
           4          43
           5          44
           6          47
           7          52
           8          77
           9         139
          10         142
          11         153
          12         164
          13         176
          14         177
          15         179
          16         182
          17         183
          18         184
          19         188
          20         192
          21         194
          22         195
          23         197
          24         198
          25         205
          26         571
          27         584
          28         585
          29         586
          30         587
          31         590
          32         591
          33         593
          34         594
          35         595
          36         596
          37         609
          38         630
          39         631
          40         632
          41         633
          42         753
          43         754
          44         755
          45         756
          46         757
          47         758
          48         759
          49         760
          50         761
          51         762
          52         763
          53         769
          54         772
          55         773
          56         775
          57         776
          58         777
          59         779
          60         781
          61         782
          62         783
          63         784
          64         785
          65         786
          66         787
          67         811
          68         813
          69         814
          70         815
          71         816
          72         817
          73         838
          74         839
          75         840
          76         841
          77         842
          78         843
          79         845
          80         847
          81        2204
          82        2205
          83        2206
          84        2207
          85        2210
          86        2211
          87        2212
          88        2213
          89        2214
          90        2215
          91        2216
          92        2217
          93        2218
          94        2219
          95        2220
          96        2221
          97        2222
          98        2224
          99        2272
         100        2273
         101        2274
         102        2275
         103        2276
         104        2277
         105        2278
         106        2279
         107        2280
         108        2283
         109        2284
         110        2285
         111        2286
         112        2287
         113        2288
         114        2289
         115        2290
         116        2291
         117        2292
         118        2293
         119        2294
         120        2296
         121        2297
         122        2298
         123        2300
         124        2301
         125        2302
         126        2303
         127        2304
         128        2305
         129        2306
         130        2307
         131        2308
         132        2309
         133        2310
         134        2311
         135        2312
         136        2313
         137        2314
         138        2315
         139        2316
         140        2317
         141        2318
         142        2319
         143        2320
         144        2321
         145        2322
         146        2323
         147        2324
         148        2325
         149        2326
         150        2327
         151        2328
         152        2329
         153        2330
         154        2331
         155        2332
         156        2333
         157        2334
         158        2342
         159        2446
         160        2486
         161        2491
         162        2493
         163        2494
         164        2496
         165        2497
         120
           1        1169
           2        1167
           3        1101
           4        1037
           5        1038
           6         978
           7         917
           8         979
           9        1099
          10        1168
          11        1100
          12        1102
          13        1261
          14        1220
          15        1260
          16        1501
          17        1461
          18        1502
          19         913
          20         859
          21         860
          22        1535
          23        1557
          24        1534
          25        1444
          26        1455
          27        1490
          28        1555
          29        1574
          30        1554
          31        1533
          32        1532
          33        1036
          34        1039
          35         972
          36        1031
          37        1035
          38         912
          39         973
          40         911
          41        1165
          42        1096
          43        1095
          44         858
          45         971
          46        1219
          47        1166
          48        1468
          49        1508
          50        1509
          51        1536
          52        1537
          53        1559
          54        1500
          55        1459
          56        1465
          57        1505
          58        1504
          59        1458
          60        1499
          61        1457
          62        1414
          63        1412
          64        1466
          65        1539
          66        1364
          67        1339
          68        1326
          69        1531
          70        1510
          71        1470
          72        1471
          73        1530
          74        1460
          75         974
          76         864
          77         976
          78         977
          79        1098
          80         966
          81        1170
          82        1218
          83        1221
          84        1262
          85        1293
          86        1259
          87        1395
          88        1420
          89        1377
          90        1423
          91        1421
          92        1379
          93        1378
          94        1469
          95        1422
          96        1507
          97        1467
          98        1506
          99        1577
         100        1560
         101        1538
         102        1525
         103        1464
         104        1558
         105        1524
         106        1551
         107        1571
         108        1550
         109        1498
         110        1572
         111        1456
         112        1411
         113        1413
         114        1408
         115        1407
         116        1409
         117        1366
         118        1365
         119        1410
         120        1424
         283
           1          19
           2          20
           3          21
           4         112
           5         113
           6         114
           7         121
           8         122
           9         123
          10         124
          11         125
          12         126
          13         127
          14         128
          15         129
          16         136
          17         137
          18         138
          19         150
          20         151
          21         152
          22         222
          23         223
          24         224
          25         399
          26         400
          27         401
          28         408
          29         409
          30         410
          31         439
          32         440
          33         441
          34         470
          35         471
          36         472
          37         504
          38         505
          39         506
          40         507
          41         508
          42         509
          43         512
          44         513
          45         514
          46         520
          47         521
          48         522
          49         523
          50         524
          51         525
          52         526
          53         535
          54         536
          55         544
          56         545
          57         548
          58         549
          59         550
          60         553
          61         554
          62         571
          63         572
          64         573
          65        1477
          66        1478
          67        1479
          68        1513
          69        1514
          70        1515
          71        1516
          72        1517
          73        1518
          74        1519
          75        1520
          76        1521
          77        1522
          78        1523
          79        1530
          80        1531
          81        1532
          82        1533
          83        1534
          84        1535
          85        1539
          86        1540
          87        1541
          88        1542
          89        1543
          90        1544
          91        1545
          92        1546
          93        1547
          94        1548
          95        1577
          96        1578
          97        1579
          98        1630
          99        1529
         100        1631
         101        1632
         102        1633
         103        1634
         104        1635
         105        1636
         106        1637
         107        1892
         108        1893
         109        1894
         110        1895
         111        1896
         112        1897
         113        1898
         114        1899
         115        1900
         116        1901
         117        1902
         118        1903
         119        1904
         120        1905
         121        1906
         122        1907
         123        1908
         124        1920
         125        1921
         126        1922
         127        1925
         128        1926
         129        1927
         130        1929
         131        1930
         132         546
         133        1931
         134        1932
         135        1935
         136        1936
         137        1937
         138        1938
         139         515
         140        1939
         141        1871
         142        1965
         143         517
         144        1934
         145        1969
         146        1970
         147        1971
         148        1964
         149        1972
         150        1973
         151        1974
         152        1998
         153        1999
         154        2000
         155        1933
         156        2001
         157        2002
         158         569
         159        1968
         160        2007
         161        3718
         162        3719
         163        3720
         164        3721
         165        3722
         166        3723
         167        3724
         168        3725
         169        3726
         170        3727
         171        3732
         172        3733
         173        3734
         174        3735
         175        3736
         176        3737
         177        3738
         178        3739
         179        3740
         180        3741
         181        3742
         182        3743
         183        3744
         184        3745
         185        3746
         186        3747
         187        3748
         188        3749
         189        3750
         190        3751
         191        3730
         192        3752
         193        3753
         194        3754
         195        3755
         196        3757
         197        3758
         198        3817
         199        3818
         200        3819
         201        3820
         202        3821
         203        3822
         204        3823
         205        3824
         206        3825
         207        3826
         208        3827
         209        3828
         210        3829
         211        3759
         212        3833
         213        3834
         214        3812
         215        3835
         216        3836
         217        3837
         218        3838
         219        3839
         220        3840
         221        3841
         222        3842
         223        3843
         224        3844
         225        3845
         226        3846
         227        3847
         228        3848
         229        3849
         230        3850
         231        3851
         232        3854
         233        3855
         234        3856
         235        3857
         236        3858
         237        3859
         238        3861
         239        3862
         240        3863
         241        3864
         242        3865
         243        3866
         244        3867
         245        3868
         246        3869
         247        3870
         248        3871
         249        3872
         250        3873
         251        3874
         252        3875
         253        3876
         254        3877
         255        3878
         256        3879
         257        3880
         258        3881
         259        3882
         260        3883
         261        3884
         262        3885
         263        3886
         264        3887
         265        3888
         266        3889
         267        3890
         268        3891
         269        3892
         270        3893
         271        3894
         272        3895
         273        3896
         274        3897
         275        3898
         276        3899
         277        3900
         278        3912
         279        4048
         280        4107
         281        4110
         282        4108
         283        4061
 Header:
       2000          2          1           0.00           0.00
        48  0.9000000E+03      3     32     12    0.99999998E-02    0.20000000E+03    0.10000000E+02    0.00000000E+00    0.99999997E-04   2
  -1800.00000    
  -1600.00000    
  -1400.00000    
  -1200.00000    
  -1000.00000    
  -800.000000    
  -600.000000    
  -400.000000    
  -300.000000    
  -260.000000    
  -230.000000    
  -1.00000000    
 -0.949999988    
 -0.899999976    
 -0.850000024    
 -0.800000012    
 -0.750000000    
 -0.699999988    
 -0.649999976    
 -0.600000024    
 -0.550000012    
 -0.500000000    
 -0.449999988    
 -0.400000006    
 -0.349999994    
 -0.300000012    
 -0.250000000    
 -0.200000003    
 -0.150000006    
 -0.100000001    
  -5.00000007E-02
   0.00000000    
         120         165
   34.369233694099997        27.818557284099999        1245.32922               3
   34.382420554500001        27.841026899900001        1227.96838               3
   34.357872029799999        27.844587556000000        1150.32800               4
   34.350243306500005        27.861364212300003        1029.55627               4
   34.333838476399997        27.848852635699998        390.424133               8
   34.313980223199998        27.847552161199999        23.4315224              12
   34.302623336300002        27.849214731499998        62.6951370              12
   34.307126109899997        27.838782603100004        170.269592              12
   34.309231798500008        27.808211790000005        1230.04590               3
   34.339335094600003        27.800724155200005        1233.92114               3
   34.322656439600003        27.820419754000003        1102.52197               4
   34.342154799600003        27.828684832200000        1041.92798               4
   34.437918847200002        27.770281313100003        1062.54724               4
   34.381997821800006        27.786581707900002        1084.09180               4
   34.390660829200002        27.741221074300000        1062.02686               4
   34.915180827000000        28.024915769600000        150.660522              12
   34.881696195600000        28.017662611200002        184.524567              12
   34.902045120600008        27.989533178199999        175.991837              12
   34.277203288700001        27.839032023899996        45.6217117              12
   34.283122591300000        27.847122413600005        128.533585              12
   34.276432963300003        27.852838297200002        29.7065563              12
   35.034136889400003        28.070331913299999        5.00000000              12
   35.051063008300005        28.070897192999997        5.00000000              12
   35.040878485899995        28.078352347199999        5.00000000              12
   35.009918136299994        28.083459028199997        14.3741550              12
   34.994770067499999        28.077282106700000        22.7047367              12
   35.009555848600002        28.070929751300000        19.0679321              12
   34.982753937900000        27.957523668499995        95.1174774              12
   35.030202992500001        27.977056678200004        38.1994743              12
   34.997382073200001        28.008330211600001        11.4091511              12
   34.928138338799997        27.951123311500002        56.5881462              12
   34.949994589800006        27.999888425900000        53.5848007              12
   34.303975169399997        27.826618349300002        598.741333               7
   34.320802618700000        27.835633560700003        348.825287               8
   34.268808824200001        27.815858122700000        137.777084              12
   34.277982271900001        27.801385777200000        689.316650               6
   34.287608726099997        27.816790440900004        635.652832               6
   34.287069861900001        27.840644943299996        238.177322              10
   34.296471933900001        27.839396357800002        259.451111              10
   34.292150825099995        27.847890099599997        98.3403091              12
   34.312489820300001        27.783765199600001        1326.20447               3
   34.293918577400007        27.799346141299996        1238.92651               3
   34.286700945899995        27.785677602200000        1080.46960               4
   34.286891259599997        27.854149266099999        18.5008049              12
   34.273379725100000        27.829603042799999        65.0775604              12
   34.412645358799999        27.819639185599996        1144.74658               4
   34.404318862699995        27.857793322999999        1152.76611               4
   35.054216410899997        28.104591343500001        5.00000000              12
   35.060418670600001        28.098944605799996        5.00000000              12
   35.064854490400002        28.105690668600005        5.00000000              12
   35.058403664200000        28.090378973500002        5.00000000              12
   35.072993497799999        28.096481949300003        5.00000000              12
   35.068909632299999        28.079522043500003        5.09396648              12
   34.943065144300000        28.038767519499999        34.2375870              12
   34.917181014699999        28.056852801400005        73.8594666              12
   35.022913885199998        28.084090959800005        5.71120977              12
   35.029060499099998        28.078115479200001        5.00000000              12
   35.033832546600003        28.083953249699999        5.00000000              12
   34.938892484800000        28.064332494500004        39.1738892              12
   34.963672681200002        28.058275766000001        23.8837986              12
   34.955044735100003        28.076707751099999        12.5207253              12
   34.895888221400000        28.062962600499997        101.232697              12
   34.907588969499997        28.076374011700000        22.2166653              12
   35.018467542200000        28.077641646399996        9.04193306              12
   35.086103125900003        28.088775199899999        5.00000000              12
   35.000362467700000        28.099802164700005        7.87399340              12
   35.001499863500001        28.109220422999996        5.00000000              12
   34.991775799499990        28.105693177499997        5.68321466              12
   34.974694925999998        28.034027146199996        8.96746159              12
   35.044206389499998        28.088596377900000        5.00000000              12
   35.040981923100006        28.096291393999998        5.00000000              12
   35.032213530400000        28.091511015899997        5.00000000              12
   35.003308292800000        28.041798915299999        17.1178341              12
   34.894042623300003        28.042253903999999        182.979172              12
   34.287919278300002        27.830964448400000        320.918976               8
   34.295700685900002        27.855803628300002        10.3333349              12
   34.335430920000000        27.864929728700002        462.876617               7
   34.322901691500000        27.860284723900001        23.9092560              12
   34.373732349700006        27.864144056099999        1209.70447               3
   34.264012160800000        27.797613643300004        124.161652              12
   34.312153504599998        27.757214264500000        1261.99316               3
   34.345912055699998        27.767293860900001        1031.72192               4
   34.335186880700000        27.733154523000000        1064.36182               4
   34.363790990799991        27.700005197500005        1040.28760               4
   34.455540719799998        27.700044040600005        994.768188               5
   34.466994994099998        27.815361303400000        1023.03021               4
   35.007938305199993        28.093832303799999        10.8593607              12
   35.017789269100007        28.091124705300004        6.16734362              12
   35.009686604499997        28.103336397400003        5.40780973              12
   35.034940497100003        28.100644823200003        5.01476145              12
   35.033621846400003        28.108248850900004        5.52401352              12
   35.025721815899999        28.103675740500002        5.76500893              12
   35.023368370299998        28.111892497900001        5.29733372              12
   35.057837704299999        28.111255468700001        5.00000000              12
   35.049728623100002        28.110505653499999        5.00000000              12
   35.050161092200000        28.097165475799997        5.00000000              12
   35.043886963900007        28.104665615700004        5.01476145              12
   35.024409891599994        28.071584871599995        5.61768579              12
   35.063897869099996        28.059519310599999        6.97094536              12
   35.084583914200003        28.077679122700001        6.17863846              12
   35.052672192899998        28.081894096900005        5.00000000              12
   35.023230601500003        28.063305128400000        7.66109419              12
   35.027463191199999        28.090761570400005        5.00000000              12
   35.042793765799992        28.058324812999999        5.00000000              12
   35.010520778400000        28.057636054500005        19.9917870              12
   35.022179543700005        28.031447954299999        7.61514616              12
   35.044641555699997        28.031515047500005        5.00000000              12
   35.029661151599996        28.050903166700003        7.34776688              12
   34.989948067100002        28.060328705799996        21.9170818              12
   35.031953034099999        28.009265585800001        5.30854225              12
   34.974271903999998        28.076521011300002        10.8307161              12
   34.934480176800001        28.080066564999996        6.22431946              12
   34.921003111799997        28.076398068000003        16.0528164              12
   34.983148798300000        28.088327357899995        8.78024483              12
   34.998290956600002        28.089106064300001        16.4235744              12
   34.964409824299999        28.095377451899999        5.00000000              12
   34.982047603500000        28.098978141300005        5.07742691              12
   34.991888215199999        28.096291865100003        11.6769600              12
   34.946516138400000        28.088198525399996        5.00000000              12
   35.029198803299998        28.097719042799998        5.00000000              12
           3           1           2           3
           3           4           5           3
           3           6           7           8
           3           9          10          11
           3          12          10           1
           3          13          14          15
           3          16          17          18
           3          19          20          21
           3          22          23          24
           3          25          26          27
           3          28          29          30
           3          31          32          18
           3          33          11          34
           3          35          36          37
           3          38          39          40
           3           7          40          39
           3          41          42          43
           3          20          44          21
           3           6           8          34
           3          11          12          34
           3           8          33          34
           3          37          45          35
           3          10          12          11
           3          13          46          14
           3          46          47           2
           3          48          49          50
           3          51          52          49
           3          51          53          52
           3          16          54          55
           3          56          57          58
           3          59          60          61
           3          62          55          63
           3          25          27          64
           3          53          65          52
           3          66          67          68
           3          60          54          69
           3          70          71          72
           3          31          28          32
           3          30          73          69
           3          74          16          55
           3          32          54          16
           3          37          42           9
           3           8          39          33
           3          19          45          75
           3          39          75          33
           3           7          39           8
           3          40          20          38
           3          75          38          19
           3          40          44          20
           3          76          40           7
           3          19          38          20
           3          75          39          38
           3           5          77          78
           3           5          78           6
           3          34           5           6
           3          12           5          34
           3           3           2          79
           3           9          41          10
           3          33          37           9
           3          75          37          33
           3          36          43          42
           3          33           9          11
           3          42          41           9
           3          45          37          75
           3          36          42          37
           3          80          36          35
           3          81          82          41
           3          41          82          10
           3          83          84          15
           3          82          14          10
           3          12           3           5
           3          12           1           3
           3           1          46           2
           3           1          10          14
           3           1          14          46
           3          82          83          15
           3          13          15          85
           3          14          82          15
           3          86          46          13
           3          15          84          85
           3          58          70          72
           3          87          88          89
           3          90          91          92
           3          93          92          91
           3          48          94          95
           3          96          70          51
           3          50          49          52
           3          50          94          48
           3          91          90          97
           3          96          49          48
           3          95          97          48
           3          22          57          98
           3          99          53          23
           3          53         100          65
           3          96          51          49
           3         101          53          51
           3          23          53         101
           3          70          58          24
           3         101          24          23
           3         102          98          27
           3          58          57          24
           3          56         103          88
           3          88          87          25
           3          27          98          64
           3          57          64          98
           3          23          22         104
           3          24          57          22
           3          27         105         102
           3         106         107         108
           3          73         105         109
           3          73         108         105
           3         108         102         105
           3          69         109          60
           3         105          27         109
           3          69          73         109
           3         106         108          73
           3          32          69          54
           3          30          29         110
           3          59          55          54
           3          26         111         109
           3          59          54          60
           3         112         113          59
           3         111          61          60
           3         113          55          59
           3         114          26         115
           3         109          27          26
           3         109         111          60
           3          61         112          59
           3         111         116          61
           3         117         118          68
           3         111         114         116
           3          61         119         112
           3          25         115          26
           3         118         114         115
           3          26         114         111
           3         118         117         114
           3          56          25          64
           3          87          89          66
           3          57          56          64
           3         101          70          24
           3          51          70         101
           3          71          90          72
           3          58         103          56
           3          56          88          25
           3          72          90         120
           3          96          71          70
           3          96          48          97
           3          71          97          90
           3          71          96          97
           3         120          90          92
           3         115          66         118
           3          89          67          66
           3         115          87          66
           3         115          25          87
           3          61         116         119
           3         114         117         116
           3         118          66          68
           3         113          63          55
           3          74          55          62
           3          30          69          32
           3          73          30         106
           3          28          30          32
           3         110         106          30
           3          16          74          17
           3          16          18          32
           1           2           3
           2           3           1
           3           1           2
           4           5           3
           5           3           4
           6           4           5
           7           7           8
           8           8           6
           9           6           7
          10          10          11
          11          11           9
          12           9          10
          13          10           1
          14           1          12
          15          12          10
          16          14          15
          17          15          13
          18          13          14
          19          17          18
          20          18          16
          21          16          17
          22          20          21
          23          21          19
          24          19          20
          25          23          24
          26          24          22
          27          22          23
          28          26          27
          29          27          25
          30          25          26
          31          29          30
          32          30          28
          33          28          29
          34          32          18
          35          18          31
          36          31          32
          37          11          34
          38          34          33
          39          33          11
          40          36          37
          41          37          35
          42          35          36
          43          39          40
          44          40          38
          45          38          39
          46          39           7
          47           7          40
          48          42          43
          49          43          41
          50          41          42
          51          44          21
          52          20          44
          53           8          34
          54          34           6
          55          12          34
          56          11          12
          57           8          33
          58          45          35
          59          37          45
          60          46          14
          61          13          46
          62          47           2
          63           2          46
          64          46          47
          65          49          50
          66          50          48
          67          48          49
          68          52          49
          69          49          51
          70          51          52
          71          53          52
          72          51          53
          73          54          55
          74          55          16
          75          16          54
          76          57          58
          77          58          56
          78          56          57
          79          60          61
          80          61          59
          81          59          60
          82          55          63
          83          63          62
          84          62          55
          85          27          64
          86          64          25
          87          65          52
          88          53          65
          89          67          68
          90          68          66
          91          66          67
          92          54          69
          93          69          60
          94          60          54
          95          71          72
          96          72          70
          97          70          71
          98          28          32
          99          28          31
         100          73          69
         101          69          30
         102          30          73
         103          55          74
         104          74          16
         105          16          32
         106          32          54
         107          42           9
         108           9          37
         109          37          42
         110          39          33
         111           8          39
         112          45          75
         113          75          19
         114          19          45
         115          75          33
         116          39          75
         117          20          38
         118          40          20
         119          38          19
         120          75          38
         121          40          44
         122           7          76
         123          76          40
         124          77          78
         125          78           5
         126           5          77
         127          78           6
         128           6           5
         129          34           5
         130          12           5
         131           2          79
         132           3          79
         133          41          10
         134           9          41
         135           9          33
         136          33          37
         137          75          37
         138          42          36
         139          43          36
         140          35          80
         141          36          80
         142          82          41
         143          81          41
         144          82          81
         145          82          10
         146          84          15
         147          15          83
         148          84          83
         149          14          10
         150          82          14
         151          12           3
         152           1          46
         153          14           1
         154          15          82
         155          83          82
         156          15          85
         157          85          13
         158          86          13
         159          46          86
         160          84          85
         161          72          58
         162          58          70
         163          88          89
         164          89          87
         165          87          88
         166          91          92
         167          92          90
         168          90          91
         169          91          93
         170          93          92
         171          94          95
         172          95          48
         173          48          94
         174          70          51
         175          51          96
         176          96          70
         177          52          50
         178          50          94
         179          90          97
         180          97          91
         181          48          96
         182          96          49
         183          97          48
         184          95          97
         185          57          98
         186          98          22
         187          22          57
         188          53          23
         189          23          99
         190          99          53
         191          65         100
         192          53         100
         193          51         101
         194         101          53
         195         101          23
         196          58          24
         197          24          70
         198         101          24
         199          98          27
         200          27         102
         201         102          98
         202          57          24
         203         103          88
         204          88          56
         205          56         103
         206          87          25
         207          25          88
         208          98          64
         209          57          64
         210          22         104
         211          23         104
         212         105         102
         213          27         105
         214         108         107
         215         108         106
         216         106         107
         217         105         109
         218         109          73
         219          73         105
         220         108         105
         221          73         108
         222         108         102
         223         109          60
         224          69         109
         225          27         109
         226          73         106
         227          32          69
         228          29         110
         229         110          30
         230          54          59
         231          59          55
         232         111         109
         233         109          26
         234          26         111
         235         113          59
         236          59         112
         237         112         113
         238          60         111
         239         111          61
         240         113          55
         241          26         115
         242         115         114
         243         114          26
         244          61         112
         245         116          61
         246         111         116
         247         118          68
         248          68         117
         249         117         118
         250         114         116
         251         111         114
         252         119         112
         253          61         119
         254          25         115
         255         115         118
         256         118         114
         257         117         114
         258          64          56
         259          56          25
         260          89          66
         261          66          87
         262         101          70
         263          90          72
         264          71          90
         265          58         103
         266          90         120
         267         120          72
         268          96          71
         269          97          96
         270          71          97
         271          92         120
         272          66         118
         273         115          66
         274          89          67
         275         115          87
         276         116         119
         277         117         116
         278         113          63
         279          62          74
         280          32          30
         281          30         106
         282         106         110
         283          17          74
