       4387       2725       1656         32         17          2          1          1          0          0          0          0          0          0          0          0          0          0
 local to global mapping:
         159
           1          18
           2         117
           3         119
           4         122
           5         123
           6         125
           7         127
           8         129
           9         130
          10         131
          11         132
          12         165
          13         477
          14         479
          15         481
          16         486
          17         487
          18         489
          19         490
          20         491
          21         512
          22         513
          23         514
          24         515
          25         516
          26         517
          27         518
          28         519
          29         521
          30         522
          31         523
          32         524
          33         525
          34         526
          35         527
          36         528
          37         529
          38         530
          39         531
          40         532
          41         533
          42         534
          43         535
          44         537
          45        1907
          46        1908
          47        1910
          48        1911
          49        1912
          50        1913
          51        1917
          52        1918
          53        1919
          54        1920
          55        1921
          56        1922
          57        1923
          58        1929
          59        1968
          60        1970
          61        1974
          62        1980
          63        1986
          64        1987
          65        1988
          66        1989
          67        1990
          68        1991
          69        1992
          70        1993
          71        1994
          72        1995
          73        1996
          74        1997
          75        1998
          76        2000
          77        2001
          78        2002
          79        2003
          80        2004
          81        2005
          82        2006
          83        2007
          84        2008
          85        2009
          86        2010
          87        2011
          88        2012
          89        2013
          90        2014
          91        2015
          92        2016
          93        2017
          94        2018
          95        2019
          96        2020
          97        2021
          98        2022
          99        2023
         100        2024
         101        2025
         102        2026
         103        2027
         104        2028
         105        2029
         106        2030
         107        2031
         108        2032
         109        2033
         110        2034
         111        2035
         112        2036
         113        2037
         114        2038
         115        2039
         116        2040
         117        2041
         118        2042
         119        2043
         120        2044
         121        2045
         122        2046
         123        2047
         124        2048
         125        2049
         126        2050
         127        2051
         128        2052
         129        2053
         130        2054
         131        2055
         132        2056
         133        2057
         134        2058
         135        2059
         136        2060
         137        2061
         138        2062
         139        2063
         140        2064
         141        2065
         142        2066
         143        2067
         144        2068
         145        2069
         146        2070
         147        2071
         148        2072
         149        2073
         150        2074
         151        2075
         152        2076
         153        2077
         154        2078
         155        2080
         156        2081
         157        2082
         158        2089
         159        2090
         108
           1         122
           2         102
           3         123
           4          47
           5          39
           6          40
           7           8
           8           1
           9           7
          10          64
          11          81
          12          63
          13          24
          14          25
          15          34
          16           5
          17          10
          18           3
          19          20
          20          23
          21          19
          22          44
          23          37
          24          36
          25          33
          26          42
          27          58
          28          59
          29          60
          30          45
          31          55
          32          54
          33          56
          34         103
          35         124
          36          50
          37          82
          38          68
          39          65
          40          80
          41         100
          42          99
          43          31
          44          83
          45          66
          46         101
          47          85
          48          86
          49          87
          50          69
          51          43
          52          41
          53          48
          54          61
          55          79
          56          38
          57         107
          58         121
          59         126
          60          12
          61          17
          62          11
          63          29
          64          28
          65          16
          66          15
          67          13
          68          14
          69           4
          70           9
          71           2
          72          22
          73          30
          74          78
          75          76
          76          91
          77         108
          78          90
          79          96
          80         115
          81         104
          82          75
          83          97
          84          67
          85          84
          86          53
          87         125
          88          98
          89         141
          90          62
          91          57
          92          46
          93          77
          94         142
          95          52
          96          51
          97          49
          98          32
          99          21
         100          27
         101          35
         102          26
         103           6
         104          18
         105          71
         106          70
         107          72
         108          92
         266
           1          52
           2          53
           3          54
           4         334
           5         335
           6         336
           7         340
           8         341
           9         342
          10         349
          11         350
          12         351
          13         352
          14         353
          15         354
          16         358
          17         359
          18         360
          19         364
          20         365
          21         366
          22         370
          23         371
          24         372
          25         373
          26         374
          27         375
          28         376
          29         377
          30         378
          31         379
          32         380
          33         381
          34         473
          35         474
          36         475
          37        1251
          38        1252
          39        1253
          40        1257
          41        1258
          42        1262
          43        1263
          44        1264
          45        1274
          46        1275
          47        1276
          48        1277
          49        1278
          50        1282
          51        1283
          52        1284
          53        1285
          54        1286
          55        1287
          56        1288
          57        1289
          58        1290
          59        1338
          60        1339
          61        1340
          62        1341
          63        1342
          64        1343
          65        1344
          66        1345
          67        1346
          68        1347
          69        1348
          70        1349
          71        1350
          72        1351
          73        1352
          74        1353
          75        1354
          76        1355
          77        1356
          78        1357
          79        1360
          80        1326
          81        1361
          82        1362
          83        1363
          84        1364
          85        1365
          86        1366
          87        1367
          88        1368
          89        1369
          90        1370
          91        1371
          92        1372
          93        1373
          94        1374
          95        1375
          96        1376
          97        1377
          98        1378
          99        1379
         100        1380
         101        1381
         102        1382
         103        1383
         104        1384
         105        1385
         106        1386
         107        1387
         108        1388
         109        1389
         110        1390
         111        1391
         112        1392
         113        1328
         114        1393
         115        1394
         116        1398
         117        1399
         118        3377
         119        3378
         120        1280
         121        3379
         122        3380
         123        3382
         124        3383
         125        3384
         126        3385
         127        3386
         128        3387
         129        3388
         130        3392
         131        3393
         132        3394
         133        3395
         134        3396
         135        3397
         136        3398
         137        3399
         138        3400
         139        3401
         140        1292
         141        3402
         142        1279
         143        3403
         144        3443
         145        3446
         146        3447
         147        3448
         148        3455
         149        3444
         150        3456
         151        3466
         152        3467
         153        3470
         154        3471
         155        3472
         156        3473
         157        3474
         158        3475
         159        3476
         160        3477
         161        3478
         162        3479
         163        3480
         164        3481
         165        3482
         166        3483
         167        3484
         168        3485
         169        3486
         170        3487
         171        3488
         172        3489
         173        3490
         174        3469
         175        3491
         176        3492
         177        3493
         178        3494
         179        3495
         180        3496
         181        3497
         182        3498
         183        3499
         184        3500
         185        3501
         186        3502
         187        3503
         188        3504
         189        3505
         190        3506
         191        3507
         192        3508
         193        3509
         194        3510
         195        3511
         196        3512
         197        3513
         198        3514
         199        3515
         200        3516
         201        3517
         202        3518
         203        3519
         204        3520
         205        3521
         206        3522
         207        3523
         208        3524
         209        3525
         210        3526
         211        3527
         212        3528
         213        3529
         214        3530
         215        3531
         216        3532
         217        3533
         218        3534
         219        3535
         220        3536
         221        3537
         222        3538
         223        3539
         224        3540
         225        3541
         226        3542
         227        3543
         228        3544
         229        3545
         230        3546
         231        3547
         232        3548
         233        3549
         234        3550
         235        3551
         236        3552
         237        3553
         238        3554
         239        3555
         240        3556
         241        3557
         242        3558
         243        3559
         244        3560
         245        3561
         246        3562
         247        3563
         248        3564
         249        3565
         250        3566
         251        3567
         252        3568
         253        3569
         254        3570
         255        3571
         256        3572
         257        3573
         258        3574
         259        3575
         260        3576
         261        3580
         262        3581
         263        3465
         264        1395
         265        3582
         266        3589
 Header:
       2000          2          1           0.00           0.00
        48  0.9000000E+03      3     32     12    0.99999998E-02    0.20000000E+03    0.10000000E+02    0.00000000E+00    0.99999997E-04   2
  -1800.00000    
  -1600.00000    
  -1400.00000    
  -1200.00000    
  -1000.00000    
  -800.000000    
  -600.000000    
  -400.000000    
  -300.000000    
  -260.000000    
  -230.000000    
  -1.00000000    
 -0.949999988    
 -0.899999976    
 -0.850000024    
 -0.800000012    
 -0.750000000    
 -0.699999988    
 -0.649999976    
 -0.600000024    
 -0.550000012    
 -0.500000000    
 -0.449999988    
 -0.400000006    
 -0.349999994    
 -0.300000012    
 -0.250000000    
 -0.200000003    
 -0.150000006    
 -0.100000001    
  -5.00000007E-02
   0.00000000    
         108         159
   34.861503797099999        29.364795839899998        751.476990               6
   34.840499378300002        29.379393787800002        307.820251               8
   34.833391531900006        29.363439872899995        377.435699               8
   34.898343473100006        29.444506370899997        492.406097               7
   34.905978271199999        29.462238188000001        432.220551               7
   34.885227042300002        29.463432155500001        93.3345642              12
   34.999940181500001        29.516969941800003        16.0867691              12
   35.002462803699999        29.523741360399995        10.0602503              12
   34.993772075700001        29.522864345900004        47.6948891              12
   34.843737192299997        29.416868518699999        56.2517166              12
   34.857786362200002        29.408500443100003        315.575897               8
   34.862048133999998        29.424560509700001        153.864761              12
   34.938081802500001        29.488387881600001        462.602875               7
   34.914784407500001        29.490433864400000        97.3949051              12
   34.922374538100001        29.472864190300001        494.922485               7
   34.964239135100001        29.539704961599995        44.7317963              12
   34.972120912000001        29.531493985999997        92.4862747              12
   34.973426131600000        29.544263974799996        11.3836060              12
   34.953047501600004        29.506855106200003        357.255249               8
   34.961524635099998        29.482908907400002        420.364136               7
   34.976483756000000        29.501160824900005        280.470825               9
   34.945800448599996        29.416011789800002        578.445679               7
   34.960266111899998        29.412482188000002        260.724518               9
   34.955710785900003        29.427624243499999        359.404053               8
   34.945468007499997        29.465831320200000        627.515869               6
   34.924575834000002        29.449646981400001        699.153137               6
   34.913361364700002        29.427283272499999        786.957886               6
   34.929002857699999        29.408194695999999        798.622864               6
   34.940152812299999        29.390130956400004        587.108948               7
   34.951038013500003        29.400600582400003        333.592987               8
   34.958662606200001        29.358851159099995        31.8582630              12
   34.958896873699999        29.368197374899992        74.4580612              12
   34.951060112499995        29.361159039000004        164.097626              12
   34.813590577900001        29.366514865799996        128.122620              12
   34.819404719200001        29.351329911199997        314.327820               8
   34.840961895800000        29.428572376299993        5.00000000              12
   34.816962723600000        29.388589960499999        5.21094465              12
   34.823779006400009        29.396622450899997        33.9051704              12
   34.815099345299998        29.396593501600005        5.00000000              12
   34.877105577800009        29.406436346300001        641.174316               6
   34.859353484600000        29.390704386399996        599.859863               7
   34.887019819900004        29.383269820100004        842.687256               5
   34.899107085600001        29.481437232699996        49.4646072              12
   34.808589176900000        29.384565819300004        15.1798706              12
   34.807311563500001        29.392249752200001        5.00000000              12
   34.820739534399998        29.377985529499998        45.6273460              12
   34.827522179399999        29.387337108200001        23.1385746              12
   34.807470045199992        29.377926182500001        37.6375313              12
   34.798186699699997        29.368947652199996        115.977020              12
   34.943934787200000        29.367568354300001        341.374176               8
   34.935784733600002        29.429566518600002        719.601440               6
   34.860645259899997        29.467591647600003        12.5450077              12
   34.872456337599999        29.445105084800002        198.176392              12
   34.832740189600010        29.412064927600003        70.7600021              12
   34.843853082599999        29.404062921600001        206.811447              11
   34.966430605299998        29.401174766499999        63.2145042              12
   34.916594122200010        29.353344090899995        730.595032               6
   34.891421377999997        29.358080012199999        845.946838               5
   34.903035298900001        29.337472000300000        809.888367               5
   34.953043169300003        29.541716072800000        24.5885010              12
   34.941969332799999        29.528016177800005        70.2860413              12
   34.957590987800003        29.532649801100003        87.5224152              12
   34.967564652100009        29.419609832899997        75.9485931              12
   34.970791519999999        29.429062637300003        71.2041245              12
   34.959072489000008        29.522091226500002        208.641113              11
   34.972429561500000        29.516867606000005        274.841736               9
   34.986291610000002        29.515723497800000        170.210434              12
   34.995440672300006        29.508887958500001        38.3022385              12
   34.986322980099999        29.538594259800004        8.29837322              12
   34.984292207999999        29.526907993500004        110.666359              12
   34.997389181000003        29.531140272300004        13.2644968              12
   34.983286983299998        29.479609036199996        38.0518875              12
   34.970803977300001        29.407188441199995        36.7266426              12
   34.915689877600002        29.389249109200001        837.542603               5
   34.930543603200000        29.376553416200000        641.298889               6
   34.937050488499999        29.350142654799999        350.202271               8
   34.924797799399990        29.340950104500003        529.927979               7
   34.930287344800000        29.362995510200001        559.419312               7
   34.792843495200003        29.359873090099999        202.105240              11
   34.792109308400001        29.349860510500001        199.362366              12
   34.803898190699996        29.357614386800002        217.850388              11
   34.787011595300001        29.367248070999999        22.7790852              12
   34.782529885499997        29.356398440699998        26.3335304              12
   34.829121143700000        29.403769848999996        99.1315079              12
   34.837996172599993        29.393495062300008        177.490952              12
   34.816129617800001        29.406274831700003        14.1827631              12
   34.804236087299998        29.346100259100009        310.786804               8
   34.910839751399998        29.370604773299998        810.717102               5
   34.873320787899999        29.339196409500005        869.757874               5
   34.886925196500002        29.425762833799997        638.118408               6
   34.947845060500001        29.377628755300005        352.072418               8
   34.961241539699998        29.384257021999996        103.700760              12
   34.901845835800010        29.406119003899999        825.884155               5
   34.841896986300000        29.340716336300005        713.224609               6
   34.822652936099999        29.411920117000005        27.5814075              12
   34.827015881500003        29.422962128399998        5.00000000              12
   34.849820790099997        29.440018536800000        12.2773628              12
   34.878631785200000        29.480969667299998        5.48294067              12
   34.927936113500003        29.509026358900005        120.052460              12
   34.965937632500001        29.441117208400005        118.080597              12
   34.949227144600002        29.446016806600003        487.899139               7
   34.972311383600001        29.458037560000001        176.333221              12
   34.961587341399998        29.548438071500001        14.5425453              12
   34.990594390200002        29.495508251400000        23.6257877              12
   34.942612150400002        29.358112185400000        303.080292               8
   34.951874637199992        29.351156156300000        83.3693314              12
   34.949321217100000        29.343983695100000        74.5054703              12
   34.937428190299997        29.339641449300000        270.977753               9
           3           1           2           3
           3           4           5           6
           3           7           8           9
           3          10          11          12
           3          13          14          15
           3          16          17          18
           3          19          20          21
           3          22          23          24
           3          25          15          26
           3          27          26           4
           3          28          29          30
           3          31          32          33
           3          34          35           3
           3          12          36          10
           3          37          38          39
           3          40          41          42
           3           6           5          43
           3          44          37          45
           3          46           2          47
           3          48          49          34
           3          33          32          50
           3          28          51          27
           3           6          52          53
           3          54          55          10
           3          27          51          26
           3          25          20          13
           3          41           1          42
           3          30          56          23
           3          57          58          59
           3          22          24          51
           3          60          61          62
           3          63          64          24
           3          65          19          66
           3          67          21          68
           3          17          69          18
           3          70           9          71
           3          20          72          21
           3          56          73          23
           3          67          70          66
           3          74          75          29
           3          23          63          24
           3          28          74          29
           3          76          57          77
           3          76          78          57
           3          44          46          37
           3          79          80          81
           3          79          81          49
           3          79          49          82
           3          81          34          49
           3          83          79          82
           3          84          85          55
           3          86          38          84
           3          39          38          86
           3          45          37          39
           3          44          48          46
           3          81          87          35
           3          46          48          34
           3          34          81          35
           3           3           2          46
           3          88          74          42
           3          58           1          89
           3          88          58          57
           3          12          40          90
           3          91          75          50
           3          88          57          78
           3          78          75          88
           3          91          32          92
           3          42          74          93
           3          88          75          74
           3          58          42           1
           3          58          88          42
           3          85           2          41
           3          40          93          90
           3          34           3          46
           3           1          41           2
           3          94           1           3
           3          37          47          38
           3          37          46          47
           3          47          85          38
           3          47           2          85
           3          86          84          95
           3          38          85          84
           3          54          84          55
           3          85          41          55
           3          12          11          40
           3          55          41          11
           3          96          54          10
           3          55          11          10
           3          36          96          10
           3          95          84          54
           3          53          97          12
           3           4          53          90
           3          52          97          53
           3          53          12          90
           3          97          36          12
           3           4           6          53
           3          43          15          14
           3          52           6          98
           3          61          99          19
           3          13          15          25
           3          43           5          15
           3          98           6          43
           3          24         100         101
           3          15           5          26
           3          27           4          90
           3          26           5           4
           3          41          40          11
           3          42          93          40
           3          93          27          90
           3          93          28          27
           3          51          28          22
           3          93          74          28
           3          65          61          19
           3          99          14          13
           3          51          24         101
           3         101         100         102
           3          17          62          65
           3          19          21          66
           3          19          13          20
           3          19          99          13
           3          70          17          66
           3          16          60          62
           3          16         103          60
           3          69          17          70
           3          16          62          17
           3          17          65          66
           3          62          61          65
           3           8          71           9
           3          71          69          70
           3          16          18         103
           3          67          68           7
           3          67           7           9
           3          68          21         104
           3          20         102          72
           3          70          67           9
           3          66          21          67
           3          25         102          20
           3          21          72         104
           3          92          56          30
           3          91          92          29
           3          28          30          22
           3          73          63          23
           3          25         101         102
           3          24          64         100
           3          22          30          23
           3          29          92          30
           3          26         101          25
           3          26          51         101
           3          78          50          75
           3         105          76         106
           3          75          91          29
           3          50          32          91
           3          78          76         105
           3         106          31          33
           3         107         106          76
           3         107          76         108
           3         106          33         105
           3          50         105          33
           3          50          78         105
           1           2           3
           2           3           1
           3           1           2
           4           5           6
           5           6           4
           6           4           5
           7           8           9
           8           9           7
           9           7           8
          10          11          12
          11          12          10
          12          10          11
          13          14          15
          14          15          13
          15          13          14
          16          17          18
          17          18          16
          18          16          17
          19          20          21
          20          21          19
          21          19          20
          22          23          24
          23          24          22
          24          22          23
          25          15          26
          26          26          25
          27          25          15
          28          26           4
          29           4          27
          30          27          26
          31          29          30
          32          30          28
          33          28          29
          34          32          33
          35          33          31
          36          31          32
          37          35           3
          38           3          34
          39          34          35
          40          36          10
          41          12          36
          42          38          39
          43          39          37
          44          37          38
          45          41          42
          46          42          40
          47          40          41
          48           5          43
          49          43           6
          50          37          45
          51          45          44
          52          44          37
          53           2          47
          54          47          46
          55          46           2
          56          49          34
          57          34          48
          58          48          49
          59          32          50
          60          50          33
          61          51          27
          62          27          28
          63          28          51
          64          52          53
          65          53           6
          66           6          52
          67          55          10
          68          10          54
          69          54          55
          70          51          26
          71          20          13
          72          13          25
          73          25          20
          74           1          42
          75          41           1
          76          56          23
          77          23          30
          78          30          56
          79          58          59
          80          57          59
          81          57          58
          82          24          51
          83          51          22
          84          61          62
          85          62          60
          86          60          61
          87          64          24
          88          24          63
          89          63          64
          90          19          66
          91          66          65
          92          65          19
          93          21          68
          94          68          67
          95          67          21
          96          69          18
          97          17          69
          98           9          71
          99          71          70
         100          70           9
         101          72          21
         102          20          72
         103          73          23
         104          56          73
         105          70          66
         106          66          67
         107          67          70
         108          75          29
         109          29          74
         110          74          75
         111          23          63
         112          28          74
         113          77          57
         114          77          76
         115          76          57
         116          78          57
         117          76          78
         118          46          37
         119          44          46
         120          81          80
         121          81          79
         122          79          80
         123          81          49
         124          49          79
         125          49          82
         126          82          79
         127          81          34
         128          82          83
         129          83          79
         130          85          55
         131          55          84
         132          84          85
         133          38          84
         134          84          86
         135          86          38
         136          86          39
         137          39          45
         138          48          46
         139          44          48
         140          35          87
         141          35          81
         142          87          81
         143          34          46
         144          46           3
         145          74          42
         146          42          88
         147          88          74
         148           1          89
         149          58          89
         150          58           1
         151          57          88
         152          88          58
         153          40          90
         154          90          12
         155          12          40
         156          75          50
         157          50          91
         158          91          75
         159          78          88
         160          75          88
         161          78          75
         162          32          92
         163          92          91
         164          91          32
         165          74          93
         166          93          42
         167          58          42
         168           2          41
         169          41          85
         170          85           2
         171          93          90
         172          40          93
         173          94           3
         174           1          94
         175          47          38
         176          37          47
         177          85          38
         178          47          85
         179          84          95
         180          95          86
         181          54          84
         182          41          55
         183          11          40
         184          41          11
         185          11          55
         186          10          96
         187          96          54
         188          36          96
         189          54          95
         190          97          12
         191          12          53
         192          53          97
         193          53          90
         194          90           4
         195           4          53
         196          52          97
         197          97          36
         198          14          43
         199          43          15
         200           6          98
         201          98          52
         202          99          19
         203          19          61
         204          61          99
         205           5          15
         206          43          98
         207         100         101
         208         101          24
         209          24         100
         210           5          26
         211          90          27
         212          93          27
         213          93          28
         214          28          22
         215          65          61
         216          13          99
         217          99          14
         218         101          51
         219         100         102
         220         102         101
         221          62          65
         222          65          17
         223          17          62
         224          21          66
         225          19          13
         226          17          66
         227          70          17
         228          62          16
         229          16          60
         230         103          60
         231          16         103
         232          70          69
         233           8          71
         234          71          69
         235          18         103
         236          68           7
         237           7          67
         238           9          67
         239          21         104
         240         104          68
         241         102          72
         242          20         102
         243          25         102
         244          72         104
         245          30          92
         246          92          56
         247          92          29
         248          29          91
         249          30          22
         250          73          63
         251          25         101
         252          64         100
         253          26         101
         254          78          50
         255          76         106
         256         106         105
         257         105          76
         258         105          78
         259          33         106
         260         106          31
         261          76         107
         262         107         106
         263         108          76
         264         107         108
         265          33         105
         266          50         105
