       4387       2725       1656         32         17          2          1          1          0          0          0          0          0          0          0          0          0          0
 local to global mapping:
         165
           1          33
           2         141
           3         209
           4         213
           5         217
           6         219
           7         224
           8         246
           9         588
          10         598
          11         599
          12         614
          13         615
          14         619
          15         621
          16         622
          17         623
          18         624
          19         625
          20         626
          21         628
          22         629
          23         634
          24         635
          25         636
          26         637
          27         638
          28         639
          29         640
          30         642
          31         643
          32         644
          33         645
          34         646
          35         647
          36         648
          37         649
          38         650
          39         652
          40         653
          41         654
          42         655
          43         656
          44         657
          45         658
          46         659
          47         662
          48         664
          49         665
          50         667
          51         872
          52         874
          53        1027
          54        1717
          55        1747
          56        1748
          57        2185
          58        2186
          59        2335
          60        2336
          61        2337
          62        2338
          63        2339
          64        2340
          65        2346
          66        2347
          67        2348
          68        2349
          69        2350
          70        2351
          71        2352
          72        2353
          73        2354
          74        2355
          75        2356
          76        2357
          77        2358
          78        2359
          79        2360
          80        2362
          81        2363
          82        2364
          83        2365
          84        2380
          85        2381
          86        2382
          87        2383
          88        2384
          89        2385
          90        2386
          91        2387
          92        2389
          93        2411
          94        2414
          95        2415
          96        2416
          97        2417
          98        2418
          99        2419
         100        2420
         101        2421
         102        2422
         103        2423
         104        2424
         105        2425
         106        2426
         107        2427
         108        2428
         109        2429
         110        2430
         111        2431
         112        2432
         113        2433
         114        2434
         115        2435
         116        2436
         117        2437
         118        2438
         119        2440
         120        2441
         121        2442
         122        2449
         123        2451
         124        2452
         125        2453
         126        2454
         127        2455
         128        2458
         129        2495
         130        2498
         131        2499
         132        2500
         133        2501
         134        2502
         135        2503
         136        2504
         137        2506
         138        2512
         139        2513
         140        2514
         141        2515
         142        2516
         143        2517
         144        2518
         145        2519
         146        2520
         147        2521
         148        2522
         149        2523
         150        2524
         151        2525
         152        2526
         153        2527
         154        2528
         155        2530
         156        2531
         157        2540
         158        2541
         159        2542
         160        2543
         161        2544
         162        2545
         163        2546
         164        2547
         165        2552
         116
           1        1317
           2        1355
           3        1354
           4        1118
           5        1116
           6        1182
           7        1493
           8        1448
           9        1449
          10        1450
          11        1351
          12        1352
          13        1397
          14        1356
          15        1318
          16        1396
          17        1445
          18        1312
          19        1350
          20        1338
          21        1265
          22        1266
          23        1299
          24        1177
          25        1179
          26        1226
          27        1229
          28        1225
          29        1178
          30        1227
          31        1181
          32        1376
          33        1419
          34        1300
          35        1270
          36        1267
          37        1230
          38        1302
          39        1334
          40        1333
          41        1269
          42        1180
          43        1330
          44        1296
          45        1298
          46        1331
          47        1263
          48        1502
          49        1503
          50        1533
          51        1418
          52        1372
          53        1373
          54        1371
          55        1233
          56        1271
          57        1268
          58        1417
          59        1332
          60        1313
          61        1398
          62        1463
          63        1374
          64        1316
          65        1353
          66        1315
          67        1399
          68        1401
          69        1314
          70        1491
          71        1447
          72        1492
          73        1446
          74        1400
          75        1526
          76        1527
          77        1403
          78        1284
          79        1335
          80        1375
          81        1336
          82        1117
          83        1050
          84        1048
          85        1174
          86        1224
          87        1175
          88        1111
          89        1176
          90        1110
          91        1109
          92        1112
          93        1223
          94        1264
          95        1301
          96        1049
          97        1115
          98         989
          99        1113
         100        1114
         101        1228
         102        1237
         103        1276
         104        1236
         105        1306
         106        1305
         107        1274
         108        1185
         109        1297
         110        1416
         111        1370
         112        1461
         113        1460
         114        1462
         115        1283
         116        1402
         280
           1          95
           2          96
           3          97
           4         405
           5         406
           6         407
           7         581
           8         582
           9         583
          10         592
          11         593
          12         601
          13         602
          14         603
          15         607
          16         608
          17         609
          18         621
          19         622
          20         623
          21         677
          22         678
          23         679
          24        1524
          25        1525
          26        1526
          27        1552
          28        1553
          29        1554
          30        1555
          31        1556
          32        1557
          33        1590
          34        1591
          35        1592
          36        1593
          37        1594
          38        1603
          39        1604
          40        1605
          41        1607
          42        1608
          43        1609
          44        1610
          45        1611
          46        1612
          47        1613
          48        1614
          49        1615
          50        1616
          51        1617
          52        1618
          53        1619
          54        1620
          55        1621
          56        1622
          57        1625
          58        1626
          59        1627
          60        1628
          61        1629
          62        1638
          63         471
          64        1639
          65        1640
          66        1641
          67        1642
          68        1643
          69        1644
          70        1645
          71        1646
          72        1647
          73        1648
          74        1649
          75        1650
          76        1651
          77        1652
          78        1653
          79        1654
          80        1658
          81        1659
          82        1660
          83        1661
          84        1662
          85        1663
          86        1664
          87        1665
          88        1666
          89        1667
          90        1668
          91        1669
          92        1670
          93        1671
          94        1672
          95        1673
          96        1674
          97        1675
          98        1676
          99        1677
         100        1678
         101        1679
         102        1683
         103        1684
         104        1685
         105        1686
         106        1687
         107        1688
         108        1689
         109        1690
         110        1691
         111        1692
         112        1693
         113        1694
         114        1695
         115        1696
         116        1697
         117        1698
         118        1699
         119        1706
         120        1707
         121         453
         122        1710
         123        1711
         124        1712
         125        1713
         126        1681
         127        1717
         128         629
         129        2037
         130        2040
         131        2234
         132        2235
         133        2236
         134        3144
         135        3145
         136        3146
         137        3187
         138        3188
         139        3189
         140        3190
         141        3191
         142        3192
         143        3694
         144        3695
         145        3696
         146        3697
         147        3698
         148        3699
         149        3901
         150        3902
         151        3903
         152        3904
         153        3905
         154        3906
         155        3907
         156        3908
         157        3909
         158        3910
         159        3918
         160        3919
         161        3920
         162        3921
         163        3922
         164        3923
         165        3924
         166        3925
         167        3926
         168        3927
         169        3928
         170        3929
         171        3930
         172        3931
         173        3932
         174        3933
         175        3934
         176        3935
         177        3936
         178        3940
         179        3941
         180        3942
         181        3943
         182        3944
         183        3945
         184        3962
         185        3963
         186        3964
         187        3965
         188        3966
         189        3967
         190        3968
         191        3969
         192        3970
         193        3971
         194        3974
         195        3975
         196        3976
         197        4005
         198        4006
         199        4007
         200        4009
         201        4010
         202        4011
         203        4012
         204        4013
         205        4014
         206        4015
         207        4016
         208        4017
         209        4018
         210        4019
         211        4020
         212        4021
         213        4022
         214        4023
         215        4024
         216        4025
         217        4026
         218        4027
         219        4028
         220        4029
         221        4030
         222        4031
         223        4032
         224        4033
         225        4034
         226        4035
         227        4036
         228        4037
         229        4038
         230        4039
         231        4040
         232        4044
         233        4045
         234        4051
         235        4052
         236        4053
         237        4055
         238        4056
         239        4057
         240        4041
         241        4058
         242        4061
         243        4060
         244        4062
         245        4111
         246        4112
         247         150
         248        4113
         249        4114
         250        4115
         251        4116
         252        4117
         253        4118
         254        4119
         255        4120
         256        4121
         257        4123
         258        4124
         259         160
         260        4127
         261        4128
         262        4129
         263        2038
         264        4130
         265        4131
         266        4132
         267        4133
         268        4134
         269        4135
         270        4136
         271        4137
         272        4138
         273        1701
         274        4152
         275        4153
         276        4154
         277        4155
         278        4156
         279        2025
         280        1682
 Header:
       2000          2          1           0.00           0.00
        48  0.9000000E+03      3     32     12    0.99999998E-02    0.20000000E+03    0.10000000E+02    0.00000000E+00    0.99999997E-04   2
  -1800.00000    
  -1600.00000    
  -1400.00000    
  -1200.00000    
  -1000.00000    
  -800.000000    
  -600.000000    
  -400.000000    
  -300.000000    
  -260.000000    
  -230.000000    
  -1.00000000    
 -0.949999988    
 -0.899999976    
 -0.850000024    
 -0.800000012    
 -0.750000000    
 -0.699999988    
 -0.649999976    
 -0.600000024    
 -0.550000012    
 -0.500000000    
 -0.449999988    
 -0.400000006    
 -0.349999994    
 -0.300000012    
 -0.250000000    
 -0.200000003    
 -0.150000006    
 -0.100000001    
  -5.00000007E-02
   0.00000000    
         116         165
   34.706959634599997        27.882607336200000        285.708740               9
   34.716321684100002        27.858188532400000        559.903503               7
   34.732757091400003        27.878708881200005        272.839630               9
   34.811008295699999        28.090527825999999        5.00000000              12
   34.805993071499998        28.097919507499999        54.3341599              12
   34.802429405700003        28.087537975000000        35.0707397              12
   34.836685169900001        27.814307804199995        640.488098               6
   34.785688841999999        27.840616742499996        542.417480               7
   34.775413029500008        27.777374470100003        617.264832               6
   34.832953159099993        27.750681213200000        810.928467               5
   34.748006500099997        27.939209540699999        38.4407883              12
   34.746260704500003        27.920716623499999        8.22904587              12
   34.769080183200003        27.931663411199999        9.44942379              12
   34.692120613699991        27.841617949100002        752.791870               6
   34.686419178900003        27.868748976500001        634.134277               6
   34.767401884700000        27.956979576399998        20.6827908              12
   34.796891175100001        27.947990457600000        38.4379425              12
   34.720025581800002        27.953389746199999        25.3721237              12
   34.742764981900002        27.956398401699996        53.4727631              12
   34.732114611999997        27.971369256100001        20.2438641              12
   34.831461839699998        28.073795949199997        48.0768318              12
   34.822383748299998        28.076354715400001        33.3799706              12
   34.821683986700009        28.065458463300001        36.4620438              12
   34.783725883400002        28.089431043900003        37.9229889              12
   34.773943127599999        28.083200910000002        35.1916466              12
   34.785733350000001        28.081727283500001        69.8797760              12
   34.817362852199999        28.083804560199997        9.91121960              12
   34.827248080499999        28.083399809400003        25.6794682              12
   34.763724478599997        28.079329598499996        10.3117008              12
   34.770242052999997        28.074741311599997        22.3877869              12
   34.792923666900002        28.089031813199998        84.0015488              12
   34.754063801299999        27.978116970599999        13.2579546              12
   34.788617384299997        27.981852579200005        11.4954844              12
   34.790217007499990        28.062239945100000        14.1870899              12
   34.797798151800002        28.071077946999996        15.7506065              12
   34.788210785799997        28.073722325799999        41.4861488              12
   34.797321772399997        28.080357089499998        38.3602753              12
   34.781585880199998        28.050483849300004        8.25187302              12
   34.784043516700002        28.034209928200003        15.4799757              12
   34.797397309899992        28.048515162799998        18.8251038              12
   34.811843100600001        28.076250572199999        7.37702322              12
   34.824960592300002        28.092698856399998        5.96610069              12
   34.848200729100000        28.060662410700001        117.243286              12
   34.843577725699994        28.073364872399999        33.7347488              12
   34.835847764999997        28.064959604900000        68.7873611              12
   34.832920037199997        28.052445302199999        66.3320770              12
   34.835926520999998        28.081044715899999        24.8346367              12
   34.902045120600008        27.989533178199999        175.991837              12
   34.872081121999997        27.953689072999996        70.0021362              12
   34.928138338799997        27.951123311500002        56.5881462              12
   34.820310588699996        28.003782350200005        11.2317352              12
   34.828752395700000        28.032383359400001        25.8925896              12
   34.805526724600000        28.029615596999996        14.8757133              12
   34.848640047799996        28.043603310400005        154.955246              12
   34.770788334400009        28.066822221499997        8.82837296              12
   34.778558411299997        28.060983518700002        7.35375166              12
   34.779682731600005        28.069404149699999        30.8131638              12
   34.850599285300000        28.020347240199996        81.6474228              12
   34.815511447399999        28.048913106499995        31.5562057              12
   34.730217005699998        27.940915295699998        35.2540779              12
   34.767215656799998        27.906529239699999        104.977180              12
   34.827904443299992        27.966614166399999        114.988152              12
   34.787620669100008        28.011536147299999        9.00183678              12
   34.721288880499991        27.896559202500001        52.5887833              12
   34.742678370900002        27.899591841300001        78.2285538              12
   34.728670984600001        27.914421561200005        5.00000000              12
   34.762882540800000        27.878808889900000        337.693665               8
   34.729503716899998        27.816413638200000        629.585754               6
   34.738533369300001        27.927986690100003        11.6024828              12
   34.832653787900000        27.921329323899997        61.6118736              12
   34.797927788999999        27.888130510200000        246.674988              10
   34.840314264100002        27.869211014000001        352.808960               8
   34.793339554399999        27.919042996900004        48.6921921              12
   34.746312271100003        27.854011636900001        491.390259               7
   34.889687043199999        27.906481596899997        160.100311              12
   34.899393388100009        27.849592312499997        590.038452               7
   34.783200469299999        27.700009522199998        871.616821               5
   34.701198798800000        27.901540012500003        29.0964508              12
   34.738443521400001        28.018953171300002        39.2673073              12
   34.759793566999996        28.001242268100004        8.63953400              12
   34.764434756900002        28.023281191000002        15.9588814              12
   34.797793118800001        28.095660771999995        73.9738312              12
   34.815066844299999        28.100652072399996        51.4423637              12
   34.808800183599999        28.108578800699998        41.5425301              12
   34.832493137500002        28.100745549300001        25.0505886              12
   34.841970542699997        28.096405428199997        49.7400818              12
   34.841627164099989        28.106134188300000        68.3325272              12
   34.849926279599991        28.112593542200003        44.1044540              12
   34.851966034999997        28.102688174499999        41.1817017              12
   34.834807812999998        28.113572649700000        14.1120405              12
   34.825320538299998        28.108237586000001        5.00000000              12
   34.860439496300003        28.109143348600000        11.9503145              12
   34.834730978400003        28.090001464499998        12.8615170              12
   34.844589423599999        28.084273252399999        6.18207121              12
   34.806457762900003        28.062681510299996        19.9153881              12
   34.798817129600003        28.105484882300001        21.6612034              12
   34.789486059200009        28.099054569400000        40.2615776              12
   34.817575452500002        28.110443667799998        45.1830330              12
   34.772151106599999        28.090062673199995        5.20957470              12
   34.762948008699993        28.087184288599996        5.00000000              12
   34.778939808600001        28.076861455299998        74.2462311              12
   34.750230485099998        28.061868352299999        9.67507839              12
   34.757390134500000        28.051185100400001        24.8416824              12
   34.761415152700003        28.062364330400001        5.00000000              12
   34.752288573999998        28.036461265199996        36.1415215              12
   34.768097612399998        28.041958486100004        14.8011751              12
   34.769492181499999        28.055717845099998        6.08192635              12
   34.761305124699994        28.069581322400001        5.00000000              12
   34.853465693099999        28.070575856799998        47.4236870              12
   34.869235463700008        28.038562213999995        209.720535              11
   34.862269098600002        28.054058338299999        230.594147              10
   34.881696195600000        28.017662611200002        184.524567              12
   34.894042623300003        28.042253903999999        182.979172              12
   34.858133453199997        27.991537880799996        101.805763              12
   34.713910444000000        27.908309895499997        5.00000000              12
   34.708095843899997        27.753355358600000        867.173218               5
           3           1           2           3
           3           4           5           6
           3           7           8           9
           3           9          10           7
           3          11          12          13
           3          14           2          15
           3          16          13          17
           3          18          19          20
           3          21          22          23
           3          24          25          26
           3          27          22          28
           3          29          30          25
           3          26          31          24
           3          32          16          33
           3          34          35          36
           3          36          37          26
           3          38          39          40
           3          23          22          41
           3          28          42          27
           3          43          44          45
           3          43          45          46
           3          44          47          21
           3          48          49          50
           3          51          52          53
           3          43          46          54
           3          55          56          57
           3          58          52          51
           3          46          23          59
           3          38          40          34
           3          32          19          16
           3          60          11          19
           3          13          12          61
           3          62          51          33
           3          63          53          39
           3          16          19          11
           3          64          65          66
           3          65           3          67
           3          14          68           2
           3           1           3          64
           3           8          68           9
           3          69          12          11
           3          70          71          72
           3          70          73          71
           3           8          74          68
           3          66          65          12
           3          65          67          61
           3          70          72          75
           3          72           7          76
           3           8          67          74
           3          10           9          77
           3          15           2           1
           3           1          64          78
           3          79          80          81
           3          82          31           6
           3          83          84           5
           3          85          86          87
           3          88          87          89
           3          90          91          85
           3          88          89          92
           3          86          85          93
           3          94          93          47
           3          85          87          90
           3          94          86          93
           3          89          87          86
           3          94          47          44
           3          93          42          28
           3          21          28          22
           3          47          93          28
           3          44          21          45
           3          47          28          21
           3          95          23          41
           3          41          22          27
           3          96          82           5
           3          97          31          82
           3          96           5          84
           3          82           6           5
           3          42          93          85
           3          84          83          98
           3           5           4          83
           3          96          97          82
           3          97          24          31
           3          99          25          24
           3          25         100          29
           3          57          30          55
           3          25         101          26
           3          57         101          30
           3          30         101          25
           3          57          36         101
           3          37          31          26
           3          31          37           6
           3          26         101          36
           3         102         103         104
           3         105         106         103
           3         107         104         103
           3          81         106         105
           3          38         107         106
           3          79          81         105
           3          81          39         106
           3          63          39          81
           3          53          59          40
           3          32          33          80
           3          34          95          35
           3          52          59          53
           3          46          45          23
           3          53          40          39
           3          59          95          40
           3         107          38          56
           3         106          39          38
           3          55         107          56
           3         103         106         107
           3         108          55          30
           3         104         107          55
           3          56          34          57
           3          35          37          36
           3          57          34          36
           3          95          41          35
           3          38          34          56
           3          40          95          34
           3         109          44          43
           3          59          23          95
           3          45          21          23
           3          54         110         111
           3          52          46          59
           3          52          54          46
           3          58          54          52
           3         111          43          54
           3          58         110          54
           3         110         112         113
           3          49          48         114
           3         112         114          48
           3          13          73          17
           3          51          53          63
           3          17          62          33
           3         114          58          51
           3         112          58         114
           3         112         110          58
           3          80          33          63
           3          20          19          32
           3          80          63          81
           3          33          51          63
           3          69          11          60
           3          60          19          18
           3         115          64          66
           3          12          65          61
           3          64           3          65
           3          11          13          16
           3          61          71          73
           3          62          17          70
           3          13          61          73
           3          70          17          73
           3          33          16          17
           3         114          62          49
           3         114          51          62
           3          75          50          49
           3          49          70          75
           3          49          62          70
           3          75          72          76
           3          71           8          72
           3          61          67          71
           3           3           2          74
           3           3          74          67
           3           2          68          74
           3          72           8           7
           3          71          67           8
           3         116           9          68
           1           2           3
           2           3           1
           3           1           2
           4           5           6
           5           6           4
           6           4           5
           7           8           9
           8           9           7
           9           7           8
          10          10           7
          11           9          10
          12          12          13
          13          13          11
          14          11          12
          15           2          15
          16          15          14
          17          14           2
          18          13          17
          19          17          16
          20          16          13
          21          19          20
          22          20          18
          23          18          19
          24          22          23
          25          23          21
          26          21          22
          27          25          26
          28          26          24
          29          24          25
          30          22          28
          31          28          27
          32          27          22
          33          30          25
          34          25          29
          35          29          30
          36          31          24
          37          26          31
          38          16          33
          39          33          32
          40          32          16
          41          35          36
          42          36          34
          43          34          35
          44          37          26
          45          26          36
          46          36          37
          47          39          40
          48          40          38
          49          38          39
          50          22          41
          51          41          23
          52          42          27
          53          28          42
          54          44          45
          55          45          43
          56          43          44
          57          45          46
          58          46          43
          59          47          21
          60          21          44
          61          44          47
          62          49          50
          63          48          50
          64          48          49
          65          52          53
          66          53          51
          67          51          52
          68          46          54
          69          54          43
          70          56          57
          71          57          55
          72          55          56
          73          51          58
          74          58          52
          75          23          59
          76          59          46
          77          46          23
          78          40          34
          79          34          38
          80          19          16
          81          32          19
          82          11          19
          83          19          60
          84          60          11
          85          12          61
          86          61          13
          87          51          33
          88          33          62
          89          62          51
          90          53          39
          91          39          63
          92          63          53
          93          11          16
          94          65          66
          95          66          64
          96          64          65
          97           3          67
          98          67          65
          99          65           3
         100          68           2
         101          14          68
         102           3          64
         103          64           1
         104          68           9
         105           8          68
         106          11          69
         107          69          12
         108          71          72
         109          72          70
         110          70          71
         111          73          71
         112          70          73
         113          74          68
         114           8          74
         115          65          12
         116          12          66
         117          67          61
         118          61          65
         119          72          75
         120          75          70
         121          76           7
         122          76          72
         123          72           7
         124          67          74
         125           8          67
         126          77           9
         127          77          10
         128          15           1
         129          78          64
         130          78           1
         131          80          81
         132          81          79
         133          79          80
         134          31           6
         135           6          82
         136          82          31
         137          84           5
         138           5          83
         139          83          84
         140          86          87
         141          87          85
         142          85          86
         143          87          89
         144          89          88
         145          88          87
         146          91          85
         147          85          90
         148          90          91
         149          89          92
         150          92          88
         151          85          93
         152          93          86
         153          93          47
         154          47          94
         155          94          93
         156          87          90
         157          94          86
         158          86          89
         159          44          94
         160          28          93
         161          93          42
         162          21          28
         163          28          47
         164          21          45
         165          41          95
         166          95          23
         167          27          41
         168          82           5
         169           5          96
         170          96          82
         171          82          97
         172          97          31
         173          84          96
         174          85          42
         175          83          98
         176          98          84
         177           4          83
         178          96          97
         179          97          24
         180          24          99
         181          99          25
         182         100          29
         183          25         100
         184          30          55
         185          57          30
         186         101          26
         187          25         101
         188         101          30
         189          57         101
         190          36         101
         191          57          36
         192          37          31
         193          37           6
         194         103         104
         195         104         102
         196         102         103
         197         106         103
         198         103         105
         199         105         106
         200         103         107
         201         107         104
         202         105          81
         203          81         106
         204         107         106
         205         106          38
         206          38         107
         207         105          79
         208          39         106
         209          81          39
         210          81          63
         211          59          40
         212          40          53
         213          53          59
         214          33          80
         215          80          32
         216          95          35
         217          34          95
         218          52          59
         219          45          23
         220          95          40
         221          59          95
         222          38          56
         223          56         107
         224          55         107
         225          30         108
         226         108          55
         227          55         104
         228          34          57
         229          56          34
         230          35          37
         231          41          35
         232          43         109
         233         109          44
         234         110         111
         235         111          54
         236          54         110
         237          52          46
         238          52          54
         239          58          54
         240          43         111
         241          58         110
         242         112         113
         243         110         113
         244         110         112
         245          48         114
         246         114          49
         247         112          48
         248         112         114
         249          73          17
         250          13          73
         251          63          51
         252          33          17
         253          17          62
         254          51         114
         255         114          58
         256         112          58
         257          33          63
         258          63          80
         259          20          32
         260          60          69
         261          18          60
         262          66         115
         263          64         115
         264          73          61
         265          61          71
         266          17          70
         267          70          62
         268          62          49
         269         114          62
         270          49          75
         271          75          50
         272          49          70
         273          75          76
         274           8          72
         275          71           8
         276          67          71
         277           2          74
         278          74           3
         279         116          68
         280           9         116
