       4387       2725       1656         32         17          2          1          1          0          0          0          0          0          0          0          0          0          0
 local to global mapping:
         165
           1           9
           2          38
           3          40
           4         167
           5         168
           6         171
           7         172
           8         178
           9         180
          10         181
          11         196
          12         199
          13         567
          14         578
          15         675
          16         683
          17         685
          18         688
          19         689
          20         691
          21         692
          22         693
          23         694
          24         698
          25         699
          26         707
          27         708
          28         709
          29         715
          30         716
          31         718
          32         730
          33         739
          34         740
          35         742
          36         743
          37         744
          38         746
          39         747
          40         748
          41         751
          42         752
          43         778
          44         780
          45         788
          46         789
          47         790
          48         791
          49         792
          50         793
          51         794
          52         795
          53         796
          54         797
          55         798
          56         799
          57         800
          58         801
          59         802
          60         803
          61         804
          62         805
          63         806
          64         807
          65         808
          66         809
          67         810
          68        2249
          69        2463
          70        2464
          71        2465
          72        2466
          73        2469
          74        2471
          75        2617
          76        2620
          77        2621
          78        2622
          79        2623
          80        2624
          81        2625
          82        2626
          83        2627
          84        2628
          85        2629
          86        2630
          87        2631
          88        2632
          89        2633
          90        2635
          91        2636
          92        2637
          93        2638
          94        2639
          95        2640
          96        2641
          97        2642
          98        2643
          99        2644
         100        2645
         101        2646
         102        2651
         103        2652
         104        2653
         105        2654
         106        2656
         107        2657
         108        2658
         109        2659
         110        2660
         111        2661
         112        2662
         113        2663
         114        2664
         115        2665
         116        2666
         117        2667
         118        2668
         119        2669
         120        2670
         121        2671
         122        2672
         123        2673
         124        2674
         125        2675
         126        2676
         127        2677
         128        2678
         129        2679
         130        2680
         131        2681
         132        2682
         133        2683
         134        2684
         135        2685
         136        2686
         137        2687
         138        2688
         139        2689
         140        2690
         141        2691
         142        2692
         143        2693
         144        2694
         145        2695
         146        2696
         147        2697
         148        2698
         149        2699
         150        2700
         151        2701
         152        2702
         153        2703
         154        2704
         155        2705
         156        2706
         157        2707
         158        2708
         159        2709
         160        2710
         161        2711
         162        2712
         163        2715
         164        2716
         165        2725
         116
           1        1104
           2        1103
           3        1041
           4        1042
           5        1222
           6        1221
           7        1171
           8        1348
           9        1392
          10        1390
          11        1433
          12        1388
          13        1384
          14        1047
          15        1107
          16        1044
          17        1095
          18        1040
          19        1030
          20        1031
          21        1170
          22        1165
          23        1045
          24        1347
          25        1391
          26        1610
          27        1615
          28        1607
          29        1598
          30        1594
          31        1583
          32        1566
          33        1562
          34        1442
          35        1487
          36        1441
          37        1472
          38        1652
          39        1393
          40        1394
          41        1475
          42        1344
          43        1427
          44        1426
          45        1474
          46        1438
          47        1440
          48        1521
          49        1519
          50        1546
          51        1439
          52        1172
          53        1105
          54        1108
          55         982
          56         980
          57         918
          58         919
          59        1106
          60        1043
          61         983
          62         867
          63         866
          64         823
          65         966
          66         981
          67         965
          68         865
          69         905
          70         920
          71        1218
          72        1173
          73        1262
          74        1586
          75        1587
          76        1599
          77        1597
          78        1585
          79        1596
          80        1608
          81        1511
          82        1567
          83        1485
          84        1545
          85        1434
          86        1518
          87        1541
          88        1482
          89        1563
          90        1512
          91        1473
          92        1595
          93        1581
          94        1582
          95        1517
          96        1561
          97        1548
          98        1568
          99        1522
         100        1540
         101        1580
         102        1569
         103        1549
         104        1488
         105        1481
         106        1425
         107        1489
         108        1443
         109        1523
         110        1349
         111        1340
         112        1346
         113        1480
         114        1310
         115        1311
         116        1486
         280
           1          25
           2          26
           3          27
           4         110
           5         111
           6         115
           7         116
           8         117
           9         479
          10         480
          11         481
          12         482
          13         483
          14         484
          15         491
          16         492
          17         493
          18         494
          19         495
          20         496
          21         510
          22         511
          23         515
          24         516
          25         517
          26         518
          27         519
          28         551
          29         552
          30         555
          31         556
          32        1466
          33        1467
          34        1468
          35        1497
          36        1498
          37        1499
          38        1737
          39        1738
          40        1739
          41        1754
          42        1755
          43        1756
          44        1760
          45        1761
          46        1762
          47        1769
          48        1770
          49        1771
          50        1772
          51        1773
          52        1777
          53        1778
          54        1779
          55        1780
          56        1781
          57        1782
          58        1783
          59        1784
          60        1785
          61        1786
          62        1795
          63        1796
          64        1797
          65        1798
          66        1799
          67        1791
          68        1813
          69        1814
          70        1815
          71        1812
          72        1816
          73        1817
          74        1818
          75        1826
          76        1827
          77        1828
          78        1829
          79        1830
          80        1834
          81        1835
          82        1836
          83        1854
          84        1832
          85        1855
          86        1869
          87        1870
          88        1871
          89        1872
          90        1875
          91        1876
          92        1877
          93        1878
          94        1879
          95        1880
          96        1881
          97        1882
          98        1884
          99        1883
         100        1885
         101        1886
         102        1889
         103        1890
         104        1891
         105        1933
         106        1934
         107         523
         108        1940
         109        1941
         110        1942
         111        1943
         112        1944
         113        1945
         114        1946
         115        1947
         116        1948
         117        1949
         118        1950
         119        1951
         120        1952
         121        1953
         122        1954
         123        1955
         124        1956
         125        1957
         126        1958
         127        1959
         128        1960
         129        1961
         130        1962
         131        1963
         132        1964
         133        3790
         134        3791
         135        3792
         136        4067
         137        4068
         138        4069
         139        4070
         140        1752
         141        4071
         142        4072
         143        4073
         144        4074
         145        4075
         146        1703
         147        4080
         148        4081
         149        4083
         150        4243
         151        4244
         152        4246
         153        4247
         154        4248
         155        4249
         156        4250
         157        4251
         158        4252
         159        4253
         160        4254
         161        4255
         162        4256
         163        4257
         164        4258
         165        4259
         166        4260
         167        4261
         168        4262
         169        4263
         170        4264
         171        4265
         172        4266
         173        4267
         174        4268
         175        4269
         176        4270
         177        4271
         178        4272
         179        4273
         180        4274
         181        4275
         182        4276
         183        4277
         184        1725
         185        4278
         186        4279
         187        4280
         188        4281
         189        4282
         190        4283
         191        4284
         192        4285
         193        4286
         194        4287
         195        4288
         196        4289
         197        4290
         198        4291
         199        4292
         200        4298
         201        4299
         202        4300
         203        4301
         204        4302
         205        4303
         206        4304
         207        4305
         208        4306
         209        4307
         210        4308
         211        4309
         212        4310
         213        4311
         214        4312
         215        4313
         216        4314
         217        4315
         218        4316
         219        4317
         220        4318
         221        4319
         222        4320
         223        4321
         224        4322
         225        4323
         226        4324
         227        4325
         228        4326
         229        4327
         230        4328
         231        4329
         232        4330
         233        4331
         234        4332
         235        4333
         236        4334
         237        4335
         238        4336
         239        4337
         240        4338
         241        4339
         242        4340
         243        4341
         244        4342
         245        4343
         246        4344
         247        4345
         248        4346
         249        4347
         250        4348
         251        4349
         252        4350
         253        4351
         254        4352
         255        4353
         256        4354
         257        4355
         258        4356
         259        4357
         260        4358
         261        4359
         262        4360
         263        4361
         264        4362
         265        4363
         266        4364
         267        4365
         268        4366
         269        4367
         270        4368
         271        4369
         272        4370
         273        4371
         274        4372
         275        4373
         276        4374
         277        4375
         278        1792
         279        4242
         280        4387
 Header:
       2000          2          1           0.00           0.00
        48  0.9000000E+03      3     32     12    0.99999998E-02    0.20000000E+03    0.10000000E+02    0.00000000E+00    0.99999997E-04   2
  -1800.00000    
  -1600.00000    
  -1400.00000    
  -1200.00000    
  -1000.00000    
  -800.000000    
  -600.000000    
  -400.000000    
  -300.000000    
  -260.000000    
  -230.000000    
  -1.00000000    
 -0.949999988    
 -0.899999976    
 -0.850000024    
 -0.800000012    
 -0.750000000    
 -0.699999988    
 -0.649999976    
 -0.600000024    
 -0.550000012    
 -0.500000000    
 -0.449999988    
 -0.400000006    
 -0.349999994    
 -0.300000012    
 -0.250000000    
 -0.200000003    
 -0.150000006    
 -0.100000001    
  -5.00000007E-02
   0.00000000    
         116         165
   34.286962255500001        27.751883028799998        1175.27649               4
   34.291501087699999        27.769561891700000        1258.07385               3
   34.273170555999997        27.763237730099998        676.290955               6
   34.266726294900003        27.750858959799999        386.169067               8
   34.307139698900002        27.700000715599998        1077.18530               4
   34.335186880700000        27.733154523000000        1064.36182               4
   34.300499423000005        27.732180634599995        1141.71216               4
   35.300113754800002        27.882808301600004        8.42423344              12
   35.275615855099993        27.871227272399995        30.4786644              12
   35.300088631599998        27.847709677200005        17.5232201              12
   35.246773095700000        27.920307933200000        114.808800              12
   35.262504458499997        27.915458245100005        83.5054169              12
   35.258529807000002        27.930470718700001        49.7716293              12
   34.243639499399997        27.711767754500002        493.828033               7
   34.258595288400002        27.714653047100001        495.666107               7
   34.244537532499997        27.723021072200005        209.439896              11
   34.286700945899995        27.785677602200000        1080.46960               4
   34.274338495000002        27.775957671200000        633.405518               6
   34.271373059200002        27.787734952099999        456.191742               7
   34.277982271900001        27.801385777200000        689.316650               6
   34.312153504599998        27.757214264500000        1261.99316               3
   34.312489820300001        27.783765199600001        1326.20447               3
   34.253720985299999        27.727156639800000        50.6566963              12
   35.285408873300000        27.894945490200005        36.1542969              12
   35.266003993799998        27.897523482999997        111.123718              12
   35.170967379700002        27.995936854299995        5.00000000              12
   35.152498929600000        27.997482546599997        8.36044788              12
   35.163205476199998        27.983164583399997        12.4603071              12
   35.177188321400003        27.989184353300004        5.00000000              12
   35.177191910000005        27.980996220800002        6.96602726              12
   35.169130853600002        27.948697582099999        61.0971909              12
   35.168277611000001        27.926484163800001        54.2760963              12
   35.186699624500001        27.935353773099997        27.5417957              12
   35.223885345800007        27.960276538999999        5.00000000              12
   35.212465811000001        27.960142741299997        5.00000000              12
   35.218513175500000        27.952484268900001        5.30390596              12
   35.206571367099997        27.953246242900004        5.00000000              12
   35.252461201700001        27.944589728300002        16.7246132              12
   35.252731501100001        27.958530977099997        5.00051498              12
   35.242232456399996        27.953542275900002        8.56089687              12
   35.213593907200000        27.943261173499998        6.66222525              12
   35.277031345399998        27.928219589800001        12.9665527              12
   35.245134409599999        27.934381049800002        56.6576881              12
   35.238158955599999        27.944430515800004        28.5557861              12
   35.232102743799992        27.936205502000004        60.9483490              12
   35.243852514099999        27.902173133899993        159.416748              12
   35.246274540300000        27.875583132300005        83.4711151              12
   35.190969831399997        27.877478660400005        25.5834846              12
   35.202321785599999        27.901083282500004        75.8517685              12
   35.175284567799999        27.902544372000005        34.0551643              12
   35.252924525700003        27.837958299299999        22.2591228              12
   34.281170095299998        27.717598777100001        932.420471               5
   34.276961767499998        27.736951712199996        795.295837               6
   34.250465580099998        27.700002996000002        692.133545               6
   34.258217507799998        27.762333622100002        161.220749              12
   34.262220727900001        27.779654915999998        228.435226              11
   34.251388166900000        27.780609775299997        32.1762199              12
   34.253885125899998        27.774060801799997        83.6381378              12
   34.266703490099999        27.725542457300001        443.607849               7
   34.257893664700006        27.737636793400000        105.456230              12
   34.252371585399999        27.754916240299998        32.1964188              12
   34.241601904800000        27.764239416700004        12.2726488              12
   34.245463417200007        27.773409853100002        22.3179989              12
   34.237043352499995        27.773033538800000        10.3130522              12
   34.264012160800000        27.797613643300004        124.161652              12
   34.261771756599998        27.770600966400000        325.110901               8
   34.258264672999999        27.787859847000000        13.3733826              12
   34.241780059600003        27.781720199100000        5.20841646              12
   34.248753874800002        27.787380686300001        5.00000000              12
   34.250489590900003        27.767412709300004        68.8953018              12
   34.345912055699998        27.767293860900001        1031.72192               4
   34.272558346500006        27.700008474400001        923.273926               5
   34.363790990799991        27.700005197500005        1040.28760               4
   35.185804210699999        27.987866176800001        5.00000000              12
   35.193364851500000        27.991522809899998        5.00000000              12
   35.182956704699997        27.996738834500000        5.00000000              12
   35.116693425999998        27.966278459699996        115.030937              12
   35.138446018599993        27.940503270300002        85.6315765              12
   35.151067580000010        27.964142198700003        87.0051651              12
   35.142468643500003        27.981838302499998        48.6965103              12
   35.201219114099999        27.959954329399995        5.00000000              12
   35.139896311899996        27.910215011199998        43.3170929              12
   35.221731604500000        27.886112127800004        100.020386              12
   35.195345459800002        27.921564476899995        55.0613213              12
   35.236598441500000        27.927281684799997        104.316734              12
   35.213393913300003        27.928103940100002        67.1869583              12
   35.206839848300000        27.937633601300000        19.9446697              12
   35.224309209200001        27.904698409799998        149.674286              12
   35.191787077000001        27.948132491500001        8.56554222              12
   35.221272401999997        27.937659737899999        35.3176842              12
   35.225927205100000        27.945633518699999        15.3073549              12
   35.171002668400000        27.968833984200000        33.4111366              12
   35.184523295699996        27.975311116600000        5.10006571              12
   35.182817016000001        27.960019286600001        13.0849237              12
   35.214750408199997        27.915435458800001        107.895897              12
   35.193413621800005        27.974706642400001        5.00000000              12
   35.201343874999999        27.977511904400000        5.00000000              12
   35.195399831499998        27.983604594399999        5.00000000              12
   35.207617356100002        27.969178797599998        5.00000000              12
   35.197885553299990        27.968430883700005        5.00000000              12
   35.188168820700000        27.981628817000001        5.00000000              12
   35.204059622599992        27.987678047899998        5.00000000              12
   35.209903842400003        27.979342540099996        5.00000000              12
   35.217471063600009        27.966445645200004        5.00000000              12
   35.225242900799998        27.926565253300002        93.1872559              12
   35.230853578400001        27.953634860600005        8.03269768              12
   35.226205590600003        27.968382341200005        5.00000000              12
   35.236520749999997        27.963222083500003        5.00000000              12
   35.217520789600002        27.974066491900000        5.00000000              12
   35.263019449300003        27.952319136500002        5.72285223              12
   35.266982527200000        27.940194358999996        13.9802065              12
   35.283703022700003        27.914707021099996        22.4431210              12
   35.232162605699997        27.916308191500001        146.757034              12
   35.294521650199997        27.905980148099999        12.4922142              12
   35.306057416100003        27.896135523200002        6.15282059              12
   35.215689573700004        27.856190841400004        44.4892273              12
           3           1           2           3
           3           4           1           3
           3           5           6           7
           3           8           9          10
           3          11          12          13
           3          14          15          16
           3           2          17          18
           3          18          17          19
           3          19          17          20
           3           2          21          22
           3           6          21           7
           3          15          23          16
           3          24          25           9
           3          26          27          28
           3          29          28          30
           3          31          32          33
           3          34          35          36
           3          36          35          37
           3          38          39          40
           3          37          41          36
           3          13          12          42
           3          43          44          45
           3          25          46          47
           3          48          49          50
           3          47          51           9
           3          52           7          53
           3          54          15          14
           3           4           3          55
           3          56          57          58
           3          23          15          59
           3          60           4          61
           3          62          63          64
           3          63          58          57
           3          65          19          20
           3          56          66          18
           3          67          57          56
           3          68          57          69
           3          68          63          57
           3          64          63          68
           3          62          70          63
           3          70          58          63
           3          55           3          66
           3          71          21           6
           3          17           2          22
           3          67          19          65
           3          69          57          67
           3          67          56          19
           3          66           3          18
           3          56          18          19
           3           3           2          18
           3          58          66          56
           3          58          70          66
           3          70          55          66
           3          61           4          55
           3          72          15          54
           3          72          52          15
           3          53           4          60
           3          59          53          60
           3          53           1           4
           3           5           7          52
           3          52          53          59
           3           7          21           1
           3           7           1          53
           3          21           2           1
           3          15          52          59
           3          72           5          52
           3          73           6           5
           3          74          75          76
           3          29          30          74
           3          77          78          79
           3          80          79          28
           3          81          37          35
           3          32          78          82
           3          32          31          78
           3          83          49          48
           3          50          49          84
           3          85          43          45
           3          84          86          87
           3          46          88          83
           3          33          87          89
           3          90          45          91
           3          41          90          91
           3          30          92          93
           3          92          79          31
           3          94          31          89
           3          33          84          87
           3          50          84          32
           3          49          95          84
           3          82          50          32
           3          94          92          31
           3          32          84          33
           3          89          31          33
           3          79          78          31
           3          93          92          94
           3          28          79          92
           3          26          29          76
           3          96          97          98
           3          99         100          81
           3         101          74          30
           3          92          30          28
           3          93         101          30
           3          76          29          74
           3          26          28          29
           3         101          98          74
           3          99          97         100
           3          74          98          75
           3          75          98         102
           3         101          93          96
           3         102          98          97
           3         102          97         103
           3          98         101          96
           3         100          97          96
           3          81          35          99
           3         104          99          35
           3         103          97          99
           3          87          86          90
           3          86         105          90
           3          44         106          91
           3          34         107         104
           3          91          36          41
           3          34         106         108
           3          34         104          35
           3         109          99         104
           3         103          99         109
           3         109         104         107
           3          91         106          36
           3          36         106          34
           3          91          45          44
           3          43          13          38
           3          40         106          44
           3          34         108         107
           3         106          40         108
           3          38          40          44
           3          39         108          40
           3          43          38          44
           3         110          39          38
           3          42         111          13
           3         110          38         111
           3          90         105          45
           3          12         112          42
           3          95         113         105
           3          11          46          12
           3          38          13         111
           3          43          85          11
           3         112          25          24
           3         114          24         115
           3           8          24           9
           3         114         112          24
           3          43          11          13
           3          25         112          12
           3         113          11          85
           3         113          46          11
           3         105         113          85
           3          46          83          47
           3          45         105          85
           3          86          95         105
           3          84          95          86
           3          49          83          88
           3          95          88         113
           3          95          49          88
           3          12          46          25
           3         113          88          46
           3          25          47           9
           3          83         116          47
           3         115          24           8
           1           2           3
           2           3           1
           3           1           2
           4           3           4
           5           4           1
           6           6           7
           7           7           5
           8           5           6
           9           9          10
          10          10           8
          11           8           9
          12          12          13
          13          13          11
          14          11          12
          15          15          16
          16          16          14
          17          14          15
          18          17          18
          19          18           2
          20           2          17
          21          17          19
          22          19          18
          23          17          20
          24          20          19
          25          21          22
          26          22           2
          27           2          21
          28          21           7
          29           6          21
          30          23          16
          31          15          23
          32          25           9
          33           9          24
          34          24          25
          35          27          28
          36          28          26
          37          26          27
          38          28          30
          39          30          29
          40          29          28
          41          32          33
          42          33          31
          43          31          32
          44          35          36
          45          36          34
          46          34          35
          47          35          37
          48          37          36
          49          39          40
          50          40          38
          51          38          39
          52          41          36
          53          37          41
          54          12          42
          55          42          13
          56          44          45
          57          45          43
          58          43          44
          59          46          47
          60          47          25
          61          25          46
          62          49          50
          63          50          48
          64          48          49
          65          51           9
          66           9          47
          67          51          47
          68           7          53
          69          53          52
          70          52           7
          71          54          14
          72          54          15
          73           3          55
          74          55           4
          75          57          58
          76          58          56
          77          56          57
          78          15          59
          79          59          23
          80           4          61
          81          61          60
          82          60           4
          83          63          64
          84          62          64
          85          62          63
          86          57          63
          87          63          58
          88          20          65
          89          65          19
          90          66          18
          91          18          56
          92          56          66
          93          56          67
          94          67          57
          95          57          69
          96          69          68
          97          68          57
          98          68          63
          99          64          68
         100          70          63
         101          62          70
         102          70          58
         103           3          66
         104          66          55
         105           6          71
         106          71          21
         107          17          22
         108          65          67
         109          67          19
         110          67          69
         111          56          19
         112           3          18
         113          58          66
         114          70          66
         115          70          55
         116          55          61
         117          54          72
         118          72          15
         119          52          15
         120          72          52
         121          60          53
         122          53           4
         123          60          59
         124          59          53
         125          53           1
         126          52           5
         127          59          52
         128          21           1
         129           1           7
         130          72           5
         131           5          73
         132          73           6
         133          75          76
         134          76          74
         135          74          75
         136          30          74
         137          74          29
         138          78          79
         139          79          77
         140          78          77
         141          79          28
         142          28          80
         143          80          79
         144          35          81
         145          81          37
         146          82          78
         147          82          32
         148          32          78
         149          31          78
         150          83          48
         151          83          49
         152          49          84
         153          84          50
         154          45          85
         155          85          43
         156          86          87
         157          87          84
         158          84          86
         159          88          83
         160          83          46
         161          46          88
         162          87          89
         163          89          33
         164          33          87
         165          45          91
         166          91          90
         167          90          45
         168          91          41
         169          41          90
         170          92          93
         171          93          30
         172          30          92
         173          79          31
         174          31          92
         175          92          79
         176          31          89
         177          89          94
         178          94          31
         179          33          84
         180          84          32
         181          32          50
         182          95          84
         183          49          95
         184          50          82
         185          94          92
         186          94          93
         187          92          28
         188          29          76
         189          76          26
         190          26          29
         191          97          98
         192          98          96
         193          96          97
         194         100          81
         195          81          99
         196          99         100
         197          30         101
         198         101          74
         199          93         101
         200          98          74
         201         101          98
         202          97         100
         203          99          97
         204          98          75
         205          98         102
         206         102          75
         207          93          96
         208          96         101
         209          97         102
         210          97         103
         211         103         102
         212          96         100
         213          35          99
         214          35         104
         215         104          99
         216          99         103
         217          86          90
         218          90          87
         219         105          90
         220          86         105
         221         106          91
         222          91          44
         223          44         106
         224         107         104
         225         104          34
         226          34         107
         227          91          36
         228         106         108
         229         108          34
         230          34         106
         231         104         109
         232         109          99
         233         109         103
         234         107         109
         235         106          36
         236          13          38
         237          38          43
         238          43          13
         239          44          40
         240          40         106
         241         108         107
         242          40         108
         243          44          38
         244          39         108
         245          38         110
         246         110          39
         247         111          13
         248          42         111
         249          38         111
         250         111         110
         251         105          45
         252         112          42
         253          12         112
         254         113         105
         255         105          95
         256          95         113
         257          46          12
         258          11          46
         259          85          11
         260          11          43
         261          24         112
         262         112          25
         263          24         115
         264         115         114
         265         114          24
         266           8          24
         267         114         112
         268          12          25
         269          85         113
         270         113          11
         271         113          46
         272          85         105
         273          83          47
         274          86          95
         275          88          49
         276          88         113
         277          95          88
         278          47         116
         279         116          83
         280           8         115
