       4387       2725       1656         32         17          2          1          1          0          0          0          0          0          0          0          0          0          0
 local to global mapping:
         158
           1          17
           2          23
           3          32
           4          94
           5         105
           6         254
           7         263
           8         267
           9         275
          10         276
          11         281
          12         282
          13         283
          14         284
          15         295
          16         373
          17         378
          18         381
          19         382
          20         383
          21         434
          22         435
          23         438
          24         439
          25         440
          26         441
          27         442
          28         443
          29         444
          30         445
          31         446
          32         447
          33         448
          34         449
          35         459
          36         460
          37         464
          38         922
          39         960
          40         961
          41         962
          42         965
          43         966
          44        1065
          45        1085
          46        1095
          47        1100
          48        1101
          49        1102
          50        1103
          51        1104
          52        1105
          53        1106
          54        1107
          55        1108
          56        1109
          57        1110
          58        1111
          59        1112
          60        1113
          61        1114
          62        1115
          63        1116
          64        1117
          65        1118
          66        1119
          67        1120
          68        1121
          69        1123
          70        1124
          71        1125
          72        1126
          73        1133
          74        1134
          75        1135
          76        1136
          77        1397
          78        1467
          79        1468
          80        1469
          81        1471
          82        1474
          83        1475
          84        1476
          85        1477
          86        1478
          87        1479
          88        1480
          89        1481
          90        1482
          91        1483
          92        1484
          93        1485
          94        1486
          95        1487
          96        1488
          97        1489
          98        1490
          99        1491
         100        1492
         101        1493
         102        1494
         103        1495
         104        1499
         105        1510
         106        1511
         107        1514
         108        1563
         109        1567
         110        1569
         111        1573
         112        1574
         113        1575
         114        1576
         115        1580
         116        1581
         117        1617
         118        1768
         119        1769
         120        1770
         121        1771
         122        1773
         123        1774
         124        1775
         125        1776
         126        1777
         127        1779
         128        1780
         129        1787
         130        1788
         131        1789
         132        1797
         133        1800
         134        1801
         135        1802
         136        1803
         137        1804
         138        1805
         139        1806
         140        1807
         141        1812
         142        1813
         143        1814
         144        1815
         145        1816
         146        1817
         147        1818
         148        1819
         149        1822
         150        1823
         151        1824
         152        1825
         153        1826
         154        1827
         155        1828
         156        1829
         157        1834
         158        1835
         114
           1         453
           2         469
           3         454
           4         414
           5         413
           6         402
           7         468
           8         400
           9         399
          10         392
          11         406
          12         407
          13        1135
          14        1067
          15        1068
          16        1011
          17        1073
          18        1008
          19         946
          20        1010
          21         941
          22         942
          23         945
          24        1009
          25         842
          26         889
          27         888
          28         891
          29         885
          30         818
          31         791
          32         792
          33         809
          34         841
          35         811
          36         808
          37         387
          38         385
          39         384
          40         369
          41         412
          42         397
          43         401
          44         383
          45         368
          46         422
          47         409
          48         408
          49         429
          50         427
          51         416
          52         484
          53         393
          54         377
          55         464
          56         481
          57         441
          58         442
          59         423
          60         391
          61         389
          62         405
          63         452
          64         463
          65         443
          66         390
          67         421
          68         394
          69         411
          70         410
          71         359
          72         376
          73         374
          74         810
          75         944
          76         947
          77         948
          78        1012
          79        1655
          80         843
          81         890
          82         943
          83         886
          84         887
          85         840
          86         819
          87         428
          88         415
          89         465
          90         446
          91         448
          92         403
          93         388
          94         426
          95         420
          96         445
          97         404
          98         371
          99         386
         100         370
         101         380
         102         462
         103         480
         104         440
         105         396
         106         482
         107         424
         108         425
         109         395
         110         375
         111         444
         112         451
         113         500
         114         398
         270
           1          49
           2          50
           3          51
           4          66
           5          67
           6          68
           7          93
           8          94
           9         271
          10         272
          11         273
          12         301
          13         302
          14         303
          15         695
          16         696
          17         697
          18         721
          19         722
          20         723
          21         730
          22         731
          23         732
          24         752
          25         753
          26         754
          27         755
          28         756
          29         757
          30         769
          31         770
          32         771
          33         772
          34         773
          35         774
          36         775
          37         776
          38         777
          39         778
          40         779
          41         780
          42         809
          43         810
          44         991
          45         992
          46         993
          47        1000
          48        1001
          49        1002
          50        1008
          51        1009
          52        1010
          53        1011
          54        1012
          55        1013
          56        1014
          57        1015
          58        1016
          59        1143
          60        1144
          61        1145
          62        1146
          63        1147
          64        1153
          65        1154
          66        1155
          67        1156
          68        1157
          69        1158
          70        1159
          71        1160
          72        1161
          73        1162
          74        1163
          75        1164
          76        1165
          77        1166
          78        1167
          79        1168
          80        1169
          81        1170
          82        1171
          83        1172
          84        1173
          85        1174
          86        1175
          87        1176
          88        1177
          89        1178
          90        1179
          91        1180
          92        1181
          93        1182
          94        1183
          95        1184
          96        1208
          97        1209
          98        1210
          99        1211
         100        1218
         101        1219
         102        2098
         103        2099
         104        2100
         105        2141
         106        2142
         107        2143
         108        2144
         109        2145
         110        2133
         111        2146
         112        2147
         113        2149
         114        2154
         115        2291
         116        2292
         117        2293
         118        2325
         119        2326
         120        2338
         121        2339
         122        2340
         123        2347
         124        2348
         125        2349
         126        2350
         127        2351
         128        2352
         129        2353
         130        2354
         131        2355
         132        2356
         133        2357
         134        2358
         135        2359
         136        2360
         137        2361
         138        2362
         139        2363
         140        2364
         141        2365
         142        2366
         143        2367
         144        2368
         145        2369
         146        2370
         147        2371
         148        2372
         149        2373
         150        2374
         151        2376
         152        2377
         153        2378
         154        2379
         155        2380
         156        2391
         157        2392
         158        2709
         159        2795
         160        2796
         161        2797
         162        2798
         163        2799
         164        2800
         165        2801
         166        2804
         167        2805
         168        2806
         169        2807
         170         987
         171        2808
         172        2809
         173        2810
         174        2811
         175        2812
         176        2813
         177        2814
         178        2815
         179        2816
         180        2817
         181        2818
         182        2819
         183        2820
         184        2821
         185        2822
         186        2823
         187        2824
         188        2825
         189        2826
         190        2827
         191        2828
         192        2829
         193        2830
         194        2831
         195        2832
         196        2833
         197        1059
         198        2834
         199        2835
         200        2836
         201        2837
         202        2844
         203        2865
         204        2866
         205        2867
         206        2943
         207        2949
         208        2950
         209        2952
         210        2953
         211        2954
         212        2961
         213        2962
         214        2963
         215        2964
         216        2965
         217        2957
         218        2970
         219        2971
         220        2972
         221        2973
         222        3030
         223        3214
         224        3215
         225        3216
         226        3217
         227        3218
         228        3219
         229        3220
         230        3221
         231        3223
         232        3224
         233        3225
         234        3226
         235        3227
         236        3228
         237        3229
         238        3232
         239        3233
         240        3234
         241        3246
         242        3244
         243        3256
         244        3260
         245        3261
         246        3262
         247        3263
         248        3264
         249        3265
         250        3266
         251        3267
         252        3268
         253        3269
         254        3273
         255        3274
         256        3275
         257        3276
         258        3277
         259        3278
         260        3279
         261        3280
         262        3281
         263        3029
         264        2975
         265        2977
         266        3283
         267        3284
         268        3285
         269        3286
         270        2958
 Header:
       2000          2          1           0.00           0.00
        48  0.9000000E+03      3     32     12    0.99999998E-02    0.20000000E+03    0.10000000E+02    0.00000000E+00    0.99999997E-04   2
  -1800.00000    
  -1600.00000    
  -1400.00000    
  -1200.00000    
  -1000.00000    
  -800.000000    
  -600.000000    
  -400.000000    
  -300.000000    
  -260.000000    
  -230.000000    
  -1.00000000    
 -0.949999988    
 -0.899999976    
 -0.850000024    
 -0.800000012    
 -0.750000000    
 -0.699999988    
 -0.649999976    
 -0.600000024    
 -0.550000012    
 -0.500000000    
 -0.449999988    
 -0.400000006    
 -0.349999994    
 -0.300000012    
 -0.250000000    
 -0.200000003    
 -0.150000006    
 -0.100000001    
  -5.00000007E-02
   0.00000000    
         114         158
   34.783572919599997        28.648443176699995        41.2280273              12
   34.769696577900000        28.640364276100001        307.354431               8
   34.786073070199990        28.636064846899995        27.2423744              12
   34.666332913900000        28.783881387200005        677.502197               6
   34.676771422999998        28.808059261200000        636.765198               6
   34.648334141300005        28.798990626300004        368.535034               8
   34.763935172600000        28.655423940500000        438.699921               7
   34.646731450399997        28.815999192100005        282.677063               9
   34.659832606199998        28.829346976300002        403.347839               7
   34.802195777199998        28.782002164699996        515.429443               7
   34.778597061900001        28.790749769499996        1227.65796               3
   34.792134516300003        28.768854890299995        753.655457               6
   34.616948630800003        27.988244046000002        7.34628201              12
   34.600412146899998        28.003055945800003        6.35965300              12
   34.596188186500001        27.984552821499999        5.58430243              12
   34.592368517499999        27.969330160100000        5.00000000              12
   34.609270181100001        27.972799439999996        5.90812635              12
   34.578205192500000        28.011379089399998        5.70056391              12
   34.566297980499996        27.998788258099999        5.00000000              12
   34.581133779699996        27.993853833000003        5.69702101              12
   34.558716093599998        28.023031734899998        5.00000000              12
   34.559608022399999        28.008739179500001        5.00000000              12
   34.564844816100006        27.987522987400002        5.00000000              12
   34.578814659099997        27.979403700500001        5.00307846              12
   34.546300551999998        27.974678799400003        5.60346794              12
   34.556130373000002        27.979366075000002        5.00000000              12
   34.550969664299998        27.985203082100000        5.07512903              12
   34.552185891500002        28.000068412200001        5.00000000              12
   34.540948873900000        28.008664618999997        5.00000000              12
   34.512811567000000        27.977897225100001        5.00000000              12
   34.524267037200005        27.977672369399997        6.65764809              12
   34.522610060200002        27.985998193400004        5.47018623              12
   34.531647498300003        27.983242758700005        6.58223677              12
   34.541081392099997        27.983320379700004        6.99708271              12
   34.534933973100003        27.991169818199999        5.00000000              12
   34.523133601100000        27.968604355600000        5.30142546              12
   34.627186647099997        28.807071622699997        70.4447708              12
   34.625060753299998        28.819154834700001        50.8083839              12
   34.637973335399991        28.830430611200001        149.740234              12
   34.622828136400003        28.831489850100002        53.6468010              12
   34.715749643500004        28.822107130500001        1073.27100               4
   34.692635396999997        28.851935134100000        558.498291               7
   34.682240630400010        28.831568465999997        539.204102               7
   34.647618050500000        28.841185798300000        196.449509              12
   34.629467396199999        28.846169596500001        27.2394047              12
   34.765620688399999        28.742528105700000        912.349609               5
   34.785439928499997        28.733728406699999        251.491547              10
   34.788249305500003        28.750662442400003        551.788940               7
   34.664354437899995        28.747289510099996        967.341614               5
   34.676827234599997        28.764445786400000        889.925842               5
   34.646818834800001        28.762632350499999        651.998596               6
   34.746235507700000        28.635547799600001        749.769287               6
   34.813583717699998        28.769513013500003        85.8700180              12
   34.818932460799999        28.783581182399999        64.3622971              12
   34.760092991000000        28.673985914599999        572.776428               7
   34.737260712700007        28.662029584100001        1059.45557               4
   34.748661333999998        28.727597921899999        1254.35010               3
   34.753868878600002        28.707109531700002        1037.54944               4
   34.774914166099990        28.719548736600004        332.852386               8
   34.790938956600002        28.812269687400001        979.320496               5
   34.785770755900003        28.834955669599996        985.071655               5
   34.758403705500001        28.815401422200001        1549.54395               2
   34.778972220100002        28.659086636500000        31.5316963              12
   34.740154523399994        28.689138702099992        1231.14233               3
   34.765532679000003        28.689855019899998        481.882751               7
   34.804682555699998        28.796908759200001        492.387573               7
   34.764890969999996        28.766120659799999        1436.54346               2
   34.811329951499999        28.756789914500001        129.276474              12
   34.792747573299998        28.704828076399995        22.4227905              12
   34.798872414400002        28.720961027400005        11.5230103              12
   34.832420939999999        28.816587979900000        5.00000000              12
   34.815422173100004        28.809066435600002        149.994141              12
   34.826354916699998        28.796241631900003        5.34842825              12
   34.534043611600005        27.975068745100000        6.74679565              12
   34.567877101800001        27.970233873600002        5.00000000              12
   34.579627345599995        27.967735911700004        5.00000000              12
   34.592225870699998        27.959339468200003        5.00000000              12
   34.603263401800000        27.961379453399999        5.00000000              12
   34.593975269399998        28.018855183499998        5.74817944              12
   34.545027188100001        27.992230874600001        5.00000000              12
   34.554575743299999        27.992806845600001        5.00000000              12
   34.565200038500009        27.978423627100000        5.00000000              12
   34.557991191299998        27.972276460099998        5.00000000              12
   34.552559978900000        27.964571637100001        5.00000000              12
   34.536473619399999        27.965061503299999        5.00000000              12
   34.511508984700001        27.988388313200002        5.00000000              12
   34.644502020600008        28.739983655800003        892.103577               5
   34.622459435600000        28.746700710900004        178.672928              12
   34.684940138700000        28.706310695199996        1385.19519               3
   34.666691846200003        28.727500289899993        1137.57507               4
   34.656880379199997        28.709640016400002        1379.51611               3
   34.644487371399997        28.782566561399996        415.548584               7
   34.627397003500000        28.793211898400003        111.917740              12
   34.703564246600003        28.781701975499999        1210.41431               3
   34.740028213700000        28.788755250100003        1625.16321               1
   34.695635938400002        28.742004652000002        1284.30408               3
   34.626694144600002        28.775757947799999        87.2204742              12
   34.643717373500003        28.853668130500004        75.3713074              12
   34.664101393899990        28.849928810600005        334.875854               8
   34.650020619599999        28.866385087400001        67.0667496              12
   34.669279601600003        28.868576699700000        242.065964              10
   34.721715614799997        28.715756538799994        1492.65784               2
   34.711341431000001        28.680761479600001        1390.85095               3
   34.731657059500002        28.752244620200003        1511.49756               2
   34.721637553299999        28.862425815200002        802.482788               5
   34.679254672399999        28.670829411200003        1354.72327               3
   34.775007428400002        28.702414596500006        294.400299               9
   34.784729239100002        28.689636912699999        38.4191666              12
   34.803908919300000        28.735197115000002        74.3528442              12
   34.810610913399998        28.824191190499999        340.376617               8
   34.778810061199991        28.680919891599999        106.982582              12
   34.776220553100003        28.670399936199995        96.3498230              12
   34.707068962699999        28.642399349500000        1192.02478               4
   34.751317413300001        28.843153507000000        1382.05542               3
           3           1           2           3
           3           4           5           6
           3           7           2           1
           3           8           5           9
           3          10          11          12
           3          13          14          15
           3          16          17          15
           3          18          19          20
           3          21          22          18
           3          20          23          24
           3          25          26          27
           3          28          22          29
           3          30          31          32
           3          33          34          35
           3          30          36          31
           3          37           6           8
           3          38          39          40
           3          41          42          43
           3          39          44          45
           3          46          47          48
           3          49          50          51
           3           7          52           2
           3          53          54          10
           3           7          55          56
           3          57          58          59
           3          60          61          62
           3           1          63           7
           3          64          65          58
           3          10          66          11
           3          67          12          11
           3          68          53          12
           3          69          70          59
           3          68          12          48
           3          71          72          73
           3          72          66          73
           3          60          11          66
           3           9          44          39
           3          31          74          33
           3          75          76          24
           3          77          78          16
           3          20          15          14
           3          15          17          13
           3          16          78          17
           3          18          14          79
           3          22          28          19
           3          25          34          74
           3          32          33          35
           3          35          34          80
           3          81          19          28
           3          23          82          24
           3          22          19          18
           3          18          20          14
           3          75          83          84
           3          34          27          80
           3          27          23          81
           3          19          23          20
           3          19          81          23
           3          25          27          34
           3          81          80          27
           3          82          26          83
           3          23          27          26
           3          75          82          83
           3          23          26          82
           3          15          24          16
           3          15          20          24
           3          24          82          75
           3          16          24          76
           3          83          25          84
           3          84          25          85
           3          85          25          74
           3          83          26          25
           3          85          74          36
           3          86          30          32
           3          36          74          31
           3          31          33          32
           3          74          34          33
           3          39           8           9
           3          87          51          88
           3          89          90          91
           3          67          48          12
           3          92           6          93
           3          90          49          87
           3          41          94          95
           3          87          49          51
           3          90          89          96
           3          51          50           4
           3          49          90          96
           3           6           5           8
           3          62          11          60
           3          92           4           6
           3          50          94           4
           3          97          92          93
           3          51           4          92
           3          51          97          88
           3          51          92          97
           3          93           6          37
           3          37           8          38
           3          98          45          44
           3          38           8          39
           3          43          42          99
           3         100          99         101
           3           9          99          44
           3          39          45          40
           3          44          99          98
           3          98          99         100
           3           9           5          43
           3           9          43          99
           3          99          42         101
           3          94          41           5
           3         102          89         103
           3         104          67          95
           3          50          49          96
           3           4          94           5
           3          50          96          94
           3         105          42          41
           3         102         103          64
           3         103          89         106
           3         107          58          65
           3         108         107          65
           3         102          58          57
           3          69          59         107
           3         109          68          48
           3          47          59          70
           3          70         109          47
           3          48          47         109
           3          48          67          46
           3          60          66          72
           3          73          66          54
           3          60          72         110
           3          53          10          12
           3          54          66          10
           3          95          67          11
           3          62          95          11
           3          94          96         104
           3          59          46          57
           3          59          47          46
           3          69         107         108
           3          59          58         107
           3         111          65          55
           3         111         108          65
           3         112           7          63
           3         112         111          55
           3          56          55          64
           3           7         112          55
           3          67         104          46
           3          96          89         102
           3          56          64         103
           3          55          65          64
           3         113          56         103
           3          52           7          56
           3          58         102          64
           3          57         104         102
           3         102         104          96
           3          57          46         104
           3          41          95          62
           3          94         104          95
           3         114          41          62
           3          43           5          41
           1           2           3
           2           3           1
           3           1           2
           4           5           6
           5           6           4
           6           4           5
           7           1           7
           8           7           2
           9           5           9
          10           9           8
          11           8           5
          12          11          12
          13          12          10
          14          10          11
          15          14          15
          16          15          13
          17          13          14
          18          17          15
          19          15          16
          20          16          17
          21          19          20
          22          20          18
          23          18          19
          24          22          18
          25          18          21
          26          21          22
          27          23          24
          28          24          20
          29          20          23
          30          26          27
          31          27          25
          32          25          26
          33          22          29
          34          29          28
          35          28          22
          36          31          32
          37          32          30
          38          30          31
          39          34          35
          40          35          33
          41          33          34
          42          36          31
          43          30          36
          44           6           8
          45           8          37
          46          37           6
          47          39          40
          48          40          38
          49          38          39
          50          42          43
          51          43          41
          52          41          42
          53          44          45
          54          45          39
          55          39          44
          56          47          48
          57          48          46
          58          46          47
          59          50          51
          60          51          49
          61          49          50
          62          52           2
          63           7          52
          64          54          10
          65          10          53
          66          53          54
          67          55          56
          68          56           7
          69           7          55
          70          58          59
          71          59          57
          72          57          58
          73          61          62
          74          62          60
          75          60          61
          76          63           7
          77           1          63
          78          65          58
          79          58          64
          80          64          65
          81          66          11
          82          10          66
          83          11          67
          84          67          12
          85          53          12
          86          12          68
          87          68          53
          88          70          59
          89          59          69
          90          69          70
          91          12          48
          92          48          68
          93          72          73
          94          73          71
          95          71          72
          96          66          73
          97          72          66
          98          66          60
          99          60          11
         100          39           9
         101           9          44
         102          74          33
         103          33          31
         104          31          74
         105          76          24
         106          24          75
         107          75          76
         108          78          16
         109          16          77
         110          78          77
         111          14          20
         112          20          15
         113          13          17
         114          78          17
         115          14          79
         116          79          18
         117          18          14
         118          28          19
         119          19          22
         120          34          74
         121          74          25
         122          25          34
         123          35          32
         124          32          33
         125          34          80
         126          80          35
         127          28          81
         128          81          19
         129          82          24
         130          23          82
         131          83          84
         132          84          75
         133          75          83
         134          27          80
         135          34          27
         136          23          81
         137          81          27
         138          27          23
         139          19          23
         140          81          80
         141          26          83
         142          83          82
         143          82          26
         144          26          23
         145          75          82
         146          24          16
         147          15          24
         148          76          16
         149          25          84
         150          83          25
         151          25          85
         152          85          84
         153          74          85
         154          74          36
         155          36          85
         156          32          86
         157          86          30
         158          39           8
         159          51          88
         160          88          87
         161          87          51
         162          90          91
         163          91          89
         164          89          90
         165          67          48
         166           6          93
         167          93          92
         168          92           6
         169          49          87
         170          90          87
         171          90          49
         172          94          95
         173          95          41
         174          41          94
         175          89          96
         176          96          90
         177          50           4
         178           4          51
         179          96          49
         180          62          11
         181          92           4
         182          94           4
         183          50          94
         184          93          97
         185          97          92
         186          92          51
         187          97          88
         188          51          97
         189          37          93
         190           8          38
         191          38          37
         192          44          98
         193          98          45
         194          42          99
         195          99          43
         196          99         101
         197         100         101
         198         100          99
         199          99          44
         200           9          99
         201          45          40
         202          99          98
         203         100          98
         204           5          43
         205          43           9
         206          42         101
         207          41           5
         208           5          94
         209          89         103
         210         103         102
         211         102          89
         212          67          95
         213          95         104
         214         104          67
         215          96          50
         216          96          94
         217         105          41
         218         105          42
         219         103          64
         220          64         102
         221         106          89
         222         103         106
         223          65         107
         224         107          58
         225          65         108
         226         108         107
         227          57         102
         228         102          58
         229          59         107
         230         107          69
         231          48         109
         232         109          68
         233          70          47
         234          47          59
         235         109          47
         236          70         109
         237          67          46
         238          72          60
         239          66          54
         240          54          73
         241          72         110
         242          60         110
         243          11          95
         244          62          95
         245          96         104
         246         104          94
         247          46          57
         248          59          46
         249         108          69
         250          65          55
         251          55         111
         252         111          65
         253         111         108
         254          63         112
         255         112           7
         256          55         112
         257         112         111
         258          55          64
         259          64          56
         260         104          46
         261         102          96
         262         103          56
         263         113         103
         264          56         113
         265          52          56
         266         104         102
         267          57         104
         268          62          41
         269         114          62
         270          41         114
