       4387       2725       1656         32         17          2          1          1          0          0          0          0          0          0          0          0          0          0
 local to global mapping:
         159
           1          26
           2          31
           3          86
           4         101
           5         143
           6         259
           7         261
           8         262
           9         266
          10         268
          11         272
          12         273
          13         306
          14         307
          15         351
          16         353
          17         354
          18         369
          19         408
          20         409
          21         410
          22         412
          23         414
          24         417
          25         436
          26         437
          27         597
          28         601
          29         602
          30         603
          31         604
          32         605
          33         606
          34         607
          35        1061
          36        1062
          37        1064
          38        1066
          39        1068
          40        1069
          41        1070
          42        1072
          43        1073
          44        1074
          45        1075
          46        1076
          47        1078
          48        1079
          49        1080
          50        1081
          51        1082
          52        1084
          53        1086
          54        1087
          55        1093
          56        1238
          57        1239
          58        1240
          59        1242
          60        1243
          61        1244
          62        1245
          63        1246
          64        1247
          65        1248
          66        1249
          67        1250
          68        1251
          69        1252
          70        1254
          71        1255
          72        1378
          73        1390
          74        1391
          75        1392
          76        1393
          77        1394
          78        1395
          79        1396
          80        1398
          81        1399
          82        1400
          83        1401
          84        1402
          85        1406
          86        1408
          87        1409
          88        1412
          89        1413
          90        1414
          91        1415
          92        1416
          93        1417
          94        1418
          95        1419
          96        1421
          97        1425
          98        1427
          99        1428
         100        1429
         101        1431
         102        1452
         103        1583
         104        1584
         105        1609
         106        1612
         107        1613
         108        1614
         109        1616
         110        1624
         111        1625
         112        1626
         113        1627
         114        1628
         115        1629
         116        1630
         117        1631
         118        1632
         119        1633
         120        1719
         121        1720
         122        1721
         123        1722
         124        1727
         125        1728
         126        1729
         127        1730
         128        1731
         129        1732
         130        1733
         131        1734
         132        1745
         133        1746
         134        1749
         135        1750
         136        1751
         137        1752
         138        1753
         139        1754
         140        1755
         141        1756
         142        1757
         143        1758
         144        1759
         145        1760
         146        1761
         147        1762
         148        1763
         149        1764
         150        1765
         151        1766
         152        1767
         153        1772
         154        1808
         155        1809
         156        1810
         157        1811
         158        1820
         159        1821
         115
           1         502
           2         504
           3         486
           4         527
           5         509
           6         508
           7         526
           8         542
           9         543
          10         834
          11         881
          12         880
          13         454
          14         470
          15         455
          16         940
          17        1655
          18        1007
          19         833
          20         800
          21         801
          22         762
          23         761
          24         746
          25         778
          26         781
          27         779
          28         763
          29         939
          30         804
          31         782
          32         803
          33         836
          34         835
          35         519
          36         501
          37         495
          38         479
          39         497
          40         499
          41         541
          42         566
          43         567
          44         475
          45         460
          46         461
          47         587
          48         568
          49         522
          50         523
          51         418
          52         438
          53         437
          54         471
          55         539
          56         540
          57         506
          58         505
          59         525
          60         492
          61         507
          62         491
          63         489
          64         490
          65         569
          66         545
          67         544
          68        1066
          69        1006
          70        1065
          71        1067
          72         938
          73         883
          74         941
          75         802
          76         780
          77        1008
          78         882
          79         884
          80         837
          81         806
          82         520
          83         498
          84         517
          85         477
          86         478
          87         493
          88         476
          89         439
          90         419
          91         436
          92         474
          93         459
          94         482
          95         483
          96         473
          97         496
          98         537
          99         565
         100         521
         101         494
         102         484
         103         481
         104         500
         105         480
         106         524
         107         456
         108         528
         109         503
         110         488
         111         485
         112         529
         113         487
         114         472
         115         469
         272
           1          75
           2          76
           3          77
           4          90
           5          91
           6          92
           7         248
           8         249
           9         250
          10         291
          11         292
          12         293
          13         411
          14         412
          15         413
          16         709
          17         710
          18         711
          19         715
          20         716
          21         717
          22         718
          23         719
          24         720
          25         728
          26         729
          27         733
          28         734
          29         735
          30         744
          31         745
          32         746
          33         747
          34         748
          35         837
          36         838
          37         839
          38         840
          39         841
          40         939
          41         940
          42         941
          43         944
          44         945
          45         946
          46         947
          47         948
          48         949
          49         980
          50         981
          51         982
          52        1078
          53        1079
          54        1080
          55        1081
          56        1082
          57        1083
          58        1084
          59        1085
          60        1086
          61        1088
          62        1089
          63        1093
          64        1094
          65        1100
          66        1101
          67        1148
          68        1149
          69        1150
          70        1151
          71        1152
          72        1549
          73        1550
          74        1551
          75        1561
          76        1562
          77        1563
          78        1564
          79        1565
          80        1566
          81        1567
          82        1568
          83        1569
          84        1570
          85        1571
          86        1572
          87        1573
          88        2285
          89        2286
          90        2287
          91        2288
          92        2289
          93        2290
          94        2291
          95        2153
          96        2294
          97        2295
          98        2296
          99        2297
         100        2298
         101        2299
         102        2303
         103        2304
         104        2305
         105        2306
         106        2307
         107        2308
         108        2309
         109        2310
         110        2311
         111        2312
         112         753
         113        2316
         114        2317
         115        2318
         116        2319
         117        2320
         118        2321
         119        2322
         120        2292
         121        2327
         122        2328
         123        2333
         124        2337
         125        2510
         126        2314
         127        2334
         128        2511
         129        2512
         130        2514
         131        2323
         132        2315
         133        2515
         134        2516
         135        2517
         136        2518
         137        2519
         138        2520
         139        2521
         140        2522
         141        2523
         142        2526
         143        2677
         144        2678
         145        2679
         146        2694
         147        2695
         148        2696
         149        2697
         150        2698
         151        2699
         152        2700
         153        2701
         154        2702
         155        2703
         156        2704
         157        2705
         158        2706
         159        2707
         160        2708
         161        2710
         162        2711
         163        2712
         164          64
         165        2713
         166        2714
         167        2715
         168        2716
         169        2722
         170        2723
         171        2724
         172        2727
         173        2725
         174        2728
         175        2729
         176        2730
         177        2732
         178        2733
         179        2734
         180        2735
         181        2736
         182        2737
         183        2738
         184        2739
         185        2740
         186        2741
         187        2743
         188        2742
         189        2749
         190        2750
         191        2753
         192        2754
         193        2755
         194        2758
         195        2759
         196        2773
         197        2974
         198        2975
         199        2976
         200        2977
         201        3018
         202        3020
         203        3021
         204        3022
         205        3023
         206        3024
         207        3025
         208        3026
         209        3028
         210        3029
         211        3030
         212        3035
         213        3036
         214        3037
         215        3038
         216        3039
         217        3040
         218        3041
         219        3027
         220        3148
         221        3149
         222        3150
         223        3151
         224        3152
         225        3153
         226        3154
         227        3155
         228        3162
         229        3163
         230        3164
         231        3165
         232        3166
         233        3167
         234        3168
         235        3169
         236        3170
         237        3171
         238        3172
         239        3173
         240        3174
         241        1074
         242        3185
         243        3186
         244        3193
         245        3194
         246        3183
         247        3195
         248        3196
         249        3197
         250        3198
         251        3199
         252        3200
         253        3201
         254        3202
         255        3203
         256        3204
         257        3205
         258        3206
         259        3207
         260        3208
         261        3209
         262        3210
         263        3211
         264        3212
         265        3213
         266          49
         267        3222
         268        1146
         269        3270
         270        3271
         271        3272
         272        3282
 Header:
       2000          2          1           0.00           0.00
        48  0.9000000E+03      3     32     12    0.99999998E-02    0.20000000E+03    0.10000000E+02    0.00000000E+00    0.99999997E-04   2
  -1800.00000    
  -1600.00000    
  -1400.00000    
  -1200.00000    
  -1000.00000    
  -800.000000    
  -600.000000    
  -400.000000    
  -300.000000    
  -260.000000    
  -230.000000    
  -1.00000000    
 -0.949999988    
 -0.899999976    
 -0.850000024    
 -0.800000012    
 -0.750000000    
 -0.699999988    
 -0.649999976    
 -0.600000024    
 -0.550000012    
 -0.500000000    
 -0.449999988    
 -0.400000006    
 -0.349999994    
 -0.300000012    
 -0.250000000    
 -0.200000003    
 -0.150000006    
 -0.100000001    
  -5.00000007E-02
   0.00000000    
         115         159
   34.727440007500000        28.612560315500005        971.403992               5
   34.748530038600002        28.589231912300001        620.630249               6
   34.756600307900008        28.610714209600001        480.602692               7
   34.759154336299993        28.492072562200001        147.227951              12
   34.776834568799998        28.486312111400000        5.00000000              12
   34.772684269999999        28.503532623000002        30.4015045              12
   34.755926148799993        28.515296225599997        615.499878               6
   34.729820599999996        28.533263460400001        1130.11108               4
   34.733721060500002        28.503358961899998        963.735657               5
   34.595849421099999        28.065128750400000        5.00000000              12
   34.596035106999999        28.053729875000002        5.00000000              12
   34.608695199200000        28.058410325499999        5.00000000              12
   34.786073070199990        28.636064846899995        27.2423744              12
   34.771087885900002        28.624755021199999        203.277451              11
   34.791061145699999        28.622446624700004        7.77803469              12
   34.580011124099997        28.031009817300003        5.24270487              12
   34.593975269399998        28.018855183499998        5.74817944              12
   34.601480420100003        28.031602848999999        5.00000000              12
   34.606233877500003        28.067032115399993        5.00000000              12
   34.610736628700003        28.075133040599997        5.00000000              12
   34.601521812300007        28.075517522200002        5.00000000              12
   34.602182876100002        28.090599573100004        5.00000000              12
   34.609730611200000        28.094475861900001        5.00000000              12
   34.599431374600009        28.100303715500001        5.00000000              12
   34.609405093800000        28.084573245700003        5.00000000              12
   34.586816776699997        28.083911319799999        5.00000000              12
   34.597283099400009        28.083335632099995        5.00000000              12
   34.593024010199997        28.092780280500001        5.00000000              12
   34.594632820599998        28.042088204599999        5.00222635              12
   34.574279755799999        28.075706742000001        5.00000000              12
   34.576388135800002        28.088294257699999        22.6365871              12
   34.560141781200002        28.087434048300004        115.248833              12
   34.556219277300009        28.067060782900004        18.8317184              12
   34.578471102099996        28.061042667200002        5.00000000              12
   34.644113946899999        28.610506898000001        1189.84106               4
   34.668552341400002        28.637235756599999        1203.05579               3
   34.635030508299998        28.639398106499996        1316.41382               3
   34.593630512799997        28.621666152000000        544.492737               7
   34.583516151300003        28.608460566399998        420.250854               7
   34.609325547600001        28.606883227000001        1060.43372               4
   34.696354239500003        28.558093355699999        1072.12292               4
   34.650618073700009        28.530622230700001        1121.75366               4
   34.697322244500000        28.516375894700001        1087.56909               4
   34.598558038500002        28.633806786600005        749.684143               6
   34.592165031399993        28.643432480500000        484.409576               7
   34.583538385700002        28.634289579800001        153.329239              12
   34.670075994000001        28.484102176499999        1145.91309               4
   34.714561554100001        28.483276316900000        1093.40247               4
   34.687168194500003        28.602842918299995        1122.26807               4
   34.719550685599998        28.584278935099999        1051.74280               4
   34.580210964800003        28.653329843899996        51.9776649              12
   34.584552717800001        28.647430495200002        104.682465              12
   34.591096286399996        28.652466741000005        342.228485               8
   34.778408410899992        28.608644378400005        82.4492493              12
   34.656117627999997        28.574480325500001        1116.35962               4
   34.616689668900001        28.560866609300000        1108.79736               4
   34.785371914700001        28.538200934900001        100.985924              12
   34.775109690900003        28.555598941000000        205.330765              11
   34.761003233899999        28.537132566400004        680.647949               6
   34.791398429700003        28.499200027299995        5.00000000              12
   34.780014942199998        28.519536517199995        106.877945              12
   34.802039601099999        28.521957251399996        26.3084011              12
   34.799331397199992        28.555281231799999        6.68657017              12
   34.802758054400002        28.538067337400005        22.1861458              12
   34.735315833800001        28.460530853199998        619.044006               6
   34.753272827899991        28.464571632100004        93.3202209              12
   34.745177158399997        28.479300406399997        515.239136               7
   34.611473712100000        28.018982502200000        5.00242662              12
   34.616428740899998        28.033399864000000        5.00000000              12
   34.627879442199998        28.024701643899999        6.37986088              12
   34.600412146899998        28.003055945800003        6.35965300              12
   34.611777594400003        28.045625251099995        5.00000000              12
   34.559611369199999        28.045632307300000        5.10914755              12
   34.558716093599998        28.023031734899998        5.00000000              12
   34.588919891300009        28.073982498500001        5.00000000              12
   34.574572088700002        28.100189321799999        37.9886055              12
   34.578205192500000        28.011379089399998        5.70056391              12
   34.580476630400000        28.046672342900003        5.15558338              12
   34.538376133599996        28.029525484499999        5.00000000              12
   34.530086187899997        28.055595509600003        100.955391              12
   34.536011319499998        28.084185167999998        454.162384               7
   34.592958787100002        28.586546485200000        968.170776               5
   34.568321495799999        28.598654906900002        220.847900              11
   34.565925817899995        28.581765711199999        410.991791               7
   34.563993098600001        28.615845255300002        11.8617764              12
   34.552267872000002        28.605168914099998        13.6477413              12
   34.548225954800003        28.593338270600000        36.4187813              12
   34.575396577500008        28.622860650100002        23.2272110              12
   34.581976679599997        28.641096819300000        109.199509              12
   34.576153584899998        28.647083867199996        5.00000000              12
   34.587718320900002        28.659933186900002        136.594864              12
   34.610209497200003        28.641986770300001        1190.22827               4
   34.601533503299997        28.651116149400000        789.869446               6
   34.679254672399999        28.670829411200003        1354.72327               3
   34.647196406299997        28.661584441799999        1348.23206               3
   34.618644607199997        28.657530245000000        1129.70056               4
   34.615698653700001        28.625791675199999        1169.43103               4
   34.584344693399999        28.563885946500005        1019.63184               4
   34.597083658800003        28.531759203600000        1065.57690               4
   34.624371723300001        28.588056621299998        1131.95569               4
   34.543849339900000        28.580708974200000        24.3712311              12
   34.746235507700000        28.635547799600001        749.769287               6
   34.737260712700007        28.662029584100001        1059.45557               4
   34.707068962699999        28.642399349500000        1192.02478               4
   34.711341431000001        28.680761479600001        1390.85095               3
   34.742254795599997        28.560701709500002        831.079468               5
   34.794051488100010        28.609606745500002        5.00000000              12
   34.768969117399998        28.472705544699998        5.00000000              12
   34.771293068100000        28.574127027599996        216.090988              11
   34.794736254500002        28.569207536099995        5.00000000              12
   34.790079784299998        28.580799460999998        5.00000000              12
   34.765600277099999        28.461722363300005        5.00000000              12
   34.772505225899998        28.592699659800004        162.386230              12
   34.789899947099997        28.593711403699999        5.00000000              12
   34.769696577900000        28.640364276100001        307.354431               8
           3           1           2           3
           3           4           5           6
           3           7           8           9
           3          10          11          12
           3          13          14          15
           3          16          17          18
           3          19          20          21
           3          22          23          24
           3          25          21          20
           3          26          27          28
           3          29          16          18
           3          30          31          32
           3          30          33          34
           3          28          22          24
           3          35          36          37
           3          38          39          40
           3          41          42          43
           3          44          45          46
           3          47          48          43
           3           1          49          50
           3          51          52          53
           3          46          38          44
           3          14          54          15
           3          41          55          42
           3          55          56          42
           3          57          58          59
           3           6          60          61
           3          60          62          61
           3           5          60           6
           3          57          63          58
           3           1          50           2
           3          57          64          63
           3          65          66          67
           3           4           6           7
           3          68          69          18
           3          69          68          70
           3          18          17          68
           3          71          68          17
           3          72          29          18
           3          16          73          74
           3          69          72          18
           3          12          11          72
           3          19          10          12
           3          72          11          29
           3          21          27          75
           3          31          76          32
           3          77          16          74
           3          29          11          78
           3          29          78          16
           3          11          10          34
           3          11          34          78
           3          16          77          17
           3          78          73          16
           3          78          34          73
           3          79          74          73
           3          80          73          33
           3          34          33          73
           3          31          26          28
           3          81          33          32
           3          33          30          32
           3          34          10          75
           3          75          26          30
           3          34          75          30
           3          10          21          75
           3          21          10          19
           3          22          25          23
           3          27          21          25
           3          30          26          31
           3          75          27          26
           3          27          22          28
           3          27          25          22
           3          82          83          84
           3          85          83          39
           3          86          87          83
           3          86          83          85
           3          38          88          39
           3          85          39          88
           3          52          89          45
           3          52          90          89
           3          53          52          45
           3          51          90          52
           3          89          46          45
           3          51          53          91
           3          45          92          93
           3          94          95          36
           3          92          37          96
           3          37          92          97
           3          53          45          93
           3          92          44          97
           3          46          88          38
           3          97          44          38
           3          92          45          44
           3          38          40          97
           3          82          84          98
           3          82          98          56
           3          56          99          42
           3         100          82          56
           3          39          82          40
           3          39          83          82
           3          84          83          87
           3          84          87         101
           3          43          42          47
           3         100          56          55
           3         102         103         104
           3           7           6          61
           3           8          41          43
           3         100          35          40
           3          50          49          41
           3         105          94         104
           3          49          55          41
           3          49          36          35
           3         104          36          49
           3         104          94          36
           3          40          35          97
           3          55          49          35
           3          35          37          97
           3          36          95          37
           3          35         100          55
           3          40          82         100
           3           8         106          41
           3          54         107          15
           3          48           9          43
           3         106           2          50
           3          43           9           8
           3           4          67         108
           3          41         106          50
           3         109         110         111
           3          59         106           8
           3          58         109         106
           3          48          67           9
           3          48          65          67
           3          67           4           9
           3          67          66         108
           3           4         108           5
           3          66         112         108
           3          59           7          61
           3          61          62          57
           3          57          62          64
           3         110          58          63
           3         113         109         111
           3          54         114         107
           3         113         111         114
           3           3          54          14
           3         113         114          54
           3           3         113          54
           3         109          58         110
           3           4           7           9
           3          61          57          59
           3         106          59          58
           3           8           7          59
           3           2         109         113
           3           2         106         109
           3         115          14          13
           3         102          14         115
           3           3           2         113
           3         102           3          14
           3         102           1           3
           3         104           1         102
           3         104          49           1
           1           2           3
           2           3           1
           3           1           2
           4           5           6
           5           6           4
           6           4           5
           7           8           9
           8           9           7
           9           7           8
          10          11          12
          11          12          10
          12          10          11
          13          14          15
          14          15          13
          15          13          14
          16          17          18
          17          18          16
          18          16          17
          19          20          21
          20          21          19
          21          19          20
          22          23          24
          23          24          22
          24          22          23
          25          20          25
          26          25          21
          27          27          28
          28          28          26
          29          26          27
          30          18          29
          31          29          16
          32          31          32
          33          32          30
          34          30          31
          35          33          34
          36          34          30
          37          30          33
          38          24          28
          39          28          22
          40          36          37
          41          37          35
          42          35          36
          43          39          40
          44          40          38
          45          38          39
          46          42          43
          47          43          41
          48          41          42
          49          45          46
          50          46          44
          51          44          45
          52          48          43
          53          43          47
          54          47          48
          55          49          50
          56          50           1
          57           1          49
          58          52          53
          59          53          51
          60          51          52
          61          38          44
          62          46          38
          63          54          15
          64          14          54
          65          55          42
          66          41          55
          67          56          42
          68          55          56
          69          58          59
          70          59          57
          71          57          58
          72          60          61
          73          61           6
          74           6          60
          75          62          61
          76          60          62
          77           5          60
          78          63          58
          79          57          63
          80          50           2
          81          64          63
          82          57          64
          83          66          67
          84          67          65
          85          65          66
          86           6           7
          87           7           4
          88          69          18
          89          18          68
          90          68          69
          91          68          70
          92          70          69
          93          17          68
          94          71          17
          95          68          71
          96          18          72
          97          72          29
          98          73          74
          99          74          16
         100          16          73
         101          69          72
         102          11          72
         103          72          12
         104          12          19
         105          19          10
         106          11          29
         107          27          75
         108          75          21
         109          21          27
         110          76          32
         111          31          76
         112          77          74
         113          77          16
         114          11          78
         115          78          29
         116          78          16
         117          10          34
         118          34          11
         119          34          78
         120          17          77
         121          78          73
         122          34          73
         123          79          73
         124          79          74
         125          73          33
         126          80          33
         127          73          80
         128          28          31
         129          31          26
         130          33          32
         131          81          32
         132          33          81
         133          10          75
         134          75          34
         135          26          30
         136          30          75
         137          75          26
         138          10          21
         139          25          23
         140          22          25
         141          25          27
         142          27          22
         143          83          84
         144          84          82
         145          82          83
         146          83          39
         147          39          85
         148          85          83
         149          87          83
         150          83          86
         151          86          87
         152          85          86
         153          88          39
         154          38          88
         155          88          85
         156          89          45
         157          45          52
         158          52          89
         159          90          89
         160          52          90
         161          45          53
         162          51          90
         163          89          46
         164          91          53
         165          91          51
         166          92          93
         167          93          45
         168          45          92
         169          95          36
         170          36          94
         171          94          95
         172          37          96
         173          92          96
         174          92          37
         175          92          97
         176          97          37
         177          53          93
         178          44          97
         179          92          44
         180          46          88
         181          38          97
         182          40          97
         183          84          98
         184          98          82
         185          98          56
         186          56          82
         187          99          42
         188          99          56
         189          56         100
         190         100          82
         191          82          40
         192          39          82
         193          87          84
         194          87         101
         195         101          84
         196          42          47
         197          55         100
         198         103         104
         199         104         102
         200         102         103
         201          61           7
         202          43           8
         203           8          41
         204          35          40
         205          40         100
         206         100          35
         207          49          41
         208          41          50
         209          94         104
         210         104         105
         211         105          94
         212          49          55
         213          35          49
         214          49          36
         215          49         104
         216         104          36
         217          35          97
         218          35          55
         219          37          95
         220         106          41
         221           8         106
         222         107          15
         223          54         107
         224           9          43
         225          48           9
         226          50         106
         227         106           2
         228          67         108
         229         108           4
         230           4          67
         231         110         111
         232         111         109
         233         109         110
         234           8          59
         235          59         106
         236         109         106
         237         106          58
         238          58         109
         239          67           9
         240          48          67
         241          65          48
         242           4           9
         243          66         108
         244         108           5
         245         112         108
         246         112          66
         247          61          59
         248          59           7
         249          62          57
         250          57          61
         251          62          64
         252          63         110
         253         110          58
         254         111         113
         255         113         109
         256         114         107
         257          54         114
         258         111         114
         259         114         113
         260          14           3
         261           3          54
         262          54         113
         263           3         113
         264         113           2
         265           2         109
         266         115          13
         267         115          14
         268         102         115
         269         102          14
         270         102           3
         271         102           1
         272         104           1
