       4387       2725       1656         32         17          2          1          1          0          0          0          0          0          0          0          0          0          0
 local to global mapping:
         165
           1          37
           2         158
           3         161
           4         162
           5         169
           6         170
           7         173
           8         174
           9         175
          10         201
          11         203
          12         215
          13         329
          14         589
          15         660
          16         661
          17         663
          18         666
          19         668
          20         669
          21         670
          22         671
          23         672
          24         673
          25         674
          26         695
          27         696
          28         697
          29         700
          30         701
          31         702
          32         703
          33         704
          34         705
          35         706
          36         710
          37         711
          38         712
          39         713
          40         714
          41         717
          42         719
          43         720
          44         721
          45         722
          46         723
          47         724
          48         725
          49         726
          50         727
          51         728
          52         729
          53         731
          54         732
          55         733
          56         734
          57         735
          58         736
          59         737
          60         738
          61         741
          62         745
          63         749
          64         750
          65        2467
          66        2468
          67        2475
          68        2476
          69        2477
          70        2478
          71        2479
          72        2480
          73        2481
          74        2482
          75        2483
          76        2484
          77        2529
          78        2532
          79        2533
          80        2534
          81        2535
          82        2536
          83        2537
          84        2538
          85        2539
          86        2548
          87        2549
          88        2550
          89        2551
          90        2554
          91        2555
          92        2556
          93        2557
          94        2558
          95        2559
          96        2560
          97        2561
          98        2562
          99        2563
         100        2564
         101        2565
         102        2566
         103        2567
         104        2568
         105        2569
         106        2570
         107        2571
         108        2572
         109        2573
         110        2574
         111        2575
         112        2576
         113        2577
         114        2578
         115        2579
         116        2580
         117        2581
         118        2582
         119        2583
         120        2584
         121        2585
         122        2586
         123        2587
         124        2588
         125        2589
         126        2590
         127        2591
         128        2592
         129        2593
         130        2594
         131        2595
         132        2596
         133        2597
         134        2598
         135        2599
         136        2600
         137        2601
         138        2602
         139        2603
         140        2604
         141        2605
         142        2606
         143        2607
         144        2608
         145        2609
         146        2610
         147        2611
         148        2612
         149        2613
         150        2614
         151        2615
         152        2616
         153        2618
         154        2619
         155        2634
         156        2713
         157        2714
         158        2717
         159        2718
         160        2719
         161        2720
         162        2721
         163        2722
         164        2723
         165        2724
         113
           1        1389
           2        1390
           3        1439
           4        1494
           5        1527
           6        1493
           7        1520
           8        1486
           9        1521
          10        1495
          11        1496
          12        1528
          13         922
          14         921
          15         984
          16         924
          17         871
          18         923
          19         869
          20         821
          21         822
          22         794
          23         865
          24         986
          25         988
          26        1046
          27        1047
          28        1450
          29         760
          30         777
          31         775
          32        1555
          33        1533
          34        1552
          35        1526
          36        1584
          37        1567
          38        1585
          39        1476
          40        1513
          41        1497
          42        1516
          43        1484
          44        1403
          45        1451
          46        1546
          47        1547
          48        1477
          49        1514
          50        1544
          51        1565
          52        1543
          53        1529
          54        1515
          55        1440
          56        1483
          57        1324
          58        1363
          59        1325
          60        1362
          61        1361
          62        1404
          63         987
          64        1108
          65        1044
          66         985
          67         823
          68         824
          69         867
          70         827
          71         870
          72         868
          73         825
          74         826
          75         793
          76         795
          77         796
          78         759
          79         776
          80        1573
          81        1564
          82        1590
          83        1383
          84        1431
          85        1382
          86        1542
          87        1574
          88        1553
          89        1428
          90        1454
          91        1452
          92        1453
          93        1406
          94        1405
          95        1381
          96        1380
          97        1430
          98        1343
          99        1479
         100        1478
         101        1429
         102        1432
         103        1437
         104        1342
         105        1387
         106        1341
         107        1436
         108        1386
         109        1435
         110        1485
         111        1392
         112        1345
         113        1385
         276
           1         107
           2         108
           3         109
           4         453
           5         454
           6         455
           7         462
           8         463
           9         464
          10         465
          11         466
          12         467
          13         485
          14         486
          15         487
          16         488
          17         489
          18         490
          19         497
          20         498
          21         499
          22         500
          23         501
          24         502
          25         503
          26         560
          27         561
          28         562
          29         566
          30         567
          31         568
          32         597
          33         592
          34         882
          35         883
          36         884
          37        1527
          38        1528
          39        1529
          40        1700
          41        1701
          42        1702
          43        1703
          44        1704
          45        1705
          46        1708
          47        1709
          48        1714
          49        1715
          50        1716
          51        1718
          52        1719
          53        1720
          54        1721
          55        1717
          56        1722
          57        1723
          58        1724
          59        1725
          60        1726
          61        1727
          62        1728
          63        1729
          64        1730
          65        1731
          66        1732
          67        1733
          68        1734
          69        1735
          70        1736
          71        1787
          72        1788
          73        1789
          74        1790
          75        1791
          76        1792
          77        1793
          78        1794
          79        1800
          80        1801
          81        1802
          82        1803
          83        1804
          84        1805
          85        1806
          86        1807
          87        1808
          88        1809
          89        1810
          90        1811
          91        1812
          92        1819
          93         492
          94        1820
          95        1821
          96        1822
          97        1823
          98        1824
          99        1825
         100        1831
         101        1832
         102        1833
         103        1837
         104        1838
         105        1839
         106        1840
         107        1841
         108        1842
         109        1843
         110        1844
         111        1845
         112        1846
         113        1847
         114        1848
         115        1849
         116        1850
         117        1851
         118        1852
         119        1853
         120        1856
         121        1857
         122        1858
         123        1859
         124        1860
         125        1861
         126        1862
         127        1863
         128        1864
         129        1865
         130        1866
         131        1867
         132        1868
         133        1873
         134        1874
         135        1883
         136        1887
         137        1888
         138        4076
         139        4077
         140        4078
         141        4079
         142        4087
         143        4088
         144        4089
         145        4090
         146        4091
         147        4092
         148        4093
         149        4094
         150        4095
         151        4096
         152        4097
         153        4098
         154        4099
         155        4100
         156        4101
         157         441
         158        4102
         159        4103
         160        4104
         161        4105
         162        4137
         163        4139
         164        4140
         165        4141
         166        4142
         167        4143
         168        4144
         169        4145
         170        4146
         171        4147
         172        4148
         173        4149
         174        4150
         175        4151
         176        4157
         177        4158
         178        4160
         179        4161
         180        4162
         181        4163
         182        4164
         183        4165
         184        4166
         185        4167
         186        4168
         187        4169
         188        4170
         189        4171
         190        4172
         191        4173
         192        4174
         193        4175
         194        4176
         195        4177
         196        4178
         197        4179
         198        4180
         199        4181
         200        4182
         201        4183
         202        4184
         203        4185
         204        4186
         205        4187
         206        4188
         207        4189
         208        4190
         209        4191
         210        4192
         211        4193
         212        4194
         213        4195
         214        4196
         215        4197
         216        4198
         217        4199
         218        4200
         219        4201
         220        4202
         221        4203
         222        4204
         223        4205
         224        4206
         225        4207
         226        4208
         227        4209
         228        4210
         229        4211
         230        4212
         231        4213
         232        4214
         233        4215
         234        4216
         235        4217
         236        4218
         237        4219
         238        4220
         239        4221
         240        4222
         241        4223
         242        4224
         243        4225
         244        4226
         245        4227
         246        4228
         247        4229
         248        4230
         249        4231
         250        4232
         251        4233
         252        4234
         253        4235
         254        4236
         255        4237
         256        4238
         257        4239
         258        4240
         259        4241
         260        4242
         261        4243
         262        4245
         263        1796
         264        4376
         265        1798
         266         479
         267        4377
         268        4378
         269        4379
         270        4380
         271        4381
         272        4382
         273        4383
         274        4384
         275        4385
         276        4386
 Header:
       2000          2          1           0.00           0.00
        48  0.9000000E+03      3     32     12    0.99999998E-02    0.20000000E+03    0.10000000E+02    0.00000000E+00    0.99999997E-04   2
  -1800.00000    
  -1600.00000    
  -1400.00000    
  -1200.00000    
  -1000.00000    
  -800.000000    
  -600.000000    
  -400.000000    
  -300.000000    
  -260.000000    
  -230.000000    
  -1.00000000    
 -0.949999988    
 -0.899999976    
 -0.850000024    
 -0.800000012    
 -0.750000000    
 -0.699999988    
 -0.649999976    
 -0.600000024    
 -0.550000012    
 -0.500000000    
 -0.449999988    
 -0.400000006    
 -0.349999994    
 -0.300000012    
 -0.250000000    
 -0.200000003    
 -0.150000006    
 -0.100000001    
  -5.00000007E-02
   0.00000000    
         113         165
   35.300026622499992        27.803717638199998        71.3451233              12
   35.300088631599998        27.847709677200005        17.5232201              12
   35.252924525700003        27.837958299299999        22.2591228              12
   34.890550947300000        27.781357989600000        711.390259               6
   34.899393388100009        27.849592312499997        590.038452               7
   34.836685169900001        27.814307804199995        640.488098               6
   35.176407309000005        27.846907454000000        128.482056              12
   35.215689573700004        27.856190841400004        44.4892273              12
   35.190969831399997        27.877478660400005        25.5834846              12
   34.942455241799998        27.752080841100003        745.953186               6
   34.997897984200002        27.767297658299995        737.132202               6
   34.958507502800003        27.821117864699996        503.640930               7
   34.237607162200000        27.735269121100004        88.1192245              12
   34.226229196799991        27.734122029299996        235.673019              10
   34.233448224699998        27.727120602699998        341.233002               8
   34.219355659199998        27.724664091100003        473.440247               7
   34.214090005000003        27.735608125700001        144.490967              12
   34.199953131300006        27.722145303900000        298.929657               9
   34.231964131300003        27.739742485499995        65.9633713              12
   34.233543218900010        27.781126214100002        5.00000000              12
   34.237345829100008        27.789672298499998        5.00000000              12
   34.229044669300002        27.789506433400000        5.00000000              12
   34.241780059600003        27.781720199100000        5.20841646              12
   34.217299010100000        27.712259562000000        676.890564               6
   34.231546310499994        27.716476519400004        555.010925               7
   34.231431975100001        27.700024604100001        768.561096               6
   34.243639499399997        27.711767754500002        493.828033               7
   34.832953159099993        27.750681213200000        810.928467               5
   34.211658712000002        27.775857963100002        5.00000000              12
   34.219309115300000        27.774672463099996        5.00000000              12
   34.218501726400000        27.782993186099997        5.00000000              12
   34.982753937900000        27.957523668499995        95.1174774              12
   34.928138338799997        27.951123311500002        56.5881462              12
   34.960568259900000        27.894965397099998        377.917908               8
   34.889687043199999        27.906481596899997        160.100311              12
   35.095000264299998        27.926214772500000        70.2317429              12
   35.139896311899996        27.910215011199998        43.3170929              12
   35.138446018599993        27.940503270300002        85.6315765              12
   35.081711581599997        27.791037427900001        335.177368               8
   35.058814114299999        27.810332874200004        216.201736              11
   35.045542173999991        27.779563367899996        575.139771               7
   35.148166568699999        27.825501869400000        144.504425              12
   35.174391501599999        27.818045148999996        155.956131              12
   34.783200469299999        27.700009522199998        871.616821               5
   34.880886030599996        27.700003856300004        825.294800               5
   35.175284567799999        27.902544372000005        34.0551643              12
   35.156447270199997        27.878439414900001        38.1405716              12
   35.107717774400001        27.801315413899999        90.8733826              12
   35.088770418500005        27.821170924299995        40.4053116              12
   35.136443872400001        27.852694070999998        92.2490158              12
   35.114630232099998        27.884942051800000        63.2649841              12
   35.097838519500002        27.852489676399998        37.6630859              12
   35.018397182100003        27.815666873400005        531.188782               7
   35.118809824200000        27.826420398400000        27.6829967              12
   35.246274540300000        27.875583132300005        83.4711151              12
   35.208475931899997        27.820199961200004        47.6593819              12
   35.150233826800005        27.726599652800004        310.456635               8
   35.123308104899998        27.700032504500001        623.053955               6
   35.170759830700000        27.700000167700001        184.802292              12
   35.122105549099999        27.731385397000000        744.334961               6
   35.134970098200000        27.749905482900001        304.932251               8
   35.108572293400009        27.753861108999995        576.891235               7
   34.206087124100002        27.700189725100000        837.707031               5
   34.250465580099998        27.700002996000002        692.133545               6
   34.244537532499997        27.723021072200005        209.439896              11
   34.243725541499998        27.730457625099998        72.5157394              12
   34.237043352499995        27.773033538800000        10.3130522              12
   34.231865480800003        27.764738955599999        6.33978844              12
   34.241601904800000        27.764239416700004        12.2726488              12
   34.210767354700003        27.748863176899999        11.2338495              12
   34.199895157699999        27.737607064100001        47.5121346              12
   34.225555454499997        27.747319093599998        55.3635826              12
   34.214199866599998        27.762698538499997        5.00000000              12
   34.199972646399999        27.759728549100000        5.00000000              12
   34.225865934300003        27.780201428099996        5.00000000              12
   34.228348466800000        27.773230327200000        5.29005384              12
   34.222427201099997        27.766963484799998        5.00000000              12
   34.207512296099999        27.781570495200000        5.00000000              12
   34.212696792099997        27.789792974299999        5.00000000              12
   35.031031211500000        27.922964507900002        119.118927              12
   35.067901167399995        27.884915948599996        47.4479103              12
   35.071418216800005        27.964231900699996        106.958740              12
   35.136557864299995        27.778502284599998        48.7805901              12
   35.123120950400001        27.786734730500005        130.300827              12
   35.124192036799990        27.768283368599999        265.720795               9
   35.058013027299999        27.843730749000002        171.126022              12
   35.030202992500001        27.977056678200004        38.1994743              12
   35.013388528800000        27.864774665500001        296.557434               9
   35.104057163500002        27.776858062399999        397.305267               8
   35.038393939199999        27.737728112200003        765.766174               6
   34.978640892300000        27.700009020500001        761.410828               6
   35.077219784000000        27.761199047700000        697.769226               6
   35.063472990999998        27.700011637100001        737.056519               6
   35.090283690299998        27.730473754900000        739.593872               6
   35.142451068100002        27.766046337999999        67.5788345              12
   35.158886427100001        27.768095028799998        5.00000000              12
   35.144153131600007        27.780501835399999        20.5486412              12
   35.159096656000003        27.749989668200001        40.4105263              12
   35.132506617600001        27.804736356999999        14.0843220              12
   35.153184106900000        27.796895799699996        25.7976513              12
   35.163911024400001        27.782596028699995        5.00000000              12
   35.137548982799998        27.787680132899997        19.2759113              12
   35.182386620499997        27.794382276000000        35.2004929              12
   35.184987943200007        27.732238352600000        11.8121452              12
   35.182839640200001        27.765861080199997        5.00000000              12
   35.224428196399998        27.700005179800002        154.461212              12
   35.207092524799997        27.783855952799996        6.35352039              12
   35.217124835500009        27.751500019000002        5.60024118              12
   35.243650708600001        27.792168798199999        5.17173862              12
   35.221731604500000        27.886112127800004        100.020386              12
   35.275615855099993        27.871227272399995        30.4786644              12
   35.298707326299997        27.702513469300001        90.8158569              12
   35.263361540600002        27.749980217299999        26.5974312              12
           3           1           2           3
           3           4           5           6
           3           7           8           9
           3          10          11          12
           3          13          14          15
           3          16          17          18
           3          13          19          14
           3          20          21          22
           3          20          23          21
           3          24          25          16
           3          26          27          25
           3           6          28           4
           3          29          30          31
           3          32          33          34
           3           5          34          35
           3          36          37          38
           3           4          10          12
           3          39          40          41
           3          42          43           7
           3          44          45          28
           3          46          37          47
           3          12          34           5
           3          48          49          39
           3          50          51          52
           3          53          11          41
           3          42          50          54
           3          55           8           3
           3           3           8          56
           3          57          58          59
           3          60          61          62
           3          24          16          18
           3          26          25          24
           3          63          24          18
           3          63          26          24
           3          64          27          26
           3          27          65          25
           3          65          15          25
           3          14          16          15
           3          25          15          16
           3          65          66          15
           3          67          68          69
           3          15          66          13
           3          70          71          17
           3          72          17          14
           3          17          16          14
           3          19          72          14
           3          71          18          17
           3          73          70          72
           3          70          17          72
           3          74          71          70
           3          74          70          73
           3          75          20          22
           3          76          30          77
           3          29          31          78
           3          31          22          79
           3          75          76          20
           3          78          31          79
           3          30          76          75
           3          31          75          22
           3          31          30          75
           3          76          67          20
           3          23          20          67
           3          77          68          76
           3          76          68          67
           3           9          47           7
           3          37          36          51
           3          80          81          36
           3          51          47          37
           3          82          80          36
           3          83          84          85
           3          52          81          86
           3          51          36          81
           3          87          32          80
           3          34          88          80
           3          80          32          34
           3          80          82          87
           3          35          34          33
           3          86          88          53
           3          81          80          88
           3          86          53          40
           3          88          34          12
           3          39          49          40
           3          81          88          86
           3          84          48          89
           3          41          11          90
           3          53          12          11
           3          53          88          12
           3           5           4          12
           3          28          45           4
           3          10          91          11
           3          92          62          89
           3          45          10           4
           3          45          91          10
           3          89          85          84
           3          91          90          11
           3          91          93          90
           3          92          41          90
           3          40          53          41
           3          41          92          39
           3          90          93          94
           3          95          96          97
           3          90          94          92
           3          93          58          94
           3          98          61          57
           3          58          60          94
           3          60          57          61
           3          94          62          92
           3          94          60          62
           3          92          89          39
           3          62          85          89
           3          99          54          48
           3          86          40          49
           3          81          52          51
           3          86          49          52
           3          42          54          99
           3          52          49          54
           3         100          42          99
           3          54          49          48
           3          89          48          39
           3          84          99          48
           3         101         100          97
           3          99          84         102
           3          51          50          47
           3          52          54          50
           3         102         100          99
           3          42           7          50
           3          97         100         102
           3         101         103         100
           3         101          97          96
           3          83          85          95
           3          62          61          85
           3          61          98          95
           3          85          61          95
           3          60          58          57
           3         104          98          57
           3          98          96          95
           3          59         104          57
           3         105          96          98
           3         104          59         106
           3         105         101          96
           3         103          43         100
           3         100          43          42
           3          56           8           7
           3          50           7          47
           3          43          56           7
           3         104         105          98
           3         107         103         105
           3         107         105         108
           3         108         105         104
           3         103          56          43
           3         107         108         109
           3         110           9           8
           3         105         103         101
           3         107          56         103
           3          47           9          46
           3         107         109          56
           3           2         111           3
           3         112         113         106
           3         113         108         106
           3         108         104         106
           3           3         109           1
           3           3          56         109
           3         109         113           1
           3           1         113         112
           3         109         108         113
           1           2           3
           2           3           1
           3           1           2
           4           5           6
           5           6           4
           6           4           5
           7           8           9
           8           9           7
           9           7           8
          10          11          12
          11          12          10
          12          10          11
          13          14          15
          14          15          13
          15          13          14
          16          17          18
          17          18          16
          18          16          17
          19          19          14
          20          13          19
          21          21          22
          22          22          20
          23          20          21
          24          23          21
          25          20          23
          26          25          16
          27          16          24
          28          24          25
          29          27          25
          30          25          26
          31          26          27
          32          28           4
          33          28           6
          34          30          31
          35          31          29
          36          29          30
          37          33          34
          38          34          32
          39          32          33
          40          34          35
          41          35           5
          42           5          34
          43          37          38
          44          38          36
          45          36          37
          46          12           4
          47           4          10
          48          40          41
          49          41          39
          50          39          40
          51          43           7
          52           7          42
          53          42          43
          54          45          28
          55          44          28
          56          44          45
          57          37          47
          58          47          46
          59          46          37
          60           5          12
          61          12          34
          62          49          39
          63          39          48
          64          48          49
          65          51          52
          66          52          50
          67          50          51
          68          11          41
          69          41          53
          70          53          11
          71          50          54
          72          54          42
          73          42          50
          74           8           3
          75           3          55
          76          55           8
          77           8          56
          78          56           3
          79          58          59
          80          59          57
          81          57          58
          82          61          62
          83          62          60
          84          60          61
          85          18          24
          86          24          26
          87          18          63
          88          63          24
          89          63          26
          90          26          64
          91          64          27
          92          65          25
          93          65          27
          94          15          25
          95          65          15
          96          16          15
          97          14          16
          98          66          15
          99          65          66
         100          68          69
         101          69          67
         102          67          68
         103          66          13
         104          71          17
         105          17          70
         106          70          71
         107          17          14
         108          14          72
         109          72          17
         110          19          72
         111          71          18
         112          70          72
         113          72          73
         114          73          70
         115          70          74
         116          74          71
         117          73          74
         118          22          75
         119          75          20
         120          30          77
         121          77          76
         122          76          30
         123          31          78
         124          78          29
         125          22          79
         126          79          31
         127          31          22
         128          76          20
         129          75          76
         130          79          78
         131          75          30
         132          31          75
         133          67          20
         134          76          67
         135          67          23
         136          68          76
         137          77          68
         138          47           7
         139           9          47
         140          36          51
         141          51          37
         142          81          36
         143          36          80
         144          80          81
         145          51          47
         146          36          82
         147          82          80
         148          84          85
         149          85          83
         150          83          84
         151          81          86
         152          86          52
         153          52          81
         154          81          51
         155          32          80
         156          80          87
         157          32          87
         158          88          80
         159          80          34
         160          34          88
         161          82          87
         162          35          33
         163          88          53
         164          53          86
         165          86          88
         166          88          81
         167          53          40
         168          40          86
         169          12          88
         170          49          40
         171          48          89
         172          89          84
         173          84          48
         174          11          90
         175          90          41
         176          53          12
         177          45           4
         178          91          11
         179          10          91
         180          62          89
         181          89          92
         182          92          62
         183          45          10
         184          45          91
         185          89          85
         186          91          90
         187          93          90
         188          91          93
         189          90          92
         190          92          41
         191          92          39
         192          93          94
         193          94          90
         194          96          97
         195          97          95
         196          95          96
         197          94          92
         198          58          94
         199          93          58
         200          61          57
         201          57          98
         202          98          61
         203          60          94
         204          58          60
         205          60          57
         206          94          62
         207          89          39
         208          62          85
         209          54          48
         210          48          99
         211          99          54
         212          49          86
         213          49          52
         214          99          42
         215          49          54
         216          54          52
         217          99         100
         218         100          42
         219          84          99
         220         100          97
         221          97         101
         222         101         100
         223          84         102
         224         102          99
         225          50          47
         226         102         100
         227           7          50
         228         102          97
         229         103         100
         230         101         103
         231          96         101
         232          85          95
         233          95          83
         234          61          85
         235          98          95
         236          95          61
         237          57         104
         238         104          98
         239          98          96
         240          59         104
         241          98         105
         242         105          96
         243          59         106
         244         106         104
         245         105         101
         246          43         100
         247         103          43
         248           7          56
         249          43          56
         250         104         105
         251         103         105
         252         105         107
         253         107         103
         254         105         108
         255         108         107
         256         104         108
         257         103          56
         258         108         109
         259         109         107
         260           8         110
         261         110           9
         262         107          56
         263          46           9
         264         109          56
         265           3         111
         266         111           2
         267         113         106
         268         106         112
         269         112         113
         270         108         106
         271         113         108
         272         109           1
         273           3         109
         274         113           1
         275         109         113
         276         112           1
