         116          17
       1317   0.463464884357E+07   0.321001596060E+07   0.877503881851E-02  -0.873420597814E-02   0.845548459742E-03   0.400000000000E+01
       1355   0.463516879552E+07   0.321149691715E+07   0.426467318920E-02  -0.419716822002E-02   0.755788557437E-03   0.288541666667E+01
       1354   0.463336984392E+07   0.321221801454E+07   0.868623210001E-02  -0.861841856719E-02  -0.108327720180E-02   0.361111111111E+01
       1118   0.461989410215E+07   0.321222661467E+07   0.314260505541E-02   0.265101381463E-02   0.168762919177E-02   0.763888888889E+00
       1116   0.461985708741E+07   0.321160102956E+07   0.129328285845E-02   0.389586471436E-03   0.123320839003E-02   0.791666666667E+00
       1182   0.462050369661E+07   0.321162428549E+07   0.584223696264E-02   0.306853630554E-02   0.497150054502E-02   0.139930555556E+01
       1493   0.463028422542E+07   0.322253007461E+07   0.505047290239E-02  -0.357429105577E-02   0.356815358224E-02   0.937500000000E+00
       1448   0.463202777748E+07   0.321762761912E+07   0.468239578304E-02  -0.268765541822E-02   0.383423246843E-02   0.875000000000E+00
       1449   0.463530257768E+07   0.321867013415E+07   0.507188347498E-02  -0.384741367993E-02   0.330475565802E-02   0.102430555556E+01
       1450   0.463320404298E+07   0.322411422953E+07   0.421988351917E-02  -0.306000657739E-02   0.290581772685E-02   0.996527777778E+00
       1351   0.462992449617E+07   0.321165430041E+07   0.896876245903E-01  -0.471216571952E-01   0.763113322372E-01   0.934027777778E+00
       1352   0.463081466370E+07   0.321206279474E+07   0.788602183697E-01  -0.474424852653E-01   0.629932110086E-01   0.909722222222E+00
       1397   0.462906619546E+07   0.321358141689E+07   0.746466849572E-01  -0.297801424578E-01   0.684490371758E-01   0.916666666667E+00
       1356   0.463723342320E+07   0.321002926316E+07   0.379190628972E-02  -0.350795810894E-02   0.143971636650E-02   0.122916666667E+01
       1318   0.463639244741E+07   0.320876472402E+07   0.392561953293E-02  -0.377566891916E-02   0.107462222674E-02   0.295138888889E+01
       1396   0.462807544396E+07   0.321269272462E+07   0.560298788824E-01  -0.287209800121E-01   0.481087583993E-01   0.913194444444E+00
       1445   0.462680648476E+07   0.321534197647E+07   0.442740882992E-01  -0.988544599430E-02   0.431563767272E-01   0.892361111111E+00
       1312   0.463088432802E+07   0.320897149856E+07   0.664837799445E-01  -0.490274947543E-01   0.449043177638E-01   0.909722222222E+00
       1350   0.462948138092E+07   0.321071966296E+07   0.557655055732E-01  -0.324490525800E-01   0.453525147979E-01   0.951388888889E+00
       1338   0.462943588469E+07   0.320941382160E+07   0.684597226897E-01  -0.398049457919E-01   0.556982937015E-01   0.940972222222E+00
       1265   0.461946680814E+07   0.321437642286E+07   0.507491133731E-02   0.382160582473E-02   0.333916965756E-02   0.753472222222E+00
       1266   0.461986599466E+07   0.321356791201E+07   0.802154022861E-02  -0.713109114305E-03  -0.798977991126E-02   0.136458333333E+01
       1299   0.462037381748E+07   0.321383742013E+07   0.239961374355E-01   0.231504992876E-01  -0.631418993667E-02   0.909722222222E+00
       1177   0.462147035411E+07   0.321005920164E+07   0.725859836818E-02  -0.687387311383E-02  -0.233176299942E-02   0.112152777778E+01
       1179   0.462228658344E+07   0.320945630691E+07   0.540760366365E-02  -0.348368304060E-02  -0.413595573668E-02   0.996527777778E+00
       1226   0.462168947195E+07   0.321045146114E+07   0.179187940850E-02  -0.134830209664E-02   0.118021746760E-02   0.103125000000E+01
       1229   0.461982710432E+07   0.321294017104E+07   0.153754431946E-01  -0.849424931664E-02  -0.128160829420E-01   0.136458333333E+01
       1225   0.461929011940E+07   0.321374929471E+07   0.974412938353E-02  -0.700334523249E-02  -0.677504339452E-02   0.123263888889E+01
       1178   0.462302556639E+07   0.320874754574E+07   0.401644900879E-02   0.131792974308E-02  -0.379406428946E-02   0.996527777778E+00
       1227   0.462285800587E+07   0.320941050490E+07   0.340878207905E-02   0.275475464768E-02  -0.200776544785E-02   0.119791666667E+01
       1181   0.462097216315E+07   0.321081299276E+07   0.291218365456E-02  -0.120642799144E-02   0.265053676439E-02   0.119444444444E+01
       1376   0.462791656674E+07   0.321098619407E+07   0.560017064679E-01  -0.219066440797E-01   0.515392090789E-01   0.895833333333E+00
       1419   0.462581903390E+07   0.321366526980E+07   0.358111590522E-01  -0.318211035054E-01   0.164273091028E-01   0.398611111111E+01
       1300   0.462227659573E+07   0.321139559010E+07   0.884596602279E-01   0.880059704489E-01   0.894766187155E-02   0.968750000000E+00
       1270   0.462147151542E+07   0.321174299346E+07   0.388043972062E-01   0.384493178998E-01   0.523747988791E-02   0.958333333333E+00
       1267   0.462189510631E+07   0.321089059583E+07   0.221510504515E-01   0.216705052824E-01   0.458892546318E-02   0.101041666667E+01
       1230   0.462109900386E+07   0.321142713459E+07   0.971411324527E-02   0.329113060707E-02   0.913960915298E-02   0.128125000000E+01
       1302   0.462326586978E+07   0.321105037676E+07   0.184461526928E+00   0.182903603072E+00   0.239233546974E-01   0.940972222222E+00
       1334   0.462382762957E+07   0.321173455864E+07   0.111586705736E+00   0.111571184675E+00   0.186108764225E-02   0.940972222222E+00
       1333   0.462246419319E+07   0.321238490862E+07   0.107496250500E+00   0.107483044008E+00  -0.168496957001E-02   0.951388888889E+00
       1269   0.462046159321E+07   0.321272106041E+07   0.180764061789E-01   0.179355085599E-01  -0.225255256118E-02   0.861111111111E+00
       1180   0.461901832346E+07   0.321328653631E+07   0.184120092432E-01  -0.128088290190E-01  -0.132263367390E-01   0.119791666667E+01
       1330   0.461909207141E+07   0.321611892480E+07   0.404099611368E-02   0.129382721576E-02  -0.382827124517E-02   0.826388888889E+00
       1296   0.461880552051E+07   0.321536609584E+07   0.886975606784E-02  -0.204734811400E-02   0.863023397152E-02   0.182638888889E+01
       1298   0.461960064592E+07   0.321499442392E+07   0.762937886640E-02   0.762918221779E-02  -0.547775028991E-04   0.684027777778E+00
       1331   0.462030278990E+07   0.321513265207E+07   0.255424146286E-01   0.239969362621E-01  -0.874997114808E-02   0.954861111111E+00
       1263   0.461890458520E+07   0.321451942695E+07   0.133196882866E-01   0.241776043358E-02   0.130984171005E-01   0.117013888889E+01
       1502   0.461911887216E+07   0.322258707752E+07   0.153902927848E-01   0.153300840981E-01   0.136001233278E-02   0.934027777778E+00
       1503   0.462233902295E+07   0.322124101747E+07   0.138813208924E-01   0.555767157737E-02   0.127201948238E-01   0.888888888889E+00
       1533   0.461929496965E+07   0.322583854692E+07   0.107390551348E-01   0.107162540952E-01  -0.699430736494E-03   0.902777777778E+00
       1418   0.462310002646E+07   0.321556928407E+07   0.377137631104E-01   0.365915041721E-01   0.913179885715E-02   0.923611111111E+00
       1372   0.462139849573E+07   0.321539621164E+07   0.465313033016E-01   0.454683776556E-01  -0.988882299964E-02   0.958333333333E+00
       1373   0.462282041416E+07   0.321360524528E+07   0.791787688791E-01   0.789474806741E-01  -0.604753969952E-02   0.951388888889E+00
       1371   0.461980031926E+07   0.321666464931E+07   0.176803739090E-01   0.168481716259E-01  -0.536047893635E-02   0.972222222222E+00
       1233   0.462316816216E+07   0.320969115523E+07   0.114545936652E+00   0.101678113572E+00   0.527478229310E-01   0.965277777778E+00
       1271   0.462298400005E+07   0.321049250912E+07   0.159815871103E+00   0.149866966406E+00   0.555068017153E-01   0.944444444444E+00
       1268   0.462255876718E+07   0.321033165825E+07   0.465258681888E-01   0.441135998276E-01   0.147867075770E-01   0.968750000000E+00
       1417   0.462068878608E+07   0.321751788113E+07   0.217981020190E-01   0.217894826687E-01   0.612940992930E-03   0.947916666667E+00
       1332   0.462143126063E+07   0.321383425340E+07   0.646929442290E-01   0.635278239015E-01  -0.122226275147E-01   0.958333333333E+00
       1313   0.463084832438E+07   0.321016593468E+07   0.665143065378E-01  -0.334739580179E-01   0.574773617072E-01   0.934027777778E+00
       1398   0.463024696034E+07   0.321417783458E+07   0.309138880138E-01  -0.101201891568E-01   0.292104475071E-01   0.892361111111E+00
       1463   0.462426755253E+07   0.321729082854E+07   0.239302803170E-01   0.855564815821E-02   0.223485838621E-01   0.881944444444E+00
       1374   0.462460101999E+07   0.321269981079E+07   0.470400747133E-01   0.459474158912E-01   0.100798612072E-01   0.920138888889E+00
       1316   0.463324875797E+07   0.321076114375E+07   0.117603245485E-01   0.117597300086E-01   0.118252319730E-03   0.123611111111E+01
       1353   0.463192000366E+07   0.321240057000E+07   0.107688790271E-01  -0.106962589156E-01  -0.124851940678E-02   0.400000000000E+01
       1315   0.463207019713E+07   0.321082790650E+07   0.913673874262E-02   0.912447990461E-02   0.473139853702E-03   0.131250000000E+01
       1399   0.463167598026E+07   0.321465077371E+07   0.568623217275E-02  -0.532487627796E-02   0.199472528105E-02   0.361458333333E+01
       1401   0.463621450817E+07   0.321380039262E+07   0.459886807615E-02  -0.377087120063E-02   0.263251172268E-02   0.111111111111E+01
       1314   0.463093637379E+07   0.321122225083E+07   0.114341647599E+00  -0.698278782608E-01   0.905432481923E-01   0.916666666667E+00
       1491   0.462593989706E+07   0.321902344331E+07   0.250026283133E-01  -0.149613824124E-02   0.249578242829E-01   0.888888888889E+00
       1447   0.462931034218E+07   0.321720620628E+07   0.132733895572E-01  -0.232280445184E-02   0.130685672442E-01   0.871527777778E+00
       1492   0.462773733512E+07   0.322119263727E+07   0.643834478377E-02  -0.271697366550E-02   0.583698018291E-02   0.819444444444E+00
       1446   0.462824545016E+07   0.321591654102E+07   0.407525924464E-01  -0.725063428428E-02   0.401023951102E-01   0.913194444444E+00
       1400   0.463366567195E+07   0.321404651071E+07   0.396828322704E-02  -0.370508253772E-02   0.142113868385E-02   0.288888888889E+01
       1526   0.462336802568E+07   0.322406919090E+07   0.106953543002E-01  -0.825389006890E-02   0.680175729772E-02   0.313194444444E+01
       1527   0.462525045578E+07   0.322654661004E+07   0.339108341609E-02  -0.677813250613E-03   0.332265194268E-02   0.400000000000E+01
       1403   0.463815732560E+07   0.322158686804E+07   0.279359455387E-02   0.233644385357E-08   0.279359455387E-02   0.191666666667E+01
       1284   0.463416099127E+07   0.320898865258E+07   0.119897739461E-01   0.119778270521E-01   0.535105960396E-03   0.117361111111E+01
       1335   0.462703808942E+07   0.320850832544E+07   0.375867069980E-01   0.215226238625E-01   0.308145615745E-01   0.968750000000E+00
       1375   0.462660286906E+07   0.321076016638E+07   0.385284993068E-01   0.728815906171E-02   0.378328956904E-01   0.923611111111E+00
       1336   0.462539618423E+07   0.321047790664E+07   0.575318371171E-01   0.560949456232E-01   0.127776898379E-01   0.944444444444E+00
       1117   0.462041391581E+07   0.321100740096E+07   0.109718661841E-02  -0.197903018596E-03   0.107919084079E-02   0.103125000000E+01
       1050   0.461923078915E+07   0.321225082367E+07   0.138467065378E-02   0.251672087243E-03   0.136160713128E-02   0.788194444444E+00
       1048   0.461924079253E+07   0.321150829025E+07   0.535970142524E-03  -0.535188190909E-03   0.289412160937E-04   0.687500000000E+00
       1174   0.461824955844E+07   0.321365279694E+07   0.593407661732E-02  -0.398284234737E-02  -0.439888987543E-02   0.934027777778E+00
       1224   0.461790468150E+07   0.321454667301E+07   0.746866441716E-02  -0.189857653637E-02   0.722332024153E-02   0.125694444444E+01
       1175   0.461750526290E+07   0.321422755342E+07   0.174880687470E-02  -0.811975544765E-03   0.154887739983E-02   0.760416666667E+00
       1111   0.461676161556E+07   0.321470275695E+07   0.432841261367E-03  -0.198408891184E-03  -0.384688795575E-03   0.944444444444E+00
       1176   0.461707348698E+07   0.321516398706E+07   0.172977434820E-02   0.117309848044E-02   0.127120385890E-02   0.972222222222E+00
       1110   0.461756755257E+07   0.321345509653E+07   0.187915859471E-02  -0.187209620025E-02  -0.162766216007E-03   0.861111111111E+00
       1109   0.461832930236E+07   0.321285026356E+07   0.155244987790E-02   0.798450492844E-03  -0.133138177615E-02   0.861111111111E+00
       1112   0.461632016521E+07   0.321565327203E+07   0.157589437122E-02   0.137400424034E-02   0.771722370259E-03   0.101388888889E+01
       1223   0.461858636542E+07   0.321415491504E+07   0.758470106646E-02  -0.308899149738E-02   0.692717993102E-02   0.119097222222E+01
       1264   0.461827965670E+07   0.321512108544E+07   0.306439545926E-01   0.858720551418E-02   0.294161835481E-01   0.115972222222E+01
       1301   0.462134713798E+07   0.321269246737E+07   0.659330355477E-01   0.654800370290E-01  -0.771556395999E-02   0.937500000000E+00
       1049   0.461993352961E+07   0.321079600040E+07   0.174279962005E-02  -0.172198124407E-02  -0.268572356556E-03   0.781250000000E+00
       1115   0.462073328882E+07   0.321023595211E+07   0.409879600560E-02  -0.270550977094E-02  -0.307901698191E-02   0.118055555556E+01
        989   0.461866857145E+07   0.321215987611E+07   0.600677842902E-03   0.424511208762E-03   0.424975416452E-03   0.160763888889E+01
       1113   0.462209155417E+07   0.320910663451E+07   0.426081911825E-02  -0.307969207298E-02  -0.294449932824E-02   0.107986111111E+01
       1114   0.462273089545E+07   0.320845019449E+07   0.293202497483E-02  -0.293164776731E-02  -0.470300059240E-04   0.114930555556E+01
       1228   0.462227951454E+07   0.321004887805E+07   0.677336901365E-02   0.675900067431E-02  -0.440950881422E-03   0.119444444444E+01
       1237   0.462453268050E+07   0.320818002979E+07   0.142394305289E+00   0.140379911100E+00   0.238666867905E-01   0.100347222222E+01
       1276   0.462459130955E+07   0.320907677808E+07   0.136703184835E+00   0.135222991402E+00   0.200624859001E-01   0.986111111111E+00
       1236   0.462388498771E+07   0.320906791121E+07   0.238150952213E+00   0.229511857342E+00   0.635624368590E-01   0.965277777778E+00
       1306   0.462551016981E+07   0.320910426237E+07   0.597900656015E-01   0.569574003296E-01   0.181853372891E-01   0.968750000000E+00
       1305   0.462438823122E+07   0.321021636718E+07   0.144622046765E+00   0.144232046541E+00   0.106138193465E-01   0.944444444444E+00
       1274   0.462371844815E+07   0.320991818565E+07   0.243736643760E+00   0.234533712459E+00   0.663437203637E-01   0.944444444444E+00
       1185   0.462358061820E+07   0.320884351721E+07   0.150452394573E-01  -0.106886731239E-01  -0.105882716804E-01   0.972222222222E+00
       1297   0.461837044651E+07   0.321624664543E+07   0.114858978729E-01  -0.105109028227E-01  -0.463106594635E-02   0.117708333333E+01
       1416   0.461886021291E+07   0.321847588785E+07   0.130918428187E-01   0.130910743661E-01  -0.141846148159E-03   0.868055555556E+00
       1370   0.461858597979E+07   0.321745065292E+07   0.602116364952E-02   0.596516874197E-02  -0.819251838010E-03   0.684027777778E+00
       1461   0.461905698666E+07   0.322010554332E+07   0.173701469407E-01   0.172234069933E-01   0.225305487810E-02   0.934027777778E+00
       1460   0.461730783029E+07   0.322036488165E+07   0.120534304164E-01   0.118430849675E-01   0.224199091362E-02   0.822916666667E+00
       1462   0.462150137229E+07   0.321898616199E+07   0.189697219892E-01   0.164481204340E-01   0.945038023232E-02   0.934027777778E+00
       1283   0.463315900745E+07   0.320981585224E+07   0.191756038265E-01   0.175140026890E-01   0.780791213592E-02   0.131250000000E+01
       1402   0.464010498139E+07   0.321393110925E+07   0.376616052413E-02  -0.267956766314E-02   0.264648488229E-02   0.107291666667E+01
