         114          17
        453   0.459719425163E+07   0.319317890036E+07   0.276583966386E+00  -0.671328226651E-01   0.268313016052E+00   0.906250000000E+00
        469   0.459832161216E+07   0.319231128249E+07   0.158576834833E+00  -0.312196310129E-01   0.155473300554E+00   0.902777777778E+00
        454   0.459759738095E+07   0.319375633136E+07   0.267447830488E+00  -0.560194853681E-01   0.261515122492E+00   0.906250000000E+00
        414   0.459776047068E+07   0.317964491753E+07   0.169799289588E-01  -0.433486483030E-02  -0.164172754850E-01   0.117013888889E+01
        413   0.459611491969E+07   0.317974489056E+07   0.165958536333E-01  -0.411148204561E-02  -0.160784972310E-01   0.115972222222E+01
        402   0.459809267633E+07   0.317773987149E+07   0.257218258931E-01  -0.246242222650E-02  -0.256036873136E-01   0.311111111111E+01
        468   0.459798231903E+07   0.319139059336E+07   0.123644620631E+00  -0.168943883485E-01   0.122484986237E+00   0.895833333333E+00
        400   0.459743097918E+07   0.317709255419E+07   0.297244175710E-01  -0.223116652086E-02  -0.296405616663E-01   0.315277777778E+01
        399   0.459611516537E+07   0.317773632398E+07   0.200909845178E-01  -0.656168426978E-02  -0.189892590281E-01   0.163888888889E+01
        392   0.459029051414E+07   0.319059591643E+07   0.659842666734E-01   0.165118099072E-01   0.638849245285E-01   0.947916666667E+00
        406   0.459121909603E+07   0.318843754137E+07   0.165055649350E-01   0.549463813502E-02   0.155641455143E-01   0.102430555556E+01
        407   0.459142929592E+07   0.319019180624E+07   0.410198162185E-01   0.744037036381E-02   0.403393878418E-01   0.965277777778E+00
       1135   0.463515223044E+07   0.319960139118E+07   0.111289344495E+00  -0.847667172344E-01   0.721104836164E-01   0.321527777778E+01
       1067   0.463543839968E+07   0.319782396984E+07   0.150480352828E+00  -0.107116396754E+00   0.105690179930E+00   0.310416666667E+01
       1068   0.463646999162E+07   0.319803117240E+07   0.116215435323E+00  -0.886494728529E-01   0.751485087694E-01   0.321527777778E+01
       1011   0.463733760374E+07   0.319817339894E+07   0.653349012349E-01  -0.468600890246E-01   0.455278088203E-01   0.325000000000E+01
       1073   0.463624488843E+07   0.319943834376E+07   0.923544215638E-01  -0.693393039196E-01   0.610032795375E-01   0.321527777778E+01
       1008   0.463631924901E+07   0.319578018093E+07   0.137831854062E+00  -0.887235639735E-01   0.105478666989E+00   0.296875000000E+01
        946   0.463752524707E+07   0.319518998844E+07   0.104179551973E+00  -0.499401288802E-01   0.914295498009E-01   0.296875000000E+01
       1010   0.463691004474E+07   0.319653704152E+07   0.106375385250E+00  -0.670245042913E-01   0.826041065056E-01   0.321180555556E+01
        941   0.463690420841E+07   0.319385731234E+07   0.131454717818E+00  -0.904855528693E-01   0.953556897015E-01   0.296527777778E+01
        942   0.463746995515E+07   0.319435343683E+07   0.119848141934E+00  -0.795450392524E-01   0.896446532445E-01   0.296875000000E+01
        945   0.463809099671E+07   0.319540631059E+07   0.552738817617E-01  -0.330123161703E-02   0.551752106912E-01   0.287152777778E+01
       1009   0.463766093604E+07   0.319677776671E+07   0.536038219949E-01  -0.385770396757E-01   0.372180298017E-01   0.350347222222E+01
        842   0.463967752798E+07   0.319428540341E+07   0.462103781993E-01   0.457124928206E-01   0.676513513926E-02   0.132638888889E+01
        889   0.463892784469E+07   0.319494250905E+07   0.443313879401E-01   0.393447496566E-01   0.204270073959E-01   0.132638888889E+01
        888   0.463896449636E+07   0.319435175461E+07   0.483969013419E-01   0.443570596706E-01   0.193574615298E-01   0.132638888889E+01
        891   0.463825698823E+07   0.319400971392E+07   0.104733053042E+00  -0.541497850577E-01   0.896482748174E-01   0.296875000000E+01
        885   0.463851320447E+07   0.319284522244E+07   0.926788902306E-01  -0.732650684571E-01   0.567591969495E-01   0.329861111111E+01
        818   0.464140528327E+07   0.319147777172E+07   0.145335340651E+00   0.123184088327E+00  -0.771235477983E-01   0.110069444444E+01
        791   0.464077677499E+07   0.319241234571E+07   0.736981791623E-01   0.691744197530E-01  -0.254228492440E-01   0.112500000000E+01
        792   0.464051081113E+07   0.319203168343E+07   0.105493562444E+00   0.103212131511E+00  -0.218208071828E-01   0.112152777778E+01
        809   0.464012583723E+07   0.319284519488E+07   0.619336928329E-01   0.619336836864E-01   0.336593811543E-04   0.112500000000E+01
        841   0.463959672468E+07   0.319360686113E+07   0.463779351001E-01   0.459181184434E-01   0.651454240676E-02   0.111458333333E+01
        811   0.463960155343E+07   0.319287658426E+07   0.526723313404E-01   0.504095305270E-01   0.152726461649E-01   0.109722222222E+01
        808   0.464123003728E+07   0.319258888770E+07   0.657791977988E-01   0.569338008641E-01  -0.329460950983E-01   0.131250000000E+01
        387   0.459890860002E+07   0.317579624604E+07   0.437006582048E-01   0.140259005942E-03  -0.437004331208E-01   0.323958333333E+01
        385   0.459849296750E+07   0.317525725028E+07   0.372530492256E-01   0.177863778724E-02  -0.372105646857E-01   0.320833333333E+01
        384   0.459727932930E+07   0.317594953719E+07   0.353543282554E-01  -0.903948510623E-02  -0.341791783898E-01   0.317361111111E+01
        369   0.459807188658E+07   0.317470190358E+07   0.309841969609E-01  -0.285482653900E-02  -0.308523974230E-01   0.311111111111E+01
        412   0.459333111962E+07   0.318244162675E+07   0.101201717977E-01  -0.344286344063E-02  -0.951654183743E-02   0.961805555556E+00
        397   0.459329779958E+07   0.317967677830E+07   0.192528762551E-01  -0.804434565365E-02  -0.174917622640E-01   0.116319444444E+01
        401   0.459477395773E+07   0.317946573584E+07   0.180254678549E-01  -0.709091261180E-02  -0.165721588733E-01   0.121180555556E+01
        383   0.459626960500E+07   0.317639506687E+07   0.382922221306E-01  -0.204909546896E-01  -0.323483392404E-01   0.315277777778E+01
        368   0.459705538821E+07   0.317478676612E+07   0.313157654678E-01  -0.191633258524E-01  -0.247678038814E-01   0.315277777778E+01
        422   0.459406329520E+07   0.318887071672E+07   0.253364566377E-01   0.563033168408E-02   0.247029431461E-01   0.100000000000E+01
        409   0.459334677891E+07   0.319072836682E+07   0.160023274804E+00   0.565548013659E-01   0.149696369099E+00   0.916666666667E+00
        408   0.459244585234E+07   0.319043639396E+07   0.609745713349E-01   0.167398571766E-01   0.586316939136E-01   0.930555555556E+00
        429   0.459948256341E+07   0.318060107641E+07   0.148645318192E-01  -0.337216953430E-02  -0.144769740912E-01   0.103125000000E+01
        427   0.459803447808E+07   0.318107952748E+07   0.146849063840E-01  -0.346519475478E-02  -0.142702102584E-01   0.101736111111E+01
        416   0.459977983780E+07   0.317872611789E+07   0.179244533799E-01  -0.158472223712E-02  -0.178542623594E-01   0.130555555556E+01
        484   0.459983954294E+07   0.319057458704E+07   0.524105822061E-01  -0.738454161140E-02   0.518877410606E-01   0.916666666667E+00
        393   0.459020574761E+07   0.319189029613E+07   0.193592649559E+00   0.468205415813E-01   0.187845550518E+00   0.930555555556E+00
        377   0.458928883049E+07   0.319188832575E+07   0.204126147097E+00   0.730436878035E-01   0.190609820315E+00   0.934027777778E+00
        464   0.459738201511E+07   0.319051713598E+07   0.854944983989E-01   0.423097901517E-02   0.853897422004E-01   0.895833333333E+00
        481   0.459917778446E+07   0.318904867046E+07   0.264860892499E-01  -0.526378599265E-02   0.259577634009E-01   0.101041666667E+01
        441   0.459566352976E+07   0.318796618604E+07   0.112882488213E-01   0.100380401794E-02   0.112435287586E-01   0.130555555556E+01
        442   0.459627415365E+07   0.318900858232E+07   0.270434702111E-01   0.776849204448E-02   0.259036640731E-01   0.986111111111E+00
        423   0.459455604004E+07   0.319031718449E+07   0.129294692923E+00   0.374355055304E-01   0.123756618182E+00   0.913194444444E+00
        391   0.458958434490E+07   0.318876790735E+07   0.245741353147E-01   0.341384568678E-02   0.243358538805E-01   0.982638888889E+00
        389   0.458887200363E+07   0.318765928470E+07   0.187654000065E-01   0.166050773402E-02   0.186917883433E-01   0.104166666667E+01
        405   0.459125629389E+07   0.318606541595E+07   0.557167912953E-02   0.101309774871E-02   0.547879925477E-02   0.319791666667E+01
        452   0.459698398743E+07   0.319248566904E+07   0.296492470457E+00  -0.732780171753E-01   0.287294478256E+00   0.913194444444E+00
        463   0.459782674765E+07   0.318845575089E+07   0.190991825487E-01   0.102248557106E-02   0.190717932372E-01   0.100000000000E+01
        443   0.459638257912E+07   0.319047013598E+07   0.957844183160E-01   0.221153525818E-01   0.931963839015E-01   0.881944444444E+00
        390   0.458949583736E+07   0.319033899803E+07   0.721377871108E-01   0.160616645749E-01   0.703269739171E-01   0.947916666667E+00
        421   0.459306601548E+07   0.318809179505E+07   0.109190581198E-01   0.172933865015E-02   0.107812438084E-01   0.114930555556E+01
        394   0.459089086059E+07   0.319209880446E+07   0.189538455695E+00   0.434535083618E-01   0.184490159082E+00   0.923611111111E+00
        411   0.459420933649E+07   0.319219630837E+07   0.258354694726E+00   0.896479185906E-01   0.242302288432E+00   0.913194444444E+00
        410   0.459315956912E+07   0.319219500546E+07   0.239821519840E+00   0.803193836560E-01   0.225971586682E+00   0.923611111111E+00
        359   0.458708430400E+07   0.319195757983E+07   0.207238479874E+00   0.241026101171E-02   0.207224463281E+00   0.958333333333E+00
        376   0.458836240947E+07   0.319082691677E+07   0.185555546099E+00   0.322260927840E-01   0.182735709788E+00   0.961805555556E+00
        374   0.458831811645E+07   0.319209519515E+07   0.215762647448E+00   0.725872529044E-01   0.203186148026E+00   0.940972222222E+00
        810   0.464034398160E+07   0.319328124869E+07   0.533669000465E-01   0.526828483831E-01  -0.851724760799E-02   0.132638888889E+01
        944   0.463866540493E+07   0.319616407901E+07   0.265746772660E-01   0.243228753251E-01   0.107056624135E-01   0.111111111111E+01
        947   0.463811721257E+07   0.319718932869E+07   0.367348021507E-01  -0.366174233473E-01   0.293427954542E-02   0.398263888889E+01
        948   0.463777488933E+07   0.319845793786E+07   0.403006563540E-01  -0.423027485519E-02   0.400780198764E-01   0.321527777778E+01
       1012   0.463707100851E+07   0.319929083928E+07   0.586267975436E-01  -0.335918802200E-01   0.480487978362E-01   0.321527777778E+01
       1655   0.463511767305E+07   0.319683421801E+07   0.161726356238E+00  -0.102499206479E+00   0.125097270047E+00   0.296875000000E+01
        843   0.463899336185E+07   0.319366240999E+07   0.461851353608E-01   0.458768952335E-01   0.532702656564E-02   0.109375000000E+01
        890   0.463843627672E+07   0.319441840215E+07   0.570697393971E-01   0.610719632036E-02   0.567420241793E-01   0.287152777778E+01
        943   0.463846257321E+07   0.319570471519E+07   0.354147580767E-01   0.276266746074E-01   0.221578866269E-01   0.111458333333E+01
        886   0.463912897661E+07   0.319530317285E+07   0.414632060216E-01   0.392235141405E-01   0.134429681268E-01   0.113194444444E+01
        887   0.463976314335E+07   0.319509154533E+07   0.427578647014E-01   0.420086273810E-01   0.796932992079E-02   0.132291666667E+01
        840   0.464063894903E+07   0.319377426239E+07   0.492363849114E-01   0.487946324365E-01  -0.658068723856E-02   0.132638888889E+01
        819   0.464102629524E+07   0.319106178109E+07   0.191527622271E+00   0.188798079650E+00  -0.322197953656E-01   0.110069444444E+01
        428   0.460090609449E+07   0.317922954740E+07   0.141070049223E-01  -0.227977298152E-02  -0.139215740141E-01   0.114583333333E+01
        415   0.460183294860E+07   0.317725496911E+07   0.428839805198E-01   0.200122740848E-02  -0.428372603475E-01   0.337152777778E+01
        465   0.460014243413E+07   0.318350111132E+07   0.121273247467E-01  -0.660557521569E-02  -0.101704661438E-01   0.854166666667E+00
        446   0.460022394550E+07   0.318139116885E+07   0.140452402384E-01  -0.494569001358E-02  -0.131456807980E-01   0.993055555556E+00
        448   0.460155451502E+07   0.318114664116E+07   0.137445491940E-01  -0.576694879399E-02  -0.124761746603E-01   0.993055555556E+00
        403   0.459903044061E+07   0.317793173185E+07   0.245804144198E-01  -0.148300280675E-02  -0.245356368518E-01   0.182291666667E+01
        388   0.459950856639E+07   0.317623549484E+07   0.462890031209E-01  -0.241229265562E-02  -0.462261036003E-01   0.322916666667E+01
        426   0.459578937272E+07   0.318269842073E+07   0.975042383741E-02  -0.362180889779E-02  -0.905280427917E-02   0.916666666667E+00
        420   0.459345223217E+07   0.318540715874E+07   0.460383547747E-02   0.538355621487E-03   0.457225046650E-02   0.398611111111E+01
        445   0.459797799734E+07   0.318327280486E+07   0.104462962620E-01  -0.421655970965E-02  -0.955749600099E-02   0.885416666667E+00
        404   0.460031739153E+07   0.317671069324E+07   0.486356534288E-01  -0.623846466626E-02  -0.482338920579E-01   0.319791666667E+01
        371   0.459593428196E+07   0.317570102964E+07   0.376653973143E-01  -0.235659396597E-01  -0.293824546762E-01   0.319444444444E+01
        386   0.459496939008E+07   0.317745016179E+07   0.273030789548E-01  -0.132243023728E-01  -0.238867316133E-01   0.304861111111E+01
        370   0.459502277837E+07   0.317581812224E+07   0.388557592310E-01  -0.870884540106E-02  -0.378672158627E-01   0.325000000000E+01
        380   0.459385814963E+07   0.317729547872E+07   0.338559012970E-01  -0.935178234716E-02  -0.325386880430E-01   0.315277777778E+01
        462   0.459768295667E+07   0.318616534729E+07   0.552710659252E-02   0.395636146452E-03   0.551292838016E-02   0.395138888889E+01
        480   0.459979754638E+07   0.318639807201E+07   0.625631136591E-02  -0.212929039493E-02   0.588281856946E-02   0.273958333333E+01
        440   0.459552524732E+07   0.318585051523E+07   0.540858757181E-02   0.128372556498E-02   0.525403351681E-02   0.354861111111E+01
        396   0.459122445077E+07   0.318168038413E+07   0.133038802457E-01  -0.551068766799E-02  -0.121089037909E-01   0.103125000000E+01
        482   0.460201756559E+07   0.318412346730E+07   0.136989272274E-01  -0.848250966471E-02  -0.107567484385E-01   0.888888888889E+00
        424   0.459530348712E+07   0.319084727495E+07   0.152332524147E+00   0.436480199711E-01   0.145945360548E+00   0.899305555556E+00
        425   0.459532294894E+07   0.319201659316E+07   0.265331613664E+00   0.116254609002E+00   0.238507297782E+00   0.899305555556E+00
        395   0.459225348529E+07   0.319216397858E+07   0.201835894848E+00   0.670723726482E-01   0.190365504429E+00   0.916666666667E+00
        375   0.458796401163E+07   0.318997832062E+07   0.102742396908E+00   0.435400759408E-02   0.102650098589E+00   0.968750000000E+00
        444   0.459603526448E+07   0.319180752441E+07   0.278130570046E+00   0.902625527902E-01   0.263076577365E+00   0.906250000000E+00
        451   0.459664109111E+07   0.319192032108E+07   0.285047270308E+00   0.276304387581E-02   0.285033878510E+00   0.913194444444E+00
        500   0.460171897777E+07   0.318722131516E+07   0.949954450229E-02  -0.800969570731E-02   0.510745733483E-02   0.104166666667E+01
        398   0.459042631731E+07   0.318464839434E+07   0.450333371426E-02  -0.235674303278E-03   0.449716267937E-02   0.400000000000E+01
