         106          17
        741   0.463001795539E+07   0.318728553607E+07   0.846953461540E-02   0.610683556349E-02   0.586852417580E-02   0.323611111111E+01
        750   0.463251610674E+07   0.318610315983E+07   0.745829851433E-02   0.615571128104E-02   0.421110856585E-02   0.386111111111E+01
        754   0.463123101790E+07   0.318921004234E+07   0.266196700110E-01   0.174663504188E-01   0.200881416398E-01   0.104513888889E+01
        679   0.462233777128E+07   0.319435869975E+07   0.159972404243E+00   0.505464881285E-01   0.151776884463E+00   0.868055555556E+00
        650   0.462094209961E+07   0.319483505759E+07   0.250659393723E+00   0.875300242237E-01   0.234880025802E+00   0.854166666667E+00
        676   0.462174764828E+07   0.319266754129E+07   0.551696055107E-01   0.237131226966E-01   0.498133835849E-01   0.885416666667E+00
        644   0.463411086824E+07   0.317417353579E+07   0.593835314314E-01   0.456961529640E-02  -0.592074524136E-01   0.286458333333E+01
        672   0.463291531443E+07   0.317563723705E+07   0.555514753308E-01   0.191288541412E-02  -0.555185309678E-01   0.269791666667E+01
        643   0.463350599702E+07   0.317374384420E+07   0.572247163423E-01  -0.145952969795E-03  -0.572245302137E-01   0.271180555556E+01
        727   0.462780363713E+07   0.318651562580E+07   0.889444912442E-02   0.715296105252E-02   0.528643295692E-02   0.273958333333E+01
        729   0.462768109438E+07   0.318957030388E+07   0.129607946820E-01   0.900865456777E-02   0.931806533928E-02   0.123611111111E+01
        686   0.463486036721E+07   0.317779255351E+07   0.350476270064E-01   0.194248326251E-01  -0.291721105899E-01   0.256250000000E+01
        675   0.463454569642E+07   0.317676200066E+07   0.431825321944E-01   0.673251142749E-02  -0.426544766302E-01   0.254861111111E+01
        659   0.463579431272E+07   0.317580147128E+07   0.364726176303E-01   0.401463628222E-02  -0.362509935358E-01   0.257638888889E+01
        742   0.462897321614E+07   0.319064231150E+07   0.244405992379E-01   0.165253010578E-01   0.180071462497E-01   0.105555555556E+01
        751   0.463443783683E+07   0.318442857053E+07   0.731449681877E-02   0.392780798684E-02   0.617042852080E-02   0.400000000000E+01
        736   0.463494269979E+07   0.318267524856E+07   0.828329998724E-02   0.478095784428E-02   0.676428124562E-02   0.400000000000E+01
        739   0.463587164041E+07   0.318259712823E+07   0.945763119567E-02   0.362528887506E-02   0.873521999755E-02   0.400000000000E+01
        662   0.463605180110E+07   0.317903197810E+07   0.218000148810E-01   0.213834133113E-01  -0.424149548776E-02   0.330555555556E+01
        688   0.463586333143E+07   0.317971940900E+07   0.214384885918E-01   0.442970506358E-02   0.209758553139E-01   0.105555555556E+01
        687   0.463525198886E+07   0.317958086625E+07   0.313040006350E-01   0.306023808286E-01  -0.659050403033E-02   0.329513888889E+01
        728   0.463051956435E+07   0.318400127409E+07   0.675216742291E-02   0.537299999238E-02  -0.408933197341E-02   0.110416666667E+01
        723   0.463472853518E+07   0.318174215858E+07   0.142442452160E-01  -0.142094516970E-03   0.142435364612E-01   0.364583333333E+00
        735   0.463370183043E+07   0.318362281433E+07   0.910916955018E-02   0.846988227239E-02   0.335232220793E-02   0.395486111111E+01
        722   0.463355775895E+07   0.318239478479E+07   0.125280055873E-01   0.769068828338E-02  -0.988960250577E-02   0.134722222222E+01
        706   0.463426925131E+07   0.318089447999E+07   0.237216843711E-01   0.182301014317E-01  -0.151783303163E-01   0.328472222222E+01
        642   0.462852007888E+07   0.317589273566E+07   0.633437706274E-01  -0.168969813070E-01  -0.610485487133E-01   0.252430555556E+01
        619   0.462937901957E+07   0.317413772367E+07   0.699958496159E-01  -0.336100104589E-01  -0.613985843517E-01   0.287847222222E+01
        641   0.462994815725E+07   0.317500855224E+07   0.710971828691E-01  -0.336152900082E-01  -0.626483973425E-01   0.260763888889E+01
        660   0.463624241524E+07   0.317641200095E+07   0.297140336419E-01   0.111218549130E-01  -0.275540947695E-01   0.136458333333E+01
        622   0.463283993108E+07   0.317332284770E+07   0.501240025079E-01  -0.564999513649E-02  -0.498045498159E-01   0.285763888889E+01
        645   0.463122527756E+07   0.317473706149E+07   0.529351043917E-01  -0.185270896956E-01  -0.495870166916E-01   0.277430555556E+01
        621   0.463208123180E+07   0.317309412477E+07   0.439742997491E-01  -0.120095261919E-01  -0.423026041641E-01   0.313888888889E+01
        690   0.462298884343E+07   0.318338684715E+07   0.116352879684E-01  -0.225541547877E-02  -0.114145971074E-01   0.857638888889E+00
        691   0.462602768221E+07   0.318081709329E+07   0.133008202565E-01  -0.760040816809E-03  -0.132790872221E-01   0.107291666667E+01
        711   0.462565782990E+07   0.318470995430E+07   0.674542325358E-02   0.441300571072E-02  -0.510157970310E-02   0.909722222222E+00
        715   0.462577837046E+07   0.319009474274E+07   0.122822751265E-01   0.826745069979E-02   0.908314599736E-02   0.128819444444E+01
        717   0.462584161098E+07   0.319211678019E+07   0.228094746406E-01   0.148861560267E-01   0.172822015995E-01   0.951388888889E+00
        623   0.461838310904E+07   0.319550456550E+07   0.336946936001E+00   0.148740409262E+00   0.302340087208E+00   0.788194444444E+00
        599   0.461797206952E+07   0.319677071969E+07   0.353825981696E+00   0.166188714805E+00   0.312368590602E+00   0.791666666667E+00
        598   0.461700146483E+07   0.319690584292E+07   0.371921633406E+00   0.153393481374E+00   0.338815792529E+00   0.791666666667E+00
        649   0.461984589692E+07   0.319458750068E+07   0.221360861198E+00   0.739099804756E-01   0.208657484065E+00   0.847222222222E+00
        624   0.461898125843E+07   0.319646042907E+07   0.286048563893E+00   0.117895616639E+00   0.260623108113E+00   0.784722222222E+00
        697   0.462366967102E+07   0.319143988924E+07   0.196259716308E-01   0.108655003471E-01   0.163437959073E-01   0.110416666667E+01
        712   0.462527685250E+07   0.318839830858E+07   0.113477969881E-01   0.751760367595E-02   0.850047830734E-02   0.237152777778E+01
        700   0.462421246718E+07   0.319282908472E+07   0.336831730088E-01   0.172483212312E-01   0.289318433330E-01   0.909722222222E+00
        693   0.462307774285E+07   0.318929783880E+07   0.144955727509E-01   0.972296059837E-02   0.107510774613E-01   0.144444444444E+01
        730   0.462713017071E+07   0.319225936194E+07   0.262554524901E-01   0.181471521460E-01   0.189744474084E-01   0.944444444444E+00
        640   0.461870571470E+07   0.319369010501E+07   0.186014139196E+00   0.839886727275E-01   0.165973379896E+00   0.847222222222E+00
        669   0.462061151061E+07   0.319159108300E+07   0.329459568888E-01   0.182047746807E-01   0.274594656566E-01   0.104166666667E+01
        680   0.462369353754E+07   0.319570401469E+07   0.144243278809E+00   0.596737319106E-01   0.131320863542E+00   0.895833333333E+00
        655   0.462265800915E+07   0.319645711354E+07   0.189248993172E+00   0.695067256491E-01   0.176022715882E+00   0.888888888889E+00
        681   0.462315996846E+07   0.319498900925E+07   0.147161965210E+00   0.652984618875E-01   0.131881594165E+00   0.885416666667E+00
        725   0.463687302077E+07   0.318107914591E+07   0.234339921893E-01   0.174155964409E-02   0.233691882600E-01   0.107986111111E+01
        724   0.463582182805E+07   0.318138222874E+07   0.140991942408E-01  -0.118475310661E-02   0.140493287497E-01   0.105208333333E+01
        710   0.463650323174E+07   0.318063617878E+07   0.130580611693E-01  -0.307893654000E-02   0.126898822408E-01   0.392361111111E+01
        685   0.463520653735E+07   0.317867194441E+07   0.465038129440E-01   0.403390581538E-01  -0.231379559510E-01   0.135763888889E+01
        704   0.463433121343E+07   0.317966257163E+07   0.392365536816E-01   0.307929905012E-01  -0.243166379419E-01   0.258333333333E+01
        734   0.463211766262E+07   0.318422566544E+07   0.687354450838E-02   0.396279219977E-02  -0.561621688418E-02   0.102777777778E+01
        714   0.463164430711E+07   0.318085733318E+07   0.804198362775E-02   0.511966267138E-02  -0.620181866876E-02   0.119097222222E+01
        713   0.462919815165E+07   0.318238679645E+07   0.806782461641E-02   0.445712690857E-02  -0.672486533411E-02   0.106597222222E+01
        620   0.463086122514E+07   0.317331976999E+07   0.606580841366E-01  -0.346068872168E-01  -0.498173316055E-01   0.303125000000E+01
        670   0.462955881120E+07   0.317682285683E+07   0.334189407901E-01  -0.836161513367E-02  -0.323559731099E-01   0.224305555556E+01
        671   0.462787411294E+07   0.317822555628E+07   0.137273776288E-01  -0.217161352802E-02  -0.135545192187E-01   0.122569444444E+01
        721   0.463279806292E+07   0.318169129172E+07   0.121065829459E-01   0.923538511913E-02  -0.782796348534E-02   0.124305555556E+01
        708   0.463568968528E+07   0.318055378128E+07   0.252166335867E-01  -0.683946966693E-03   0.252073565848E-01   0.109375000000E+01
        709   0.463632063611E+07   0.318018258384E+07   0.193124294171E-01  -0.803853194007E-02   0.175599525694E-01   0.294097222222E+01
        689   0.463635853416E+07   0.317956959244E+07   0.220628223481E-01  -0.214690593077E-02   0.219581175169E-01   0.294097222222E+01
        674   0.463349489536E+07   0.317658104638E+07   0.469540270048E-01   0.651238091606E-02  -0.465002101798E-01   0.263194444444E+01
        696   0.463324433675E+07   0.317829983527E+07   0.212859341375E-01   0.845554411176E-02  -0.195344507442E-01   0.248958333333E+01
        695   0.463137861495E+07   0.317866078797E+07   0.150354330849E-01   0.220785032817E-02  -0.148724458304E-01   0.128472222222E+01
        694   0.462858886703E+07   0.318006995852E+07   0.114231767585E-01  -0.133448014129E-03  -0.114223972477E-01   0.113194444444E+01
        666   0.462677298199E+07   0.317765796787E+07   0.148099155795E-01  -0.417306529602E-02  -0.142098249640E-01   0.127083333333E+01
        665   0.462478949793E+07   0.317925694089E+07   0.156331110334E-01  -0.502320465387E-02  -0.148041067136E-01   0.114930555556E+01
        633   0.462606543975E+07   0.317618669445E+07   0.380676910706E-01  -0.984739067972E-02  -0.367719730264E-01   0.234722222222E+01
        607   0.462661950553E+07   0.317387368668E+07   0.743507585485E-01  -0.178603663579E-01  -0.721736974964E-01   0.234722222222E+01
        608   0.462750584624E+07   0.317415459704E+07   0.705223686330E-01  -0.158095847008E-01  -0.687274436393E-01   0.245486111111E+01
        634   0.462744538085E+07   0.317570716453E+07   0.488889155236E-01  -0.122832925704E-01  -0.473206803069E-01   0.248263888889E+01
        618   0.462842964889E+07   0.317424360989E+07   0.662657696719E-01  -0.199831930273E-01  -0.631808849783E-01   0.261458333333E+01
        673   0.463091557611E+07   0.317695144923E+07   0.297555628956E-01  -0.306364365174E-02  -0.295974257463E-01   0.240277777778E+01
        617   0.461722915352E+07   0.319549910146E+07   0.297055459486E+00   0.157944845334E+00   0.251585714703E+00   0.798611111111E+00
        668   0.461855126722E+07   0.319115418787E+07   0.250982634194E-01   0.142525902913E-01   0.206588115984E-01   0.113194444444E+01
        716   0.462567650696E+07   0.319383421241E+07   0.498211270950E-01   0.304901450415E-01   0.394017228096E-01   0.895833333333E+00
        701   0.462450196379E+07   0.319406854692E+07   0.631061857338E-01   0.295548317348E-01   0.557575340111E-01   0.881944444444E+00
        654   0.462171476050E+07   0.319650621486E+07   0.184803048280E+00   0.600124073580E-01   0.174787521341E+00   0.868055555556E+00
        707   0.463514982156E+07   0.318047702289E+07   0.228032622773E-01   0.518509970843E-02   0.222059341506E-01   0.102777777778E+01
        705   0.463338470755E+07   0.317962363392E+07   0.178285192535E-01   0.135313570425E-01  -0.116085518201E-01   0.135069444444E+01
        692   0.462174750008E+07   0.318771287065E+07   0.111725411020E-01   0.814197094987E-02   0.765075053363E-02   0.237152777778E+01
        648   0.463482967622E+07   0.317537596645E+07   0.472041680030E-01   0.669613587363E-02  -0.467268150126E-01   0.268402777778E+01
        646   0.463223756411E+07   0.317493054040E+07   0.533532042365E-01  -0.693463952062E-02  -0.529006160363E-01   0.277430555556E+01
        647   0.463449583293E+07   0.317461545342E+07   0.538801772711E-01   0.946630331136E-02  -0.530420833337E-01   0.288541666667E+01
        658   0.463577593094E+07   0.317773147754E+07   0.405800629478E-01   0.263745161094E-01  -0.308403373659E-01   0.135763888889E+01
        661   0.463583027547E+07   0.317858004531E+07   0.388954477137E-01   0.340333472020E-01  -0.188304840903E-01   0.135763888889E+01
        628   0.463645697175E+07   0.317838361538E+07   0.240578587808E-01   0.197894026131E-01  -0.136806474018E-01   0.135763888889E+01
        627   0.463639855971E+07   0.317786451649E+07   0.364331183241E-01   0.214252668968E-01  -0.294674404931E-01   0.135763888889E+01
        626   0.463642736491E+07   0.317714637851E+07   0.366008680804E-01   0.183751940217E-01  -0.316540011515E-01   0.136805555556E+01
        632   0.462430195330E+07   0.317732257959E+07   0.286705215169E-01  -0.129789360230E-01  -0.255645462264E-01   0.234722222222E+01
        606   0.462535867456E+07   0.317521629873E+07   0.690991087247E-01  -0.248447764926E-01  -0.644780885850E-01   0.234722222222E+01
        664   0.462265251439E+07   0.318014867503E+07   0.197185325728E-01  -0.962571644203E-02  -0.172094773250E-01   0.111111111111E+01
        667   0.461907719159E+07   0.318718966341E+07   0.779623263023E-02   0.553333347956E-02   0.549212744104E-02   0.296875000000E+01
        699   0.462461061926E+07   0.319499009902E+07   0.100236734776E+00   0.447066087285E-01   0.897146706767E-01   0.875000000000E+00
        651   0.462086337424E+07   0.319645820541E+07   0.257760970521E+00   0.700810962784E-01   0.248051119466E+00   0.854166666667E+00
        625   0.461986260451E+07   0.319639199969E+07   0.277796317063E+00   0.940359126537E-01   0.261396329173E+00   0.822916666667E+00
        652   0.462321475715E+07   0.319645926915E+07   0.143416229538E+00   0.285041966090E-01   0.140555062771E+00   0.895833333333E+00
        653   0.462345472272E+07   0.319675766202E+07   0.865280578991E-01   0.336605074894E-01   0.797124522227E-01   0.902777777778E+00
        678   0.462414967810E+07   0.319603974767E+07   0.888248834213E-01   0.532070219914E-01   0.711257529001E-01   0.888888888889E+00
