         110          17
       1592   0.460629004765E+07   0.323548360635E+07   0.526796963376E-02  -0.429297340778E-04  -0.526779470938E-02   0.947916666667E+00
       1578   0.460580072650E+07   0.323460091788E+07   0.872373558018E-02   0.332354247663E-02  -0.806583088584E-02   0.947916666667E+00
       1577   0.460700088042E+07   0.323351963249E+07   0.316154011047E-01   0.191404292130E-01  -0.251630196231E-01   0.899305555556E+00
        856   0.465419692154E+07   0.317955513189E+07   0.663830976207E-02   0.450943646763E-02   0.487156435261E-02   0.125694444444E+01
        857   0.465464346188E+07   0.317911901773E+07   0.595373491369E-02   0.143920026609E-02   0.577716730038E-02   0.126388888889E+01
        910   0.465443970750E+07   0.318001142403E+07   0.664459559271E-02   0.263579474318E-02   0.609944560288E-02   0.134722222222E+01
       1611   0.460317132819E+07   0.323884200186E+07   0.261993980315E-01   0.259226947865E-01   0.379767721382E-02   0.614583333333E+00
       1600   0.460362880806E+07   0.323730075826E+07   0.149489091347E-01   0.136391678859E-01   0.611906722449E-02   0.545138888889E+00
       1605   0.460421540906E+07   0.323780071651E+07   0.219131397278E-01   0.735440145530E-02   0.206421527938E-01   0.652777777778E+00
       1560   0.460505477818E+07   0.323463599429E+07   0.193465309640E-01  -0.156140647932E-01   0.114231887394E-01   0.451388888889E+00
       1575   0.460473013628E+07   0.323560751348E+07   0.188845047454E-01  -0.543178627621E-02   0.180864650313E-01   0.496527777778E+00
       1033   0.465333045977E+07   0.318254945764E+07   0.494481500451E-02   0.494453667975E-02   0.524638107887E-04   0.119097222222E+01
        969   0.465361231410E+07   0.318116119502E+07   0.431039327507E-02   0.425233912927E-02   0.705054689670E-03   0.135416666667E+01
        970   0.465434723379E+07   0.318106385607E+07   0.272247123634E-02   0.931025978701E-03   0.255832762946E-02   0.409722222222E+00
       1098   0.465403264108E+07   0.318354962849E+07   0.435064014090E-02   0.329744369125E-02   0.283812169200E-02   0.146527777778E+01
       1166   0.465260507831E+07   0.318622033952E+07   0.245737873903E-02   0.422340347849E-03   0.242081368503E-02   0.210763888889E+01
       1097   0.465222708520E+07   0.318462184057E+07   0.496807535198E-02   0.315678059344E-02   0.383621023770E-02   0.146875000000E+01
        914   0.465507338769E+07   0.318001843225E+07   0.541691618547E-02   0.117602400350E-02   0.528771675712E-02   0.134375000000E+01
        861   0.465511713255E+07   0.317910463896E+07   0.852541218469E-02   0.252831995435E-02   0.814188252969E-02   0.135069444444E+01
        967   0.465166511807E+07   0.318248463899E+07   0.796291565932E-02  -0.731554649377E-02  -0.314496507055E-02   0.117708333333E+01
       1032   0.465191092838E+07   0.318343281185E+07   0.633763901066E-02   0.389111224806E-02   0.500249074986E-02   0.136111111111E+01
       1029   0.465078977621E+07   0.318368152512E+07   0.669437051045E-02   0.823514940255E-03   0.664352464241E-02   0.399305555556E+00
        853   0.465267738115E+07   0.318079416867E+07   0.137348898752E-01   0.131156447248E-01   0.407762962220E-02   0.114236111111E+01
        854   0.465327965894E+07   0.318037437327E+07   0.975343005870E-02   0.856939355015E-02   0.465777759158E-02   0.114236111111E+01
        908   0.465306179508E+07   0.318105468465E+07   0.822971181346E-02   0.406375519412E-02   0.715639925206E-02   0.157291666667E+01
       1620   0.460370232365E+07   0.324082368599E+07   0.156455544585E-01   0.106596388709E-01   0.114523130177E-01   0.100347222222E+01
       1625   0.460251583794E+07   0.324265805583E+07   0.738163852802E-02   0.697775632326E-02   0.240821594787E-02   0.277777777778E+00
       1623   0.460226754926E+07   0.324167418186E+07   0.281918795396E-01   0.271578249608E-01  -0.756535626210E-02   0.652777777778E+00
       1593   0.460507499421E+07   0.323669758735E+07   0.955521094195E-02  -0.432820651779E-02   0.851872551996E-02   0.531250000000E+00
       1606   0.460542931055E+07   0.323746405666E+07   0.115190868905E-01  -0.257617281304E-02   0.112273192004E-01   0.607638888889E+00
       1558   0.460824279889E+07   0.323185840249E+07   0.588875189603E-01   0.310168837482E-01  -0.500568957472E-01   0.881944444444E+00
       1570   0.460842424486E+07   0.323252335238E+07   0.412284714811E-01   0.316252296669E-01  -0.264505521528E-01   0.868055555556E+00
       1603   0.460703371603E+07   0.323660904619E+07   0.600737724663E-02  -0.101337302590E-03   0.600652246599E-02   0.400000000000E+01
       1645   0.459937704076E+07   0.324681153998E+07   0.583900469518E-02  -0.465191309586E-02  -0.352897724262E-02   0.104513888889E+01
       1643   0.459926544613E+07   0.324621781874E+07   0.569546728516E-02  -0.183254013767E-02  -0.539260087900E-02   0.104861111111E+01
       1642   0.459976081606E+07   0.324603098142E+07   0.347972826485E-02  -0.335720028649E-02  -0.915267738750E-03   0.105902777778E+01
        862   0.465575255629E+07   0.317932337433E+07   0.932445281029E-02   0.338515786355E-02   0.868827522873E-02   0.127083333333E+01
        909   0.465377661627E+07   0.318024565885E+07   0.768461797256E-02   0.728419071688E-02   0.244824814599E-02   0.134027777778E+01
        968   0.465261548956E+07   0.318205943665E+07   0.733190314429E-02  -0.159053443382E-02  -0.715730423638E-02   0.157638888889E+01
        976   0.465612600454E+07   0.318041470474E+07   0.468083629319E-02   0.610691613470E-03   0.464082796027E-02   0.857638888889E+00
       1037   0.465545678455E+07   0.318172299318E+07   0.347859467105E-02   0.152585848245E-02   0.312608009766E-02   0.135763888889E+01
        975   0.465519087348E+07   0.318084530696E+07   0.324248097323E-02   0.642985715786E-03   0.317808939947E-02   0.133333333333E+01
       1101   0.465575342005E+07   0.318283525206E+07   0.334735636034E-02   0.286355033642E-03   0.333508551581E-02   0.128819444444E+01
        907   0.465234298169E+07   0.318135152369E+07   0.114752186393E-01   0.105531476298E-01   0.450685232990E-02   0.122569444444E+01
       1591   0.460439000184E+07   0.323666328515E+07   0.131277157941E-01  -0.944181083034E-04   0.131273762493E-01   0.531250000000E+00
       1576   0.460400508786E+07   0.323647187548E+07   0.304790179011E-01  -0.727558021691E-02   0.295979131819E-01   0.559027777778E+00
       1579   0.460528398287E+07   0.323573932651E+07   0.804430228397E-02  -0.424944100313E-02   0.683030382903E-02   0.468750000000E+00
       1618   0.460287879629E+07   0.324026119568E+07   0.281428723502E-01   0.273333318904E-01  -0.670150967210E-02   0.618055555556E+00
       1612   0.460203222265E+07   0.324021260865E+07   0.427913321690E-01   0.357699292720E-01  -0.234863847510E-01   0.631944444444E+00
       1613   0.460556933539E+07   0.323907033021E+07   0.147108697712E-01   0.187371716932E-02   0.145910545676E-01   0.743055555556E+00
       1614   0.460416259619E+07   0.323906634285E+07   0.299763041390E-01   0.175873533956E-01   0.242747566491E-01   0.774305555556E+00
       1632   0.459999379880E+07   0.324399113617E+07   0.179372908058E-02   0.176733265146E-02  -0.306593074944E-03   0.381944444444E+00
       1631   0.460063307971E+07   0.324398301029E+07   0.361857489973E-02   0.354515247200E-02   0.725243583386E-03   0.114583333333E+01
       1635   0.459998776704E+07   0.324457691121E+07   0.219318307187E-02   0.217712136321E-02   0.264942553436E-03   0.111805555556E+01
       1609   0.460616131092E+07   0.324046853091E+07   0.140529316805E-01   0.126416536518E-01   0.613787273939E-02   0.114236111111E+01
       1604   0.460781802675E+07   0.323809494672E+07   0.103047604129E-01   0.101530946335E-01   0.176146431421E-02   0.958333333333E+00
       1646   0.459880232420E+07   0.324685099619E+07   0.964139193174E-02   0.464108734369E-03  -0.963021502688E-02   0.105902777778E+01
       1644   0.459875682983E+07   0.324623312022E+07   0.117261765897E-01   0.900983504292E-02  -0.750507094643E-02   0.105902777778E+01
       1640   0.459957046228E+07   0.324544757335E+07   0.215150702675E-02   0.213762061303E-02  -0.244050406465E-03   0.105902777778E+01
       1637   0.459951733570E+07   0.324470078907E+07   0.199282829540E-02   0.198942457996E-02   0.116423604135E-03   0.105208333333E+01
       1619   0.460172661124E+07   0.324124459547E+07   0.482061296000E-01   0.455006538489E-01  -0.159223563060E-01   0.645833333333E+00
       1602   0.460222594378E+07   0.323926586046E+07   0.367935006762E-01   0.347628545293E-01  -0.120542787833E-01   0.628472222222E+00
       1601   0.460277332054E+07   0.323841208701E+07   0.327885566462E-01   0.327413803321E-01   0.175825506923E-02   0.607638888889E+00
       1589   0.460933339926E+07   0.323508676032E+07   0.253113037797E-01   0.195615459680E-01  -0.160626280033E-01   0.875000000000E+00
       1588   0.460782879500E+07   0.323445185899E+07   0.231845141839E-01   0.136351227517E-01  -0.187511366452E-01   0.875000000000E+00
       1571   0.460928737154E+07   0.323281275157E+07   0.544339010642E-01   0.473905191817E-01  -0.267803711094E-01   0.868055555556E+00
       1590   0.461065374680E+07   0.323698684748E+07   0.158180195553E-01   0.156957103412E-01  -0.196326756658E-02   0.947916666667E+00
       1597   0.460800704664E+07   0.324056772566E+07   0.146356117942E-01   0.142653404174E-01   0.327126815881E-02   0.104861111111E+01
       1584   0.461094377779E+07   0.324002449773E+07   0.851194491975E-02   0.848136785326E-02  -0.720836773866E-03   0.101388888889E+01
       1585   0.460787631034E+07   0.324309106181E+07   0.831852276402E-02   0.728266660273E-02  -0.402002339905E-02   0.958333333333E+00
       1629   0.460143855338E+07   0.324381320881E+07   0.165823400901E-02   0.165715725162E-02   0.597484062548E-04   0.400000000000E+01
       1626   0.460202037083E+07   0.324412462095E+07   0.441163972409E-02  -0.366308858447E-02  -0.245852538679E-02   0.631944444444E+00
       1630   0.460121225043E+07   0.324477679192E+07   0.526087329073E-02  -0.521993716567E-02  -0.655014326251E-03   0.107291666667E+01
       1627   0.460142974040E+07   0.324291800583E+07   0.127340260863E-01   0.122825164012E-01  -0.336083489927E-02   0.649305555556E+00
       1621   0.460373943676E+07   0.324219189923E+07   0.696107404626E-02   0.476414875440E-02   0.507537570269E-02   0.291666666667E+00
       1616   0.460481795623E+07   0.324094167841E+07   0.191673763192E-01   0.131962222236E-01   0.139013680617E-01   0.104513888889E+01
       1639   0.460018213718E+07   0.324616925728E+07   0.303110726449E-02  -0.217732202254E-02  -0.210876268438E-02   0.993055555556E+00
       1638   0.460018729682E+07   0.324543764294E+07   0.167603516315E-02  -0.142900459609E-02  -0.875808045454E-03   0.715277777778E+00
        863   0.465624885775E+07   0.317914172246E+07   0.811325990777E-02   0.154624877714E-02   0.796455278407E-02   0.127083333333E+01
        915   0.465576767797E+07   0.317993886651E+07   0.757478234198E-02   0.132357148595E-02   0.745824952988E-02   0.127083333333E+01
        916   0.465640578231E+07   0.317948781625E+07   0.104848687860E-01   0.365818043051E-03   0.104784851299E-01   0.129166666667E+01
        977   0.465702095602E+07   0.317953270657E+07   0.154137766420E-01   0.606754372721E-02   0.141693127388E-01   0.135763888889E+01
       1034   0.465446161596E+07   0.318195387026E+07   0.507888690171E-02   0.373737798718E-02   0.343905480347E-02   0.996527777778E+00
       1038   0.465690495993E+07   0.318075696182E+07   0.566143436660E-02   0.244221864028E-02   0.510758330332E-02   0.614583333333E+00
       1167   0.465454208064E+07   0.318493427253E+07   0.293332985160E-02  -0.107831192435E-02   0.272794197374E-02   0.175694444444E+01
       1094   0.465070668074E+07   0.318506923466E+07   0.782336999218E-02   0.442307538725E-02   0.645302426411E-02   0.119097222222E+01
        855   0.465387429719E+07   0.317942335657E+07   0.510903942869E-02   0.486715268909E-02   0.155341835479E-02   0.155902777778E+01
        820   0.465443899582E+07   0.317870826192E+07   0.256870958448E-02   0.127966128768E-02   0.222727095752E-02   0.126388888889E+01
        906   0.465165465914E+07   0.318168105788E+07   0.855407755033E-02   0.597618994062E-02   0.612024480970E-02   0.805555555556E+00
       1556   0.460408299029E+07   0.323555070707E+07   0.361266731480E-01  -0.268580198994E-01   0.241616075588E-01   0.531250000000E+00
       1539   0.460449318590E+07   0.323442385535E+07   0.323447167506E-01  -0.278629393807E-01   0.164267255029E-01   0.493055555556E+00
       1559   0.460586046511E+07   0.323332059711E+07   0.197856018150E-01   0.178590644775E-01  -0.851609389143E-02   0.975694444444E+00
       1557   0.460723727775E+07   0.323214530408E+07   0.693362704001E-01   0.599744847121E-01  -0.347933840911E-01   0.906250000000E+00
       1628   0.460049063533E+07   0.324328481280E+07   0.108222680250E-01   0.106875016173E-01  -0.170258461909E-02   0.649305555556E+00
       1636   0.460019780089E+07   0.324488521467E+07   0.194586859274E-02   0.194459258515E-02   0.704574907224E-04   0.625000000000E+00
       1641   0.459913188804E+07   0.324539620641E+07   0.854520263720E-02   0.821385434214E-02  -0.235649845255E-02   0.106597222222E+01
       1633   0.460074488396E+07   0.324467988732E+07   0.113904016935E-02  -0.938932430698E-03   0.644839823502E-03   0.614583333333E+00
       1634   0.460064808804E+07   0.324544582235E+07   0.477658031810E-02  -0.476552828600E-02  -0.324745578211E-03   0.102777777778E+01
       1622   0.460291803570E+07   0.324335078009E+07   0.665295251010E-02   0.653910329376E-02   0.122552242538E-02   0.284722222222E+00
       1624   0.460117900548E+07   0.324213491716E+07   0.372053727915E-01   0.367035887606E-01  -0.608985522346E-02   0.645833333333E+00
       1550   0.460930162156E+07   0.323102511065E+07   0.396416452517E-01   0.369444875134E-01  -0.143723651718E-01   0.875000000000E+00
       1572   0.461095596031E+07   0.323245984780E+07   0.576417924195E-01   0.506540728364E-01  -0.275089283399E-01   0.871527777778E+00
       1615   0.460464846529E+07   0.324250837301E+07   0.307436538649E-01   0.307288122177E-01  -0.955171532272E-03   0.103819444444E+01
       1596   0.460615324512E+07   0.324339588450E+07   0.174611195089E-01   0.166990770978E-01  -0.510210922907E-02   0.104166666667E+01
       1608   0.460588437515E+07   0.324217268567E+07   0.235865290340E-01   0.235859374937E-01  -0.167046159737E-03   0.107291666667E+01
       1607   0.460465401425E+07   0.324379956713E+07   0.582552570256E-01   0.581759520625E-01   0.303867943948E-02   0.104166666667E+01
       1551   0.461055727097E+07   0.323100751069E+07   0.604924406379E-01   0.546081280698E-01  -0.260247521226E-01   0.875000000000E+00
       1574   0.461243274946E+07   0.323328501966E+07   0.317572848878E-01   0.289433108871E-01  -0.130694260907E-01   0.888888888889E+00
       1617   0.460371720359E+07   0.324329337149E+07   0.267239198405E-01   0.187306733753E-01  -0.190612110463E-01   0.103819444444E+01
       1610   0.460366907740E+07   0.324403897130E+07   0.665840460206E-01   0.659744457807E-01  -0.898930967373E-02   0.104166666667E+01
