         110          17
        179   0.456545624188E+07   0.318082398986E+07   0.585812876676E-02  -0.566790526630E-03   0.583064500264E-02   0.170138888889E+01
        197   0.456789360560E+07   0.317837240406E+07   0.616858041369E-02  -0.310897276499E-02  -0.532782063011E-02   0.725694444444E+00
        198   0.456730837696E+07   0.318096446312E+07   0.857161725334E-02  -0.101392245266E-02   0.851143839769E-02   0.160069444444E+01
        201   0.456828702646E+07   0.318213289497E+07   0.210409801728E-01   0.140904753996E-02   0.209937474421E-01   0.153819444444E+01
        215   0.456981999478E+07   0.317891101446E+07   0.719800826909E-02  -0.370223170124E-02  -0.617290883395E-02   0.697916666667E+00
        216   0.457197267003E+07   0.317623143486E+07   0.207706216231E-01  -0.124716922721E-01  -0.166095037398E-01   0.152777777778E+01
        204   0.457354749310E+07   0.317382734415E+07   0.680745384726E-01  -0.260449082370E-01  -0.628951949133E-01   0.160416666667E+01
        219   0.457377353748E+07   0.317553113258E+07   0.285201879424E-01  -0.173650621820E-01  -0.226242289523E-01   0.154513888889E+01
        182   0.456847180766E+07   0.317572956112E+07   0.879745297949E-02  -0.481146303210E-02  -0.736512066547E-02   0.152430555556E+01
        178   0.456591740513E+07   0.317797984512E+07   0.542068457916E-02  -0.267375924504E-02  -0.471538257263E-02   0.770833333333E+00
        180   0.456560435753E+07   0.318279633459E+07   0.154548334980E-01   0.382507175505E-02   0.149740009523E-01   0.149652777778E+01
        142   0.456328301229E+07   0.317651555729E+07   0.580335606416E-02  -0.502902032187E-02  -0.289618649428E-02   0.144097222222E+01
        158   0.456533854970E+07   0.317599652092E+07   0.564147877741E-02  -0.381090340830E-02  -0.415972330914E-02   0.150347222222E+01
        157   0.456367161000E+07   0.317844773321E+07   0.451858861294E-02  -0.326930979777E-02  -0.311917561212E-02   0.770833333333E+00
        124   0.456405428201E+07   0.317439330555E+07   0.137333347809E-01  -0.100138788796E-01  -0.939822930075E-02   0.276388888889E+01
        143   0.456510772261E+07   0.317452405813E+07   0.909321550788E-02  -0.634997563093E-02  -0.650879234262E-02   0.220486111111E+01
        135   0.456615949943E+07   0.317276197389E+07   0.147510319741E-01  -0.690918285605E-02  -0.130328867317E-01   0.276736111111E+01
        136   0.456737137936E+07   0.317157076616E+07   0.186562767864E-01  -0.127970795623E-01  -0.135753975340E-01   0.171875000000E+01
        152   0.456682600658E+07   0.317345683214E+07   0.134169931231E-01  -0.695084659432E-02  -0.114761246110E-01   0.277083333333E+01
        127   0.456052664780E+07   0.318260029763E+07   0.888502078644E-02   0.506999041255E-03   0.887054374588E-02   0.138888888889E+01
        110   0.455944672091E+07   0.318308435470E+07   0.131667328241E-01   0.162292712578E-02   0.130663292781E-01   0.805555555556E+00
        126   0.456003599649E+07   0.318148432210E+07   0.429744171844E-02  -0.825942185255E-03   0.421732436860E-02   0.170138888889E+01
        149   0.456353794791E+07   0.318467558919E+07   0.536464262419E-01   0.153633422837E-01   0.513994821219E-01   0.767361111111E+00
        161   0.456427145553E+07   0.318324549271E+07   0.134394458695E-01   0.424433525519E-02   0.127516400326E-01   0.746527777778E+00
        162   0.456446193819E+07   0.318443779377E+07   0.359059516859E-01   0.148087276885E-01   0.327099212887E-01   0.756944444444E+00
        132   0.456311005989E+07   0.318628088313E+07   0.125531417987E+00   0.641939622765E-01   0.107876188796E+00   0.791666666667E+00
        113   0.456238135725E+07   0.318705836685E+07   0.120239828502E+00   0.309998645261E-01   0.116174974747E+00   0.798611111111E+00
        114   0.456254814519E+07   0.318629568567E+07   0.144623178128E+00   0.372171668981E-01   0.139752445918E+00   0.798611111111E+00
        175   0.457383929223E+07   0.317128380270E+07   0.592904875688E-01   0.662243670901E-02  -0.589194810584E-01   0.255902777778E+01
        189   0.457429742857E+07   0.317215323980E+07   0.673261399018E-01  -0.248998555843E-02  -0.672800794143E-01   0.171527777778E+01
        188   0.457307566919E+07   0.317255588177E+07   0.588113562612E-01  -0.629762690704E-02  -0.584732034408E-01   0.169097222222E+01
        116   0.456660360840E+07   0.317147587650E+07   0.169761789210E-01  -0.500488695921E-02  -0.162216447157E-01   0.181250000000E+01
        154   0.456983812354E+07   0.317165557264E+07   0.339851106520E-01  -0.701278209815E-02  -0.332537010463E-01   0.169097222222E+01
        163   0.457073047001E+07   0.317175708778E+07   0.410545453950E-01  -0.438315682447E-02  -0.408198926241E-01   0.171875000000E+01
        165   0.456919453832E+07   0.317339656977E+07   0.299426525973E-01  -0.725259728882E-02  -0.290510288480E-01   0.169097222222E+01
        139   0.457016610400E+07   0.317058639643E+07   0.326082932512E-01  -0.716357494063E-02  -0.318116956924E-01   0.163888888889E+01
        138   0.456928074432E+07   0.317112772403E+07   0.267011739341E-01  -0.113182377850E-01  -0.241836759592E-01   0.167361111111E+01
        119   0.457008282791E+07   0.316988928774E+07   0.291511126198E-01  -0.118380246577E-01  -0.266392293277E-01   0.163194444444E+01
        137   0.456821929358E+07   0.317164008438E+07   0.208957331083E-01  -0.144071324907E-01  -0.151349329542E-01   0.168750000000E+01
        117   0.456824211510E+07   0.317045020528E+07   0.151896925101E-01  -0.127658121923E-01  -0.823169469939E-02   0.170833333333E+01
        153   0.456840128754E+07   0.317275881036E+07   0.244794834027E-01  -0.115261779676E-01  -0.215961183810E-01   0.171875000000E+01
        181   0.457048296540E+07   0.317340705828E+07   0.402539335240E-01  -0.899191460523E-02  -0.392367765736E-01   0.168750000000E+01
        115   0.456563187167E+07   0.317226440250E+07   0.111234914077E-01  -0.518117198449E-02  -0.984314573520E-02   0.181250000000E+01
        125   0.456512880936E+07   0.317334775652E+07   0.118656988022E-01  -0.835476153944E-02  -0.842572060328E-02   0.276736111111E+01
        104   0.456463163440E+07   0.317296222950E+07   0.991130149956E-02  -0.777034456247E-02  -0.615269394620E-02   0.296180555556E+01
        200   0.457214984825E+07   0.317432023888E+07   0.436321804858E-01  -0.154917392442E-01  -0.407893759346E-01   0.162500000000E+01
        199   0.457032645598E+07   0.317580973267E+07   0.150485310359E-01  -0.647968107023E-02  -0.135820476942E-01   0.154513888889E+01
        108   0.455867170690E+07   0.318310750807E+07   0.124629527344E-01   0.154127368142E-02   0.123672820902E-01   0.809027777778E+00
         94   0.455869486700E+07   0.318412065128E+07   0.308939220812E-01   0.581041416862E-02   0.303426022079E-01   0.795138888889E+00
        148   0.456286675043E+07   0.318431566049E+07   0.626752878626E-01   0.876679877943E-02   0.620591246137E-01   0.774305555556E+00
        160   0.456350529906E+07   0.318265497874E+07   0.117905467112E-01   0.510295204168E-03   0.117794987395E-01   0.149652777778E+01
        107   0.455857295124E+07   0.318206771703E+07   0.446606868553E-02  -0.776453988021E-04   0.446539367760E-02   0.274652777778E+01
       1649   0.456035566393E+07   0.318397683052E+07   0.308335530130E-01   0.106706992109E-01   0.289282590170E-01   0.798611111111E+00
        109   0.455948261625E+07   0.318397438144E+07   0.314133951949E-01   0.740245749556E-02   0.305287572740E-01   0.798611111111E+00
        105   0.455939851499E+07   0.318480265444E+07   0.441352132307E-01   0.133992376986E-01   0.420520805195E-01   0.802083333333E+00
         92   0.455802842387E+07   0.318415323260E+07   0.315563757275E-01   0.732469250102E-02   0.306945227821E-01   0.802083333333E+00
         73   0.455786005514E+07   0.318498862212E+07   0.490915535552E-01   0.131907800114E-01   0.472861919926E-01   0.798611111111E+00
         72   0.455717323362E+07   0.318496359606E+07   0.462621464702E-01   0.131204221270E-01   0.443626049646E-01   0.802083333333E+00
        106   0.455982758144E+07   0.318499471097E+07   0.399500386072E-01   0.196170367740E-01   0.348019748423E-01   0.791666666667E+00
         93   0.455856038431E+07   0.318508714091E+07   0.487834176179E-01   0.437609066518E-02   0.485867437165E-01   0.798611111111E+00
        140   0.456368233104E+07   0.318641949385E+07   0.731903530858E-01   0.610976574475E-01   0.402976927286E-01   0.791666666667E+00
        150   0.456371157094E+07   0.318551456858E+07   0.691543671075E-01   0.251383610851E-01   0.644235150547E-01   0.767361111111E+00
        131   0.456252776721E+07   0.318549915076E+07   0.113541301091E+00   0.139388980760E-01   0.112682448384E+00   0.812500000000E+00
        145   0.456187689893E+07   0.318072027851E+07   0.434390350577E-02  -0.162244496807E-02   0.402953719340E-02   0.164930555556E+01
        159   0.456357637427E+07   0.318071283401E+07   0.498337504516E-02  -0.114716342625E-02   0.484954048485E-02   0.217708333333E+01
        146   0.456203845543E+07   0.318412652502E+07   0.679767530540E-01   0.570890786704E-02   0.677366025627E-01   0.791666666667E+00
        129   0.456122996436E+07   0.318387149194E+07   0.388036827473E-01   0.813678207834E-02   0.379409880230E-01   0.798611111111E+00
        144   0.456162495356E+07   0.318242013935E+07   0.100120590763E-01   0.317925441823E-03   0.100070100610E-01   0.143402777778E+01
        167   0.456532540192E+07   0.318449348206E+07   0.529076648225E-01   0.180728233113E-01   0.497251853141E-01   0.732638888889E+00
        133   0.456310199825E+07   0.318561817064E+07   0.138720274764E+00   0.535957622751E-01   0.127948461877E+00   0.795138888889E+00
        171   0.456709945599E+07   0.318524692080E+07   0.142677091607E+00   0.414141949615E-01   0.136534306770E+00   0.684027777778E+00
       1647   0.456692144467E+07   0.318438977580E+07   0.937559102066E-01   0.408232701188E-01   0.844016073038E-01   0.690972222222E+00
        185   0.456797098388E+07   0.318383522332E+07   0.144799954595E+00   0.400117312351E-01   0.139162093310E+00   0.673611111111E+00
        168   0.456503216762E+07   0.318567693689E+07   0.625076848970E-01   0.117663728615E-01   0.613902528164E-01   0.718750000000E+00
       1648   0.456596545762E+07   0.318515624486E+07   0.652972788809E-01   0.253358788594E-01   0.601816240364E-01   0.704861111111E+00
        169   0.456539050436E+07   0.318642543812E+07   0.420687162674E-01   0.732568490447E-02   0.414259728801E-01   0.694444444444E+00
        156   0.456424692823E+07   0.318570132754E+07   0.563140278219E-01   0.363795095638E-01   0.429860560348E-01   0.753472222222E+00
        170   0.456640139553E+07   0.318606590111E+07   0.528785636551E-01   0.437539131634E-01   0.296940663621E-01   0.704861111111E+00
        118   0.456921721568E+07   0.317014693861E+07   0.221798201653E-01  -0.116070142633E-01  -0.189003079990E-01   0.164236111111E+01
        174   0.457302536578E+07   0.317091232465E+07   0.418291860395E-01  -0.103493475275E-01  -0.405286541903E-01   0.289930555556E+01
        183   0.457183114631E+07   0.317303087280E+07   0.483318160140E-01  -0.111386044766E-01  -0.470307976705E-01   0.162500000000E+01
        190   0.457502244082E+07   0.317241088711E+07   0.789971914644E-01  -0.231821608168E-01  -0.755191610065E-01   0.157291666667E+01
        205   0.457471876772E+07   0.317372036170E+07   0.732430986393E-01  -0.350965756651E-01  -0.642867161618E-01   0.156250000000E+01
        151   0.457099075382E+07   0.317033210089E+07   0.366113190956E-01  -0.645044060438E-03  -0.366056362338E-01   0.168055555556E+01
        134   0.457077176771E+07   0.316980577137E+07   0.308079722691E-01  -0.162899807034E-02  -0.307648747863E-01   0.163888888889E+01
        155   0.457184583999E+07   0.317050956500E+07   0.387640832734E-01   0.417490774004E-02  -0.385386078808E-01   0.217013888889E+01
        166   0.457201530044E+07   0.317126882761E+07   0.374749431443E-01  -0.359022942917E-02  -0.373025684949E-01   0.289930555556E+01
        164   0.456727605107E+07   0.317498907698E+07   0.818851616128E-02  -0.528077665957E-02  -0.625821019104E-02   0.163888888889E+01
        206   0.457581962559E+07   0.317246190600E+07   0.960430013899E-01  -0.456505862206E-01  -0.845001899033E-01   0.152777777778E+01
         97   0.456586916774E+07   0.317129749797E+07   0.121772306888E-01  -0.408979175179E-02  -0.114698975878E-01   0.180555555556E+01
         96   0.456514250722E+07   0.317201112438E+07   0.820899902693E-02  -0.500369743418E-02  -0.650773977748E-02   0.180902777778E+01
        141   0.456160818756E+07   0.317906520921E+07   0.426217971896E-02  -0.383009355785E-02  -0.186990890014E-02   0.798611111111E+00
        235   0.457231544525E+07   0.317834403030E+07   0.969814608484E-02  -0.906088491727E-02  -0.345751384653E-02   0.150347222222E+01
        121   0.455975855168E+07   0.317991677272E+07   0.337953023082E-02  -0.307748158611E-02  -0.139654275558E-02   0.805555555556E+00
        147   0.456241382961E+07   0.318276289246E+07   0.124155793887E-01  -0.408426692841E-03   0.124088597056E-01   0.140277777778E+01
        130   0.456157343421E+07   0.318556807211E+07   0.110993663055E+00  -0.116853097571E-01   0.110376839845E+00   0.819444444444E+00
         95   0.455973865697E+07   0.318575153621E+07   0.250118679995E-01   0.210630800666E-01   0.134885210061E-01   0.739583333333E+00
         89   0.455929737659E+07   0.318553811882E+07   0.297693886051E-01   0.899276650009E-02   0.283786301395E-01   0.784722222222E+00
         88   0.455879377495E+07   0.318554046484E+07   0.413168829101E-01  -0.144865467143E-02   0.412914786978E-01   0.802083333333E+00
         91   0.455757977151E+07   0.318379510642E+07   0.211493212991E-01   0.450756179837E-02   0.206633898005E-01   0.819444444444E+00
        122   0.456111757527E+07   0.317732588704E+07   0.419663897281E-02  -0.336373997847E-02  -0.250938877526E-02   0.833333333333E+00
        123   0.456273674152E+07   0.317512986369E+07   0.117128685111E-01  -0.874823153644E-02  -0.778843589833E-02   0.278472222222E+01
        111   0.456032125798E+07   0.318504937007E+07   0.586561077800E-01   0.300937015707E-01   0.503478709150E-01   0.802083333333E+00
         74   0.455908076313E+07   0.318625491231E+07   0.191267144740E-01   0.220426262539E-02   0.189992745348E-01   0.777777777778E+00
        112   0.456183555907E+07   0.318656379940E+07   0.123503099199E+00  -0.181729900775E-01   0.122158740757E+00   0.822916666667E+00
        128   0.456083731971E+07   0.318502544671E+07   0.917316811394E-01   0.186281626035E-01   0.898203366876E-01   0.812500000000E+00
        120   0.456290355933E+07   0.318698398518E+07   0.905858155533E-01   0.566031986011E-01   0.707238848451E-01   0.791666666667E+00
        184   0.456660147927E+07   0.318333472559E+07   0.306032488148E-01   0.866144580239E-02   0.293519708816E-01   0.143055555556E+01
        217   0.457028583235E+07   0.318093230206E+07   0.109642716389E-01  -0.318740310712E-02   0.104907442065E-01   0.162152777778E+01
        202   0.456918425062E+07   0.318300438837E+07   0.515564838610E-01   0.714289999767E-03   0.515515355533E-01   0.151041666667E+01
