         108          17
        266   0.458049498803E+07   0.317404184832E+07   0.199052147281E-01  -0.410596470836E-02  -0.194771308766E-01   0.156944444444E+01
        247   0.458050358076E+07   0.317225330237E+07   0.502970635056E-01  -0.177906575510E-01  -0.470455853528E-01   0.147916666667E+01
        248   0.458161576404E+07   0.317225583822E+07   0.397055923076E-01  -0.805141762693E-02  -0.388806987424E-01   0.147569444444E+01
        276   0.457513459671E+07   0.318387854460E+07   0.450927021449E-01   0.156681766204E-01   0.422830938806E-01   0.156250000000E+01
        291   0.457732644624E+07   0.318223296248E+07   0.160924945575E-01   0.690788717272E-02   0.145344238239E-01   0.155555555556E+01
        278   0.457612065493E+07   0.318447856826E+07   0.680428948463E-01   0.189368689978E-01   0.653546519509E-01   0.156250000000E+01
        263   0.457462019636E+07   0.318552879217E+07   0.257540526365E+00   0.841268060547E-01   0.243412824689E+00   0.153472222222E+01
        244   0.457364687758E+07   0.318640870583E+07   0.352137647101E+00   0.870269764735E-01   0.341214343004E+00   0.152083333333E+01
        260   0.457337515398E+07   0.318556917281E+07   0.199919359099E+00   0.690192895354E-01   0.187627524140E+00   0.154166666667E+01
        245   0.457421797213E+07   0.318679057163E+07   0.316501837079E+00   0.107517872065E+00   0.297679895292E+00   0.150694444444E+01
        292   0.457783736883E+07   0.318376153360E+07   0.318838579399E-01   0.976443402751E-02   0.303518735048E-01   0.157638888889E+01
        302   0.457922000418E+07   0.318413634663E+07   0.271928746621E-01   0.710429063085E-02   0.262484568503E-01   0.157638888889E+01
        293   0.457759201206E+07   0.318565502666E+07   0.102738901947E+00   0.145802896198E-01   0.101699051755E+00   0.153472222222E+01
        271   0.458502579245E+07   0.317345282134E+07   0.626794317773E-01   0.849979399047E-02  -0.621004401759E-01   0.193055555556E+01
        269   0.458492890881E+07   0.317272853962E+07   0.746362328806E-01   0.100910603870E-01  -0.739509145236E-01   0.195486111111E+01
        254   0.458571943572E+07   0.317255235275E+07   0.582053528925E-01  -0.101426583565E-02  -0.581965151031E-01   0.209027777778E+01
        243   0.457222310462E+07   0.318547202886E+07   0.154562275799E+00   0.215911063718E-01   0.153046794236E+00   0.154166666667E+01
        224   0.457140378403E+07   0.318652681632E+07   0.170752716852E+00   0.108455760121E-01   0.170407933481E+00   0.151736111111E+01
        223   0.457064756536E+07   0.318638724168E+07   0.163047522430E+00   0.183232569577E-01   0.162014668549E+00   0.151041666667E+01
        258   0.457398342865E+07   0.317927570987E+07   0.642846487821E-02  -0.242919966115E-02  -0.595181902419E-02   0.611111111111E+00
        236   0.457190192094E+07   0.318065733273E+07   0.943973983256E-02  -0.393376687364E-02   0.858103526914E-02   0.162500000000E+01
        235   0.457231544525E+07   0.317834403030E+07   0.969814608484E-02  -0.906088491727E-02  -0.345751384653E-02   0.150347222222E+01
        191   0.456894640034E+07   0.318539866994E+07   0.189012364664E+00   0.273518942713E-01   0.187022853886E+00   0.136805555556E+01
        176   0.456828849956E+07   0.318610882880E+07   0.235610180294E+00   0.196072451688E-01   0.234792915130E+00   0.131944444444E+01
        187   0.456840531959E+07   0.318527571255E+07   0.248010835199E+00   0.204945029475E-01   0.247162597747E+00   0.133680555556E+01
        186   0.456818934233E+07   0.318462128561E+07   0.216647159937E+00   0.232895688489E-01   0.215391708038E+00   0.135069444444E+01
        172   0.456759546202E+07   0.318570294907E+07   0.276809543111E+00  -0.782326615953E-02   0.276698969394E+00   0.130902777778E+01
        250   0.458469021750E+07   0.317126871610E+07   0.757389371631E-01  -0.491352290198E-02  -0.755793880320E-01   0.176041666667E+01
        251   0.458516003284E+07   0.317172992608E+07   0.755815963148E-01   0.269580203942E-02  -0.755335048363E-01   0.192013888889E+01
        268   0.458411351462E+07   0.317277055541E+07   0.764692773137E-01   0.140838255792E-01  -0.751611351027E-01   0.177083333333E+01
        252   0.458574332586E+07   0.317189741578E+07   0.616856612491E-01  -0.142145687301E-01  -0.600255515556E-01   0.207638888889E+01
        233   0.458630146254E+07   0.317168410173E+07   0.451035061262E-01  -0.882557352948E-02  -0.442316121880E-01   0.209375000000E+01
        211   0.457997420877E+07   0.317040383476E+07   0.110325125757E+00   0.279002069059E-01   0.106738989259E+00   0.670138888889E+00
        214   0.457941305657E+07   0.317116702059E+07   0.122711706722E+00   0.777934906441E-01   0.949017164225E-01   0.677083333333E+00
        196   0.457968745792E+07   0.317034324279E+07   0.121140895288E+00   0.586227619666E-01   0.106011736570E+00   0.673611111111E+00
        253   0.458341873691E+07   0.317248866180E+07   0.752812957198E-01   0.309808859296E-02  -0.752175201154E-01   0.152430555556E+01
        232   0.458401130477E+07   0.317125659187E+07   0.821223557519E-01  -0.127474697616E-01  -0.811269580898E-01   0.155555555556E+01
        255   0.458649790069E+07   0.317212842889E+07   0.403890125886E-01   0.113128071723E-01  -0.387723191435E-01   0.227083333333E+01
        297   0.458329841680E+07   0.317626057396E+07   0.345038321175E-01   0.161010565692E-01  -0.305167234176E-01   0.153125000000E+01
        286   0.458230412065E+07   0.317574524840E+07   0.337948340315E-01   0.131715892798E-01  -0.311223399355E-01   0.150347222222E+01
        285   0.458388385852E+07   0.317421235459E+07   0.619535188863E-01   0.174301402848E-01  -0.594510614880E-01   0.155208333333E+01
        272   0.458576510832E+07   0.317323603898E+07   0.470461866782E-01   0.602544819159E-02  -0.466587361065E-01   0.205555555556E+01
        257   0.457937869278E+07   0.317389556744E+07   0.274916844812E-01  -0.108105038304E-01  -0.252769800915E-01   0.156250000000E+01
       1656   0.457932979566E+07   0.317223330021E+07   0.116522555512E+00  -0.734788538498E-01  -0.904343075385E-01   0.145833333333E+01
        259   0.457634457384E+07   0.317684941385E+07   0.142098248233E-01  -0.834087180930E-02  -0.115043026286E-01   0.155902777778E+01
        237   0.457471474396E+07   0.317650010785E+07   0.178642593579E-01  -0.115917974551E-01  -0.135927184245E-01   0.154513888889E+01
        238   0.457655312909E+07   0.317477925769E+07   0.275283213372E-01  -0.156385110072E-01  -0.226549210796E-01   0.152777777778E+01
        274   0.457851585897E+07   0.317641553729E+07   0.137350846658E-01  -0.380249622577E-02  -0.131982412930E-01   0.155902777778E+01
        256   0.457795653309E+07   0.317460007218E+07   0.259130217067E-01  -0.141577458943E-01  -0.217035233353E-01   0.152777777778E+01
        275   0.457623616538E+07   0.317916909977E+07   0.761501388861E-02  -0.175546168749E-02  -0.740991165855E-02   0.618055555556E+00
        277   0.457589785160E+07   0.318160774113E+07   0.124089024515E-01   0.394677837984E-02   0.117645144596E-01   0.154166666667E+01
        261   0.457393622639E+07   0.318177164379E+07   0.140863498979E-01   0.222809177611E-03   0.140845876588E-01   0.153819444444E+01
        203   0.456917414071E+07   0.318421752150E+07   0.154303370581E+00   0.126316923425E-01   0.153785469149E+00   0.144097222222E+01
        205   0.457471876772E+07   0.317372036170E+07   0.732430986393E-01  -0.350965756651E-01  -0.642867161618E-01   0.156250000000E+01
        206   0.457581962559E+07   0.317246190600E+07   0.960430013899E-01  -0.456505862206E-01  -0.845001899033E-01   0.152777777778E+01
        220   0.457565119752E+07   0.317403905870E+07   0.505079538416E-01  -0.264519938559E-01  -0.430272637093E-01   0.153125000000E+01
        290   0.457857054976E+07   0.317921059993E+07   0.719486046571E-02   0.321466508798E-03  -0.718767531297E-02   0.638888888889E+00
        262   0.457377715546E+07   0.318374474932E+07   0.424464718413E-01   0.962360932292E-02   0.413411310364E-01   0.156250000000E+01
        210   0.456987198466E+07   0.318603642972E+07   0.199891188485E+00   0.660664048633E-01   0.188657672471E+00   0.143402777778E+01
        192   0.456939574239E+07   0.318565964739E+07   0.204710256284E+00   0.630765078109E-01   0.194750207164E+00   0.139236111111E+01
        209   0.457015367351E+07   0.318503598611E+07   0.172004108851E+00   0.244408948073E-01   0.170258791616E+00   0.149305555556E+01
        208   0.456985886239E+07   0.318442945838E+07   0.125186476392E+00   0.210822908097E-01   0.123398504390E+00   0.149305555556E+01
        239   0.457266942476E+07   0.318711036623E+07   0.290524060683E+00   0.653974748414E-01   0.283067836605E+00   0.151388888889E+01
        240   0.457187846755E+07   0.318701459472E+07   0.173801737518E+00   0.199953442315E-01   0.172647705382E+00   0.153125000000E+01
        242   0.457201843114E+07   0.318432122474E+07   0.680124560705E-01   0.675428642094E-02   0.676762424761E-01   0.155902777778E+01
        222   0.457075691229E+07   0.318523353223E+07   0.160532627158E+00   0.103933678230E-01   0.160195824813E+00   0.152430555556E+01
       1650   0.457098900559E+07   0.318383609743E+07   0.679005097518E-01   0.798522694864E-02   0.674293361612E-01   0.154166666667E+01
        279   0.457651968255E+07   0.318564634335E+07   0.155385843091E+00   0.260095181507E-01   0.153193554690E+00   0.153472222222E+01
        264   0.457533346585E+07   0.318609804380E+07   0.237948227183E+00   0.792792862117E-01   0.224352743682E+00   0.153125000000E+01
        226   0.457358377750E+07   0.318762860992E+07   0.285281902758E+00   0.510490753787E-01   0.280677316405E+00   0.150347222222E+01
        225   0.457330264339E+07   0.318731101870E+07   0.356635528098E+00   0.229796080595E-01   0.355894419055E+00   0.151041666667E+01
        173   0.456788638770E+07   0.318601311329E+07   0.275728779456E+00   0.144674817081E-01   0.275348963668E+00   0.130902777778E+01
        217   0.457028583235E+07   0.318093230206E+07   0.109642716389E-01  -0.318740310712E-02   0.104907442065E-01   0.162152777778E+01
        202   0.456918425062E+07   0.318300438837E+07   0.515564838610E-01   0.714289999767E-03   0.515515355533E-01   0.151041666667E+01
        201   0.456828702646E+07   0.318213289497E+07   0.210409801728E-01   0.140904753996E-02   0.209937474421E-01   0.153819444444E+01
        273   0.458652999650E+07   0.317273538227E+07   0.353873383342E-01   0.124502674198E-01  -0.331248329136E-01   0.230555555556E+01
        270   0.458269915621E+07   0.317409415140E+07   0.361373112145E-01   0.100390842648E-01  -0.347148678369E-01   0.150694444444E+01
        249   0.458275281018E+07   0.317199542525E+07   0.610078744405E-01  -0.498480583126E-02  -0.608038851931E-01   0.149652777778E+01
        231   0.458319182436E+07   0.317088314326E+07   0.830546733476E-01  -0.159525291324E-01  -0.815082546689E-01   0.150000000000E+01
        287   0.458475588087E+07   0.317457283744E+07   0.488400697825E-01   0.110569106147E-01  -0.475720206005E-01   0.183333333333E+01
        230   0.458252611090E+07   0.317088158099E+07   0.817399084350E-01  -0.217122529883E-01  -0.788034942190E-01   0.146527777778E+01
        284   0.458068674153E+07   0.317598272678E+07   0.171046114465E-01   0.269228379758E-02  -0.168913984232E-01   0.157291666667E+01
        228   0.458053325090E+07   0.317070244048E+07   0.989582103990E-01  -0.350381268647E-01  -0.925475935462E-01   0.142708333333E+01
        229   0.458161143201E+07   0.317082463528E+07   0.909977570567E-01  -0.278480891885E-01  -0.866318400930E-01   0.143750000000E+01
        213   0.457873110976E+07   0.317175160139E+07   0.171141049807E+00   0.145206503953E+00   0.905777574181E-01   0.677083333333E+00
        194   0.457860564896E+07   0.317126038514E+07   0.215929526819E+00   0.203140973905E+00   0.732072760960E-01   0.673611111111E+00
        195   0.457909187059E+07   0.317073134170E+07   0.189087785602E+00   0.169092027650E+00   0.846290544043E-01   0.673611111111E+00
        221   0.457701738179E+07   0.317311033275E+07   0.972313392518E-01  -0.541415063021E-01  -0.807628047311E-01   0.150000000000E+01
        234   0.457797204061E+07   0.317311527333E+07   0.114213150497E+00  -0.631503036033E-01  -0.951666060195E-01   0.148958333333E+01
        212   0.457801334517E+07   0.317186605864E+07   0.128094679776E+00  -0.103090885073E+00  -0.760297073637E-01   0.196180555556E+01
        296   0.458113954853E+07   0.317805210247E+07   0.177766864926E-01   0.980184858454E-02  -0.148301836463E-01   0.150694444444E+01
        267   0.458192218383E+07   0.317352588809E+07   0.254081694781E-01  -0.138568358088E-02  -0.253703558754E-01   0.152430555556E+01
        298   0.458475258526E+07   0.317595146902E+07   0.379012506641E-01   0.173867756951E-01  -0.336779576701E-01   0.187152777778E+01
        301   0.457992427267E+07   0.318104537624E+07   0.769622927301E-02   0.769566046486E-02  -0.935683295832E-04   0.153819444444E+01
        219   0.457377353748E+07   0.317553113258E+07   0.285201879424E-01  -0.173650621820E-01  -0.226242289523E-01   0.154513888889E+01
        207   0.457682770818E+07   0.317206541590E+07   0.957089895476E-01  -0.505105969121E-01  -0.812950815229E-01   0.153125000000E+01
        308   0.458287978913E+07   0.317876828519E+07   0.189093279143E-01   0.101887877680E-01  -0.159295726870E-01   0.149305555556E+01
        241   0.457226710999E+07   0.318211792140E+07   0.197993916230E-01  -0.891767748233E-03   0.197792987470E-01   0.156944444444E+01
        218   0.457053111360E+07   0.318270384718E+07   0.310890999243E-01   0.213871880569E-02   0.310154480215E-01   0.156597222222E+01
        171   0.456709945599E+07   0.318524692080E+07   0.142677091607E+00   0.414141949615E-01   0.136534306770E+00   0.684027777778E+00
        185   0.456797098388E+07   0.318383522332E+07   0.144799954595E+00   0.400117312351E-01   0.139162093310E+00   0.673611111111E+00
        215   0.456981999478E+07   0.317891101446E+07   0.719800826909E-02  -0.370223170124E-02  -0.617290883395E-02   0.697916666667E+00
        193   0.456902424137E+07   0.318653156074E+07   0.196473837990E+00   0.863271682874E-01   0.176492461680E+00   0.597222222222E+00
        177   0.456862083461E+07   0.318643873836E+07   0.189116810099E+00   0.241803433084E-01   0.187564599164E+00   0.132638888889E+01
        265   0.457568489086E+07   0.318703970647E+07   0.213334554333E+00   0.723434906698E-01   0.200693924747E+00   0.150694444444E+01
        246   0.457472934036E+07   0.318727888466E+07   0.286247370081E+00   0.150009575420E+00   0.243792297172E+00   0.150694444444E+01
        280   0.457648045496E+07   0.318714399008E+07   0.154332042600E+00  -0.405413738300E-02   0.154278784489E+00   0.151388888889E+01
        227   0.457406463331E+07   0.318756852296E+07   0.278405830826E+00   0.137804394641E+00   0.241908568379E+00   0.150694444444E+01
