         118          17
       1074   0.463643152173E+07   0.320041381513E+07   0.751643055231E-01  -0.283322053507E-01   0.696201046016E-01   0.164583333333E+01
       1013   0.463726553191E+07   0.319996351200E+07   0.489112539996E-01  -0.280717711869E-01   0.400535445403E-01   0.192361111111E+01
       1014   0.463690539152E+07   0.320093256009E+07   0.122919117564E+00  -0.363366662539E-01   0.117425534481E+00   0.109375000000E+01
       1081   0.463568052716E+07   0.320444238203E+07   0.275921150896E+00   0.142800732734E+00   0.236094117339E+00   0.103472222222E+01
       1071   0.463519951960E+07   0.320429396694E+07   0.257230069410E+00   0.368605766912E-01   0.254575345418E+00   0.986111111111E+00
       1070   0.463571495144E+07   0.320362467648E+07   0.371817277943E+00   0.446164341181E-01   0.369130684154E+00   0.101388888889E+01
       1290   0.464245705023E+07   0.320196044459E+07   0.667684465094E-02  -0.536309329414E-02   0.397712016554E-02   0.142708333333E+01
       1258   0.464025574724E+07   0.320223036318E+07   0.456685509502E-02  -0.360574355396E-02   0.280263784354E-02   0.374305555556E+01
       1257   0.464196017013E+07   0.320014549567E+07   0.509002993165E-02  -0.426852192108E-02   0.277274688969E-02   0.220138888889E+01
       1162   0.463867546851E+07   0.320100530325E+07   0.110249356317E-01   0.101549577311E-01   0.429255625043E-02   0.116666666667E+01
       1207   0.463824464961E+07   0.320232781871E+07   0.237904135861E-01   0.140678710325E-01   0.191853794127E-01   0.123958333333E+01
       1150   0.463775945843E+07   0.320206650308E+07   0.126488238199E+00   0.275928992469E-01   0.123441914737E+00   0.115625000000E+01
       1415   0.461760571784E+07   0.321884071909E+07   0.590592169382E-02   0.546849920575E-02   0.223056662986E-02   0.652777777778E+00
       1414   0.461631488670E+07   0.321989338668E+07   0.488952702976E-02  -0.201879618968E-02   0.445330624585E-02   0.947916666667E+00
       1368   0.461689276474E+07   0.321855994909E+07   0.102520589651E-01  -0.963525134282E-02   0.350237699069E-02   0.927083333333E+00
       1160   0.464083190133E+07   0.319837272033E+07   0.120011736017E-01  -0.119968479877E-01   0.322189659800E-03   0.400000000000E+01
       1215   0.464041640506E+07   0.320020503142E+07   0.905914591060E-02  -0.900584434536E-02   0.981270735623E-03   0.400000000000E+01
       1161   0.463995476635E+07   0.319938212201E+07   0.100137109948E-01   0.100117527882E-01   0.198025240106E-03   0.116666666667E+01
       1206   0.463680502509E+07   0.320442942272E+07   0.218190275960E-01   0.105261273078E-01   0.191120540271E-01   0.115625000000E+01
       1251   0.463635703807E+07   0.320565235121E+07   0.847632749326E-02  -0.800904308063E-02   0.277549215555E-02   0.400000000000E+01
       1205   0.463610396515E+07   0.320507469090E+07   0.125474167804E-01   0.125392761671E-01   0.451908248095E-03   0.104166666667E+01
       1163   0.463936999976E+07   0.320038163071E+07   0.934435714337E-02   0.929714202953E-02   0.938168697842E-03   0.116666666667E+01
       1076   0.463583862354E+07   0.320267205199E+07   0.321561132625E+00  -0.164491195404E-01   0.321140138384E+00   0.102777777778E+01
       1020   0.463631765014E+07   0.320294499547E+07   0.408588742198E+00   0.219087602529E-01   0.408000939307E+00   0.102430555556E+01
       1019   0.463661762797E+07   0.320199740011E+07   0.354267214552E+00  -0.455559623462E-01   0.351325936420E+00   0.101388888889E+01
       1075   0.463600675402E+07   0.320160654692E+07   0.158498196284E+00  -0.131454877967E-01   0.157952126849E+00   0.112500000000E+01
       1017   0.463504640881E+07   0.320493650148E+07   0.178328778263E+00   0.113688885824E+00   0.137389921017E+00   0.982638888889E+00
       1369   0.461771091308E+07   0.321789678262E+07   0.400152061583E-02  -0.399866401642E-02   0.151173154679E-03   0.899305555556E+00
       1328   0.461736782830E+07   0.321759578386E+07   0.160074250823E-01  -0.158832395944E-01  -0.199006476100E-02   0.947916666667E+00
       1329   0.461815091054E+07   0.321702422475E+07   0.980258335788E-02  -0.810684416797E-02  -0.551087271895E-02   0.927083333333E+00
       1292   0.465077759585E+07   0.319739003002E+07   0.379547910668E-02  -0.239696560232E-02   0.294282475703E-02   0.111458333333E+01
       1289   0.464756892606E+07   0.319639142180E+07   0.492368485742E-02  -0.328307024280E-02   0.366934903710E-02   0.120138888889E+01
       1259   0.465093534584E+07   0.319255619920E+07   0.414074272133E-02  -0.198027731648E-02   0.363651646966E-02   0.109722222222E+01
       1322   0.464748455171E+07   0.320357619690E+07   0.368537901438E-02  -0.238692509906E-02   0.280795424662E-02   0.118402777778E+01
       1323   0.465160240310E+07   0.320214204316E+07   0.279359454349E-02   0.544668136754E-06   0.279359449039E-02   0.191666666667E+01
       1359   0.464648437519E+07   0.320956473689E+07   0.279359455810E-02   0.280158963995E-06   0.279359454405E-02   0.191666666667E+01
       1261   0.465448471916E+07   0.319151881710E+07   0.335294616651E-02  -0.163338107534E-02   0.292819300222E-02   0.135763888889E+01
       1216   0.463925334115E+07   0.320159419253E+07   0.848745813550E-02   0.640576805536E-02   0.556804105793E-02   0.117708333333E+01
       1287   0.463865557988E+07   0.320471444183E+07   0.451281758985E-02  -0.335022012591E-02   0.302349924874E-02   0.263888888889E+01
       1291   0.464030351309E+07   0.320425634669E+07   0.564782832633E-02  -0.459533328575E-02   0.328342455321E-02   0.122916666667E+01
       1319   0.463865446173E+07   0.320706463028E+07   0.448088633620E-02  -0.417639601609E-02   0.162359436891E-02   0.194097222222E+01
       1208   0.463760894715E+07   0.320350282688E+07   0.229286766548E-01   0.117531378222E-01   0.196872538581E-01   0.136805555556E+01
       1253   0.463862444043E+07   0.320318669861E+07   0.612942465350E-02   0.611780654432E-03   0.609881718153E-02   0.132986111111E+01
       1320   0.464559792376E+07   0.320147062726E+07   0.517453129111E-02  -0.404542652491E-02   0.322649939008E-02   0.120486111111E+01
       1402   0.464010498139E+07   0.321393110925E+07   0.376616052413E-02  -0.267956766314E-02   0.264648488229E-02   0.107291666667E+01
       1358   0.464344201442E+07   0.320743485058E+07   0.381007647436E-02  -0.299891180478E-02   0.235015121378E-02   0.109027777778E+01
       1249   0.463456499978E+07   0.320788608214E+07   0.106361170779E-01   0.105659279622E-01  -0.121989868158E-02   0.110416666667E+01
       1202   0.463414079258E+07   0.320767870054E+07   0.725275602505E-02   0.398963960379E-02   0.605683463459E-02   0.756944444444E+00
       1203   0.463484290760E+07   0.320695364794E+07   0.108010914323E-01   0.107063395692E-01  -0.142753954681E-02   0.106250000000E+01
       1250   0.463558879461E+07   0.320686079117E+07   0.792803975513E-02  -0.660999957035E-02   0.437741019770E-02   0.400000000000E+01
       1286   0.463693887879E+07   0.320657818490E+07   0.483673954925E-02  -0.430207500278E-02   0.221047509322E-02   0.399652777778E+01
       1285   0.463540696613E+07   0.320819210408E+07   0.775279939407E-02  -0.720584119104E-02   0.286037605468E-02   0.400000000000E+01
       1321   0.464175193424E+07   0.320531617599E+07   0.585057187429E-02  -0.519623604244E-02   0.268855393241E-02   0.121180555556E+01
       1145   0.463421060937E+07   0.320706867696E+07   0.486310364029E-02   0.184484043485E-02   0.449959340232E-02   0.746527777778E+00
       1201   0.463368480730E+07   0.320774259323E+07   0.142340186584E-01   0.374870101242E-02   0.137315158627E-01   0.774305555556E+00
       1084   0.463694147095E+07   0.320256371347E+07   0.326864717458E+00   0.192637088655E-01   0.326296572216E+00   0.105208333333E+01
       1085   0.463666040837E+07   0.320331518855E+07   0.234984177384E+00   0.462723655991E-01   0.230383228128E+00   0.111805555556E+01
       1147   0.463470080151E+07   0.320647600318E+07   0.723820045441E-02   0.631404115626E-02  -0.353898715669E-02   0.102777777778E+01
       1146   0.463480799361E+07   0.320583073365E+07   0.782823374331E-02   0.698489029317E-02  -0.353448031997E-02   0.101041666667E+01
       1204   0.463542503222E+07   0.320597026660E+07   0.160207143114E-01   0.129491105686E-01  -0.943312368879E-02   0.106597222222E+01
       1318   0.463639244741E+07   0.320876472402E+07   0.392561953293E-02  -0.377566891916E-02   0.107462222674E-02   0.295138888889E+01
       1317   0.463464884357E+07   0.321001596060E+07   0.877503881851E-02  -0.873420597814E-02   0.845548459742E-03   0.400000000000E+01
       1252   0.463750410571E+07   0.320469726343E+07   0.646977862078E-02  -0.443899932254E-02   0.470673139412E-02   0.373611111111E+01
       1214   0.464163308189E+07   0.319891858374E+07   0.102247828256E-01  -0.100181677654E-01   0.204511575587E-02   0.400000000000E+01
       1209   0.464223683706E+07   0.319749264127E+07   0.139594588393E-01  -0.129488424941E-01   0.521478371062E-02   0.400000000000E+01
       1254   0.464331108453E+07   0.319770345229E+07   0.513666250139E-02  -0.393399394808E-02   0.330287651445E-02   0.216319444444E+01
       1083   0.463727803457E+07   0.320187260260E+07   0.354828127606E+00  -0.987628326627E-01   0.340806254381E+00   0.102083333333E+01
       1018   0.463734161194E+07   0.320129351981E+07   0.277084944583E+00  -0.155437963146E+00   0.229379829383E+00   0.100347222222E+01
       1138   0.463514553178E+07   0.320348799707E+07   0.280316232201E+00  -0.353741797065E-02   0.280293911296E+00   0.101736111111E+01
       1151   0.463733514436E+07   0.320292634205E+07   0.995521225362E-01   0.351161825039E-01   0.931529861454E-01   0.119097222222E+01
       1152   0.463687816508E+07   0.320370690392E+07   0.688716834603E-01   0.273800033467E-01   0.631952862119E-01   0.120833333333E+01
       1082   0.463611487449E+07   0.320372320141E+07   0.328904004930E+00   0.792945721213E-01   0.319202467551E+00   0.105555555556E+01
       1141   0.463503730589E+07   0.320257879252E+07   0.155363650831E+00   0.212530171176E-02   0.155349113587E+00   0.109027777778E+01
       1248   0.463350855479E+07   0.320869014682E+07   0.341753592739E-02  -0.800867018719E-03   0.332237322306E-02   0.347916666667E+01
       1140   0.463521434778E+07   0.320111126567E+07   0.851066735006E-01  -0.144629374143E-01   0.838687624547E-01   0.122916666667E+01
        951   0.463772878714E+07   0.320024143543E+07   0.688688448807E-01  -0.528831201711E-01   0.441168153448E-01   0.121875000000E+01
       1327   0.461665066580E+07   0.321795482084E+07   0.167581812393E-01  -0.167052985509E-01   0.133027770629E-02   0.968750000000E+00
       1295   0.461772013964E+07   0.321684720740E+07   0.198346097445E-01  -0.168434035715E-01  -0.104743257464E-01   0.100347222222E+01
       1449   0.463530257768E+07   0.321867013415E+07   0.507188347498E-02  -0.384741367993E-02   0.330475565802E-02   0.102430555556E+01
       1403   0.463815732560E+07   0.322158686804E+07   0.279359455387E-02   0.233644385357E-08   0.279359455387E-02   0.191666666667E+01
       1293   0.465650333176E+07   0.319500890021E+07   0.279359434927E-02  -0.231312274881E-06   0.279359433969E-02   0.191666666667E+01
       1288   0.464447052320E+07   0.319879507361E+07   0.556638715316E-02  -0.414477563903E-02   0.371557543874E-02   0.119444444444E+01
       1360   0.464224126274E+07   0.321569948268E+07   0.279359454973E-02   0.813352185041E-07   0.279359454854E-02   0.191666666667E+01
       1357   0.463964008619E+07   0.320961601056E+07   0.459213355866E-02  -0.392124440309E-02   0.238988136773E-02   0.109375000000E+01
       1401   0.463621450817E+07   0.321380039262E+07   0.459886807615E-02  -0.377087120063E-02   0.263251172268E-02   0.111111111111E+01
       1356   0.463723342320E+07   0.321002926316E+07   0.379190628972E-02  -0.350795810894E-02   0.143971636650E-02   0.122916666667E+01
       1283   0.463315900745E+07   0.320981585224E+07   0.191756038265E-01   0.175140026890E-01   0.780791213592E-02   0.131250000000E+01
       1284   0.463416099127E+07   0.320898865258E+07   0.119897739461E-01   0.119778270521E-01   0.535105960396E-03   0.117361111111E+01
       1316   0.463324875797E+07   0.321076114375E+07   0.117603245485E-01   0.117597300086E-01   0.118252319730E-03   0.123611111111E+01
       1255   0.464534414590E+07   0.319543025313E+07   0.517181484465E-02  -0.311226423047E-02   0.413055446001E-02   0.118055555556E+01
       1148   0.463563761350E+07   0.320497420514E+07   0.244693958123E-01   0.239931570682E-01  -0.480413835319E-02   0.102777777778E+01
       1149   0.463625076999E+07   0.320419108276E+07   0.128352859968E+00   0.599460544005E-01   0.113494172642E+00   0.114236111111E+01
       1143   0.463372902069E+07   0.320714424047E+07   0.152821633988E-01  -0.199300203723E-02   0.151516487891E-01   0.743055555556E+00
       1144   0.463318219248E+07   0.320795515155E+07   0.158281108631E-01  -0.485460351765E-03   0.158206643900E-01   0.746527777778E+00
       1080   0.463420504008E+07   0.320646442969E+07   0.386784328957E-02  -0.272970407093E-02  -0.274024221517E-02   0.593750000000E+00
       1078   0.463324196857E+07   0.320728137440E+07   0.193541220149E-01  -0.100283619462E-01   0.165533681058E-01   0.743055555556E+00
       1077   0.463372250949E+07   0.320645547287E+07   0.850215850486E-02  -0.785763116778E-02   0.324720366974E-02   0.739583333333E+00
       1154   0.464189125898E+07   0.319675565474E+07   0.190033294983E-01  -0.162275929608E-01   0.988897157039E-02   0.400000000000E+01
       1210   0.464327652776E+07   0.319587785637E+07   0.879080248765E-02  -0.727831855686E-02   0.492993786591E-02   0.400000000000E+01
        949   0.463766602409E+07   0.319914974971E+07   0.297743350814E-01  -0.150486762937E-01   0.256914065661E-01   0.310763888889E+01
        950   0.463800185830E+07   0.319938999487E+07   0.296195228608E-01  -0.225268651981E-01   0.192316530451E-01   0.230555555556E+01
        948   0.463777488933E+07   0.319845793786E+07   0.403006563540E-01  -0.423027485519E-02   0.400780198764E-01   0.321527777778E+01
       1012   0.463707100851E+07   0.319929083928E+07   0.586267975436E-01  -0.335918802200E-01   0.480487978362E-01   0.321527777778E+01
        892   0.463822336225E+07   0.319858524050E+07   0.191817510322E-01  -0.742452094175E-02   0.176866068381E-01   0.310763888889E+01
       1073   0.463624488843E+07   0.319943834376E+07   0.923544215638E-01  -0.693393039196E-01   0.610032795375E-01   0.321527777778E+01
       1139   0.463476577864E+07   0.320427975717E+07   0.183451822636E+00  -0.211784901039E-01   0.182225252875E+00   0.100000000000E+01
       1072   0.463449892918E+07   0.320505290747E+07   0.127656845796E+00  -0.486662019948E-01   0.118016401666E+00   0.961805555556E+00
       1079   0.463425278606E+07   0.320576529745E+07   0.114949766018E-01  -0.353967355301E-02  -0.109364161503E-01   0.736111111111E+00
       1015   0.463321216459E+07   0.320649160723E+07   0.143231436877E-01  -0.109191960308E-01   0.926949853776E-02   0.739583333333E+00
       1016   0.463380001487E+07   0.320561788638E+07   0.875856478422E-02  -0.667312868934E-02  -0.567290142473E-02   0.736111111111E+00
       1367   0.461596300978E+07   0.321897340947E+07   0.131840854037E-01  -0.130587469810E-01   0.181362488299E-02   0.982638888889E+00
       1412   0.461508112463E+07   0.322043403407E+07   0.759944621125E-02   0.759838831596E-02   0.126797940116E-03   0.583333333333E+00
       1297   0.461837044651E+07   0.321624664543E+07   0.114858978729E-01  -0.105109028227E-01  -0.463106594635E-02   0.117708333333E+01
       1294   0.461721896790E+07   0.321715153427E+07   0.216292605915E-01  -0.198244194642E-01  -0.864969980068E-02   0.982638888889E+00
       1330   0.461909207141E+07   0.321611892480E+07   0.404099611368E-02   0.129382721576E-02  -0.382827124517E-02   0.826388888889E+00
       1370   0.461858597979E+07   0.321745065292E+07   0.602116364952E-02   0.596516874197E-02  -0.819251838010E-03   0.684027777778E+00
       1460   0.461730783029E+07   0.322036488165E+07   0.120534304164E-01   0.118430849675E-01   0.224199091362E-02   0.822916666667E+00
       1416   0.461886021291E+07   0.321847588785E+07   0.130918428187E-01   0.130910743661E-01  -0.141846148159E-03   0.868055555556E+00
