         103          17
        355   0.458598461835E+07   0.318895142205E+07   0.227993597411E+00  -0.356498690228E-01   0.225189181132E+00   0.101388888889E+01
        340   0.458527857686E+07   0.318899769553E+07   0.272554537830E+00  -0.812665518445E-01   0.260157113382E+00   0.102430555556E+01
        354   0.458589589574E+07   0.318782995792E+07   0.105310457013E+00  -0.160692081860E-01   0.104077244894E+00   0.101388888889E+01
        332   0.459295539972E+07   0.317397982103E+07   0.237324206292E-01   0.336458948034E-03  -0.237300354887E-01   0.339930555556E+01
        350   0.459369226030E+07   0.317507735214E+07   0.343582131163E-01  -0.339155801600E-02  -0.341904100995E-01   0.337847222222E+01
        349   0.459228471304E+07   0.317595876420E+07   0.287705599919E-01  -0.696271132073E-02  -0.279153322265E-01   0.338194444444E+01
        323   0.458473571843E+07   0.318913762308E+07   0.242204078912E+00  -0.926325817552E-01   0.223790126322E+00   0.103819444444E+01
        324   0.458453645828E+07   0.318976116127E+07   0.283276326975E+00  -0.205282893259E+00   0.195203512160E+00   0.101736111111E+01
        338   0.458503673448E+07   0.318834788522E+07   0.229291439384E+00  -0.522655508459E-02   0.229231863616E+00   0.103819444444E+01
        299   0.458642548526E+07   0.317468681367E+07   0.291180789754E-01   0.774535527156E-02  -0.280690576068E-01   0.397222222222E+01
        288   0.458583209569E+07   0.317410367667E+07   0.416909877027E-01   0.142037648919E-01  -0.391968304652E-01   0.201736111111E+01
        289   0.458682838109E+07   0.317340202668E+07   0.311642257036E-01   0.170018477190E-01  -0.261179275182E-01   0.231944444444E+01
        348   0.459144210689E+07   0.317523938198E+07   0.202952434439E-01  -0.702948963773E-02  -0.190389910941E-01   0.354861111111E+01
        330   0.459074706705E+07   0.317427425069E+07   0.152933243789E-01  -0.836344293427E-02  -0.128038507037E-01   0.395486111111E+01
        331   0.459208417150E+07   0.317333502554E+07   0.132000066454E-01  -0.153255021404E-02  -0.131107385482E-01   0.395486111111E+01
        333   0.458384849707E+07   0.318255335157E+07   0.856329609160E-02  -0.491666623297E-02  -0.701116488937E-02   0.111805555556E+01
        316   0.458176665317E+07   0.318471013415E+07   0.305497503756E-01   0.765450313580E-02   0.295752570531E-01   0.153819444444E+01
        315   0.458172774639E+07   0.318217942653E+07   0.739608154482E-02   0.420864974175E-02   0.608188207457E-02   0.400000000000E+01
        347   0.458989715798E+07   0.317639993147E+07   0.260688098083E-01  -0.132914949419E-01  -0.224258557703E-01   0.359722222222E+01
        304   0.458033372587E+07   0.318675398881E+07   0.141254107482E+00   0.405256384231E-01   0.135315910043E+00   0.139236111111E+01
        303   0.457998835413E+07   0.318523775139E+07   0.409744687527E-01   0.136926285691E-01   0.386188945004E-01   0.153819444444E+01
        342   0.458526663006E+07   0.319108882929E+07   0.302895781022E+00  -0.468062195070E-02   0.302859614243E+00   0.100000000000E+01
        356   0.458617150381E+07   0.318983195960E+07   0.291669536613E+00   0.819787239438E-02   0.291554306221E+00   0.100694444444E+01
        357   0.458617286052E+07   0.319081340054E+07   0.296937855686E+00   0.584728377356E-01   0.291123714917E+00   0.993055555556E+00
        339   0.458498690486E+07   0.318988769695E+07   0.257807688411E+00  -0.892561079580E-01   0.241863910900E+00   0.101041666667E+01
        363   0.459310777085E+07   0.317671495824E+07   0.366421082545E-01  -0.851459262677E-02  -0.356391050636E-01   0.321527777778E+01
        358   0.458667307101E+07   0.319125119297E+07   0.217842395732E+00   0.452612469907E-01   0.213088547085E+00   0.986111111111E+00
        375   0.458796401163E+07   0.318997832062E+07   0.102742396908E+00   0.435400759408E-02   0.102650098589E+00   0.968750000000E+00
        359   0.458708430400E+07   0.319195757983E+07   0.207238479874E+00   0.241026101171E-02   0.207224463281E+00   0.958333333333E+00
        302   0.457922000418E+07   0.318413634663E+07   0.271928746621E-01   0.710429063085E-02   0.262484568503E-01   0.157638888889E+01
       1651   0.457800604310E+07   0.318682239932E+07   0.119751638941E+00   0.902548276877E-02   0.119411036718E+00   0.150347222222E+01
        309   0.458531212247E+07   0.317706114696E+07   0.288324025627E-01   0.109028888083E-01  -0.266914677973E-01   0.200000000000E+01
        310   0.458681946708E+07   0.317592644077E+07   0.290232865072E-01  -0.195081175442E-02  -0.289576499940E-01   0.400000000000E+01
        273   0.458652999650E+07   0.317273538227E+07   0.353873383342E-01   0.124502674198E-01  -0.331248329136E-01   0.230555555556E+01
        361   0.459070339321E+07   0.317741783670E+07   0.224560788704E-01  -0.985013086997E-02  -0.201804459832E-01   0.315625000000E+01
        365   0.458724095216E+07   0.318378622704E+07   0.687412030750E-02  -0.136641047649E-02   0.673694681675E-02   0.400000000000E+01
        351   0.458551139834E+07   0.318339835300E+07   0.855566409284E-02   0.935205048705E-03   0.850439766159E-02   0.400000000000E+01
       1653   0.458788044277E+07   0.318136110548E+07   0.159453681978E-01  -0.960090678670E-02  -0.127309605230E-01   0.107638888889E+01
        328   0.458801114782E+07   0.317606598465E+07   0.236043824983E-01  -0.913144394064E-02  -0.217665708067E-01   0.400000000000E+01
        329   0.458942130317E+07   0.317516318248E+07   0.205453464562E-01  -0.135142350377E-01  -0.154750351325E-01   0.395138888889E+01
        346   0.458820485200E+07   0.317748940930E+07   0.192323270774E-01  -0.719797784927E-02  -0.178345597000E-01   0.345486111111E+01
        364   0.459457296455E+07   0.317528945343E+07   0.377531879657E-01  -0.327279744779E-02  -0.376110621818E-01   0.330902777778E+01
        380   0.459385814963E+07   0.317729547872E+07   0.338559012970E-01  -0.935178234716E-02  -0.325386880430E-01   0.315277777778E+01
        370   0.459502277837E+07   0.317581812224E+07   0.388557592310E-01  -0.870884540106E-02  -0.378672158627E-01   0.325000000000E+01
        344   0.458611369250E+07   0.319141710966E+07   0.261340830023E+00   0.108335653739E+00   0.237828542370E+00   0.989583333333E+00
        343   0.458545959870E+07   0.319153241944E+07   0.261746096242E+00   0.233541849694E-01   0.260702130683E+00   0.996527777778E+00
        341   0.458534741096E+07   0.319023410437E+07   0.312366787001E+00  -0.115730652520E-01   0.312152324646E+00   0.100694444444E+01
        322   0.458428911222E+07   0.319049836547E+07   0.226599395735E+00  -0.146557410974E+00   0.172824221207E+00   0.100694444444E+01
        319   0.458326475731E+07   0.318778196299E+07   0.200879564975E+00   0.443361305279E-01   0.195925769501E+00   0.110763888889E+01
        307   0.458209673576E+07   0.318891901205E+07   0.212149181038E+00   0.648413648059E-01   0.201997208954E+00   0.112847222222E+01
        318   0.458245591856E+07   0.318730498409E+07   0.186842427933E+00   0.375586918144E-01   0.183028515661E+00   0.113541666667E+01
        281   0.457672015543E+07   0.318798164869E+07   0.141035952086E+00  -0.445459711704E-01   0.133816277909E+00   0.146875000000E+01
        280   0.457648045496E+07   0.318714399008E+07   0.154332042600E+00  -0.405413738300E-02   0.154278784489E+00   0.151388888889E+01
        345   0.458644159877E+07   0.318027728053E+07   0.174519535269E-01  -0.743480145338E-02  -0.157890597964E-01   0.112847222222E+01
        327   0.458651219559E+07   0.317786126191E+07   0.197024103173E-01  -0.199866507193E-02  -0.196007732052E-01   0.332638888889E+01
        372   0.458724052000E+07   0.318835216728E+07   0.563414074243E-01  -0.337313635859E-02   0.562403426524E-01   0.982638888889E+00
        373   0.458718944471E+07   0.318963490083E+07   0.153768594051E+00   0.160740291353E-02   0.153760192418E+00   0.986111111111E+00
        353   0.458546853128E+07   0.318708656297E+07   0.732664757639E-01  -0.530828637801E-03   0.732645527648E-01   0.103819444444E+01
        366   0.458690227668E+07   0.318595912669E+07   0.165751058540E-01  -0.489537961336E-02   0.158356999375E-01   0.105902777778E+01
        389   0.458887200363E+07   0.318765928470E+07   0.187654000065E-01   0.166050773402E-02   0.186917883433E-01   0.104166666667E+01
        321   0.458415562086E+07   0.318912066437E+07   0.199807397040E+00   0.522557745421E-01   0.192853130487E+00   0.106250000000E+01
        326   0.458444728800E+07   0.317983540211E+07   0.159606794356E-01   0.121657290751E-02  -0.159142463977E-01   0.145138888889E+01
        360   0.458891596668E+07   0.317890217010E+07   0.161022153811E-01  -0.873949135173E-02  -0.135241499212E-01   0.110416666667E+01
        378   0.459028529383E+07   0.317984554366E+07   0.175612939550E-01  -0.878180818271E-02  -0.152078562071E-01   0.109375000000E+01
        362   0.459172308076E+07   0.317778004576E+07   0.182808959815E-01  -0.669740971628E-02  -0.170098753957E-01   0.210069444444E+01
        301   0.457992427267E+07   0.318104537624E+07   0.769622927301E-02   0.769566046486E-02  -0.935683295832E-04   0.153819444444E+01
        308   0.458287978913E+07   0.317876828519E+07   0.189093279143E-01   0.101887877680E-01  -0.159295726870E-01   0.149305555556E+01
        325   0.458447408593E+07   0.319101237836E+07   0.224954374826E+00  -0.247495386130E-01   0.223588754395E+00   0.100694444444E+01
        314   0.459152305854E+07   0.317262898597E+07   0.838350085016E-02  -0.207525764795E-02  -0.812258531498E-02   0.400000000000E+01
        313   0.459027028311E+07   0.317307082207E+07   0.125046582981E-01  -0.100122385467E-01  -0.749143233533E-02   0.400000000000E+01
        379   0.459223965013E+07   0.317891229697E+07   0.186000336409E-01  -0.642442513636E-02  -0.174553147525E-01   0.116319444444E+01
        298   0.458475258526E+07   0.317595146902E+07   0.379012506641E-01   0.173867756951E-01  -0.336779576701E-01   0.187152777778E+01
        287   0.458475588087E+07   0.317457283744E+07   0.488400697825E-01   0.110569106147E-01  -0.475720206005E-01   0.183333333333E+01
        311   0.458795046617E+07   0.317499303904E+07   0.213017472342E-01  -0.633191653988E-02  -0.203389102010E-01   0.400000000000E+01
        312   0.458908566875E+07   0.317422421882E+07   0.171004383310E-01  -0.133390946818E-01  -0.107001656147E-01   0.400000000000E+01
        272   0.458576510832E+07   0.317323603898E+07   0.470461866782E-01   0.602544819159E-02  -0.466587361065E-01   0.205555555556E+01
        300   0.458726109248E+07   0.317454457188E+07   0.249512397757E-01  -0.506090813523E-02  -0.244325924779E-01   0.400000000000E+01
       1654   0.458912238665E+07   0.318214160581E+07   0.119074252798E-01  -0.571753014092E-02  -0.104449330243E-01   0.103472222222E+01
        397   0.459329779958E+07   0.317967677830E+07   0.192528762551E-01  -0.804434565365E-02  -0.174917622640E-01   0.116319444444E+01
        412   0.459333111962E+07   0.318244162675E+07   0.101201717977E-01  -0.344286344063E-02  -0.951654183743E-02   0.961805555556E+00
        398   0.459042631731E+07   0.318464839434E+07   0.450333371426E-02  -0.235674303278E-03   0.449716267937E-02   0.400000000000E+01
        396   0.459122445077E+07   0.318168038413E+07   0.133038802457E-01  -0.551068766799E-02  -0.121089037909E-01   0.103125000000E+01
        352   0.458560375419E+07   0.318555129291E+07   0.211730172264E-01  -0.198075220122E-02   0.210801631679E-01   0.103125000000E+01
        334   0.458324603825E+07   0.318507799533E+07   0.439179539429E-01   0.295934564789E-02   0.438181349656E-01   0.112152777778E+01
        317   0.458146972325E+07   0.318692771446E+07   0.185381885683E+00   0.364112307985E-01   0.181770915746E+00   0.117013888889E+01
        336   0.458435590627E+07   0.318731713741E+07   0.155434196125E+00   0.137515150306E-01   0.154824691698E+00   0.106597222222E+01
        335   0.458411096260E+07   0.318597603921E+07   0.646457418100E-01   0.312363126543E-02   0.645702320104E-01   0.107638888889E+01
        382   0.458826413974E+07   0.318630136680E+07   0.109479830776E-01  -0.155013591056E-02   0.108376848139E-01   0.116666666667E+01
        367   0.458687409235E+07   0.318745815851E+07   0.385981440521E-01  -0.732485665348E-02   0.378967439139E-01   0.101388888889E+01
        391   0.458958434490E+07   0.318876790735E+07   0.245741353147E-01   0.341384568678E-02   0.243358538805E-01   0.982638888889E+00
        381   0.458885289726E+07   0.318415020180E+07   0.535330254547E-02  -0.384891822292E-02  -0.372070916045E-02   0.951388888889E+00
        405   0.459125629389E+07   0.318606541595E+07   0.557167912953E-02   0.101309774871E-02   0.547879925477E-02   0.319791666667E+01
        337   0.458448720574E+07   0.318817591908E+07   0.187849314984E+00   0.291141929501E-01   0.185579440965E+00   0.105208333333E+01
        297   0.458329841680E+07   0.317626057396E+07   0.345038321175E-01   0.161010565692E-01  -0.305167234176E-01   0.153125000000E+01
        320   0.458329088458E+07   0.318917594834E+07   0.194918573684E+00   0.467670984670E-01   0.189224968933E+00   0.109375000000E+01
        282   0.457696513824E+07   0.318877752060E+07   0.105881199742E+00  -0.307882460715E-02   0.105836427084E+00   0.146180555556E+01
        306   0.458089845732E+07   0.318903773550E+07   0.198834681572E+00   0.315139142310E-01   0.196321429818E+00   0.115625000000E+01
        283   0.457788056355E+07   0.318868194185E+07   0.108262213085E+00   0.423372970390E-01   0.996406546621E-01   0.147569444444E+01
        294   0.457900940821E+07   0.318717592796E+07   0.115813455864E+00   0.396986244783E-01   0.108796947447E+00   0.146875000000E+01
        295   0.457920918101E+07   0.318831828052E+07   0.132783766101E+00   0.440215244543E-01   0.125274234880E+00   0.143055555556E+01
        305   0.458014540545E+07   0.318847165582E+07   0.188484858577E+00   0.270507307863E-01   0.186533642748E+00   0.118402777778E+01
        293   0.457759201206E+07   0.318565502666E+07   0.102738901947E+00   0.145802896198E-01   0.101699051755E+00   0.153472222222E+01
        376   0.458836240947E+07   0.319082691677E+07   0.185555546099E+00   0.322260927840E-01   0.182735709788E+00   0.961805555556E+00
