         113          17
       1389   0.460452190864E+07   0.326018645064E+07   0.279356332965E-02  -0.279353673005E-02   0.121907599061E-04   0.191666666667E+01
       1390   0.460265273746E+07   0.325887048087E+07   0.279359455822E-02  -0.279359238769E-02   0.348240367311E-05   0.191666666667E+01
       1439   0.460574779657E+07   0.325537324701E+07   0.645656878816E-02  -0.373274073416E-03   0.644576969666E-02   0.434027777778E+00
       1494   0.462865566403E+07   0.322786021384E+07   0.479322708467E-02  -0.386897302488E-02   0.282950059516E-02   0.944444444444E+00
       1527   0.462525045578E+07   0.322654661004E+07   0.339108341609E-02  -0.677813250613E-03   0.332265194268E-02   0.400000000000E+01
       1493   0.463028422542E+07   0.322253007461E+07   0.505047290239E-02  -0.357429105577E-02   0.356815358224E-02   0.937500000000E+00
       1520   0.460971085455E+07   0.324895142859E+07   0.495162650255E-02   0.249847687894E-02   0.427506939196E-02   0.400000000000E+01
       1486   0.460708783171E+07   0.325183269437E+07   0.615019521686E-02   0.252610066469E-02   0.560746971791E-02   0.400000000000E+01
       1521   0.460758514417E+07   0.324920634819E+07   0.670575734564E-02   0.309645020270E-02   0.594803982172E-02   0.400000000000E+01
       1495   0.462697427780E+07   0.323292163223E+07   0.446595931043E-02  -0.345078032095E-02   0.283494404511E-02   0.972222222222E+00
       1496   0.462319743730E+07   0.323694493201E+07   0.437687534889E-02  -0.344650554657E-02   0.269789498262E-02   0.105902777778E+01
       1528   0.462313207573E+07   0.323216498990E+07   0.390760900719E-02  -0.648299266448E-03   0.385345510085E-02   0.400000000000E+01
        922   0.466711454502E+07   0.317624794042E+07   0.213390626668E-02  -0.157781215944E-02   0.143668533246E-02   0.400000000000E+01
        921   0.466779433690E+07   0.317535449352E+07   0.167779346990E-02  -0.167675988116E-02   0.588831774329E-04   0.399305555556E+01
        984   0.466769405542E+07   0.317614661576E+07   0.124967601150E-02   0.196654978722E-03   0.123410573010E-02   0.365625000000E+01
        924   0.466858032602E+07   0.317506999270E+07   0.609633222134E-03  -0.100809112026E-03   0.601240541266E-03   0.210763888889E+01
        871   0.466840332504E+07   0.317432217181E+07   0.147141111764E-02  -0.113285835847E-02   0.938979561417E-03   0.240277777778E+01
        923   0.466976314204E+07   0.317356217003E+07   0.987753563066E-03  -0.109631935698E-03  -0.981650620142E-03   0.285763888889E+01
        869   0.466723572984E+07   0.317565788256E+07   0.157083381540E-02  -0.155328915355E-02   0.234118946405E-03   0.400000000000E+01
        821   0.466537419110E+07   0.317457937349E+07   0.684920067172E-02  -0.575860815736E-02   0.370809680720E-02   0.888888888889E+00
        822   0.466479685460E+07   0.317463948362E+07   0.402174992253E-02  -0.246607884017E-02   0.317693682553E-02   0.105555555556E+01
        794   0.466526387303E+07   0.317396844485E+07   0.331092380193E-02  -0.293858963424E-02   0.152542039573E-02   0.105555555556E+01
        865   0.466489228754E+07   0.317523269293E+07   0.453530438465E-02  -0.443003292825E-02   0.971490667023E-03   0.133333333333E+01
        986   0.466922540586E+07   0.317526358890E+07   0.364659626472E-03   0.330812211245E-03   0.153427259866E-03   0.373263888889E+01
        988   0.466825519485E+07   0.317630173920E+07   0.616752438667E-03  -0.914213089438E-05   0.616684677971E-03   0.314930555556E+01
       1046   0.466896558196E+07   0.317677145939E+07   0.960314774961E-03  -0.926588179190E-03   0.252267344687E-03   0.104861111111E+01
       1047   0.466778620023E+07   0.317742415457E+07   0.927734968646E-03  -0.912603154904E-03  -0.166876162789E-03   0.382986111111E+01
       1450   0.463320404298E+07   0.322411422953E+07   0.421988351917E-02  -0.306000657739E-02   0.290581772685E-02   0.996527777778E+00
        760   0.466681243304E+07   0.317295084839E+07   0.225666284555E-02  -0.207521850483E-02   0.886563791094E-03   0.722222222222E+00
        777   0.466643957699E+07   0.317360853965E+07   0.491819792626E-02  -0.364404737686E-02   0.330296678110E-02   0.722222222222E+00
        775   0.466612732821E+07   0.317330001698E+07   0.328363292246E-02  -0.304387832451E-02   0.123168580208E-02   0.784722222222E+00
       1555   0.461594428225E+07   0.323004880614E+07   0.220371957065E-01   0.195726320765E-01  -0.101267007563E-01   0.871527777778E+00
       1533   0.461929496965E+07   0.322583854692E+07   0.107390551348E-01   0.107162540952E-01  -0.699430736494E-03   0.902777777778E+00
       1552   0.461986760159E+07   0.323013008807E+07   0.399680020820E-02  -0.801307583777E-03   0.391565040070E-02   0.400000000000E+01
       1526   0.462336802568E+07   0.322406919090E+07   0.106953543002E-01  -0.825389006890E-02   0.680175729772E-02   0.313194444444E+01
       1584   0.461094377779E+07   0.324002449773E+07   0.851194491975E-02   0.848136785326E-02  -0.720836773866E-03   0.101388888889E+01
       1567   0.460908547905E+07   0.324411655420E+07   0.782194163430E-02   0.228752754860E-02  -0.747997250294E-02   0.934027777778E+00
       1585   0.460787631034E+07   0.324309106181E+07   0.831852276402E-02   0.728266660273E-02  -0.402002339905E-02   0.958333333333E+00
       1476   0.461744948725E+07   0.324299648449E+07   0.467329478505E-02  -0.540301262733E-03   0.464195634334E-02   0.387500000000E+01
       1513   0.461792509028E+07   0.324057546715E+07   0.762269741734E-02  -0.401163706660E-03   0.761213397128E-02   0.324652777778E+01
       1497   0.461998326326E+07   0.324042286680E+07   0.372312463893E-02  -0.111806446780E-02   0.355127989926E-02   0.297222222222E+01
       1516   0.461222148132E+07   0.324731949601E+07   0.570844291057E-02   0.416034008572E-02   0.390869426208E-02   0.379513888889E+01
       1484   0.461105134161E+07   0.324965340252E+07   0.505868210838E-02   0.252621021173E-02   0.438275331724E-02   0.437500000000E+00
       1403   0.463815732560E+07   0.322158686804E+07   0.279359455387E-02   0.233644385357E-08   0.279359455387E-02   0.191666666667E+01
       1451   0.463265823251E+07   0.322949010488E+07   0.279359455274E-02   0.822346883131E-08   0.279359455273E-02   0.191666666667E+01
       1546   0.460740756984E+07   0.324719292821E+07   0.988302642095E-02   0.342779985087E-02  -0.926954148917E-02   0.961805555556E+00
       1547   0.460950117264E+07   0.324640074332E+07   0.614454908747E-02   0.181264715087E-02   0.587109817621E-02   0.379513888889E+01
       1477   0.461554055360E+07   0.324478512872E+07   0.779233862313E-02   0.477149162577E-02   0.616063380528E-02   0.378125000000E+01
       1514   0.461576949684E+07   0.324266581115E+07   0.900286369425E-02   0.510040588107E-02   0.741872054641E-02   0.362152777778E+01
       1544   0.461172976202E+07   0.324556220347E+07   0.589573812961E-02   0.413226337096E-02   0.420524999566E-02   0.359375000000E+01
       1565   0.461159240402E+07   0.324284093629E+07   0.671880698755E-02   0.304856241074E-02   0.598737292673E-02   0.357291666667E+01
       1543   0.461392424148E+07   0.324246023935E+07   0.880999198528E-02   0.651725158201E-02   0.592801742554E-02   0.392013888889E+01
       1529   0.461998297380E+07   0.323715815381E+07   0.384717993447E-02  -0.307362461504E-03   0.383488223619E-02   0.314583333333E+01
       1515   0.461384566997E+07   0.324492843982E+07   0.935731933547E-02   0.731347773792E-02   0.583716271170E-02   0.357291666667E+01
       1440   0.460452727951E+07   0.325370923917E+07   0.371616368570E-02   0.140861057727E-02   0.343884992120E-02   0.400000000000E+01
       1483   0.460902588796E+07   0.325233133260E+07   0.745276450672E-02   0.889362492592E-03   0.739950898029E-02   0.437500000000E+00
       1324   0.461629947284E+07   0.325043981056E+07   0.524095846095E-02  -0.404563190583E-02   0.333174249784E-02   0.142708333333E+01
       1363   0.461895141683E+07   0.324906135711E+07   0.279359409174E-02   0.712490697989E-06   0.279359400088E-02   0.191666666667E+01
       1325   0.461626036452E+07   0.325288657034E+07   0.279359429178E-02   0.100290180384E-05   0.279359411175E-02   0.191666666667E+01
       1362   0.461769190682E+07   0.324803052112E+07   0.285301639580E-02  -0.200124557341E-02   0.203340077447E-02   0.109375000000E+01
       1361   0.461617771780E+07   0.324851496371E+07   0.449762881986E-02  -0.174429012393E-02   0.414561418427E-02   0.340625000000E+01
       1404   0.461750617341E+07   0.324626988799E+07   0.293834316827E-02  -0.234239086255E-02   0.177399707485E-02   0.118402777778E+01
        987   0.467036330700E+07   0.317470102315E+07   0.391299724775E-03  -0.271555336734E-03   0.281732450564E-03   0.398611111111E+01
       1108   0.466791092805E+07   0.317832293943E+07   0.165975971747E-02  -0.165699007135E-02   0.958447869342E-04   0.103819444444E+01
       1044   0.466725474831E+07   0.317716943905E+07   0.181190648646E-02   0.180980051974E-02  -0.873338101860E-04   0.103472222222E+01
        985   0.466698138309E+07   0.317688656087E+07   0.482354190838E-03   0.193344648328E-03  -0.441908828133E-03   0.112500000000E+01
        823   0.466552734037E+07   0.317510057984E+07   0.745203131765E-02  -0.725162898692E-02   0.171658026182E-02   0.868055555556E+00
        824   0.466616993243E+07   0.317492094427E+07   0.721565451413E-02  -0.704447024169E-02   0.156240490313E-02   0.677083333333E+00
        867   0.466565175710E+07   0.317572840929E+07   0.635548895933E-02  -0.635499044547E-02  -0.796011945458E-04   0.697916666667E+00
        827   0.466801937898E+07   0.317366525754E+07   0.145873289811E-02  -0.323290707375E-03   0.142245730571E-02   0.892361111111E+00
        870   0.466910395410E+07   0.317310728086E+07   0.104103130140E-02  -0.103405511747E-02   0.120317016791E-03   0.197222222222E+01
        868   0.466726626733E+07   0.317491498475E+07   0.371799683194E-03  -0.333982513547E-03   0.163372840669E-03   0.104166666667E+01
        825   0.466723610929E+07   0.317354159992E+07   0.111090429777E-02   0.379182292800E-03   0.104418827212E-02   0.892361111111E+00
        826   0.466815136324E+07   0.317246913254E+07   0.122309590175E-02   0.384660103730E-03   0.116103410350E-02   0.621527777778E+00
        793   0.466583919689E+07   0.317398120156E+07   0.567444999550E-02  -0.488636067593E-02   0.288493710437E-02   0.784722222222E+00
        795   0.466600068219E+07   0.317438678721E+07   0.725351932309E-02  -0.614666302306E-02   0.385124346821E-02   0.722222222222E+00
        796   0.466659748123E+07   0.317408736611E+07   0.571814379208E-02  -0.447070125821E-02   0.356510850980E-02   0.701388888889E+00
        759   0.466679693702E+07   0.317244648862E+07   0.690937957309E-03  -0.690215601518E-03   0.315861404753E-04   0.784722222222E+00
        776   0.466615699517E+07   0.317262884076E+07   0.140166886801E-02  -0.137258668098E-02   0.284044747797E-03   0.923611111111E+00
       1573   0.461469704338E+07   0.323497176079E+07   0.102877612668E-01   0.934568426697E-02  -0.430072290035E-02   0.899305555556E+00
       1564   0.461423676569E+07   0.323907953478E+07   0.817364146669E-02   0.416870446275E-02   0.703066980651E-02   0.392013888889E+01
       1590   0.461065374680E+07   0.323698684748E+07   0.158180195553E-01   0.156957103412E-01  -0.196326756658E-02   0.947916666667E+00
       1383   0.461487496885E+07   0.324778941078E+07   0.480191879182E-02  -0.305684346680E-02   0.370325965909E-02   0.402777777778E+00
       1431   0.461528711825E+07   0.324646128231E+07   0.418464186503E-02   0.273711670022E-02   0.316534669633E-02   0.409722222222E+00
       1382   0.461600937236E+07   0.324709831628E+07   0.366626302775E-02  -0.164855639087E-02   0.327471318053E-02   0.400000000000E+01
       1542   0.461654975333E+07   0.323951400933E+07   0.812067534484E-02   0.220126316552E-02   0.781663665092E-02   0.384027777778E+01
       1574   0.461243274946E+07   0.323328501966E+07   0.317572848878E-01   0.289433108871E-01  -0.130694260907E-01   0.888888888889E+00
       1553   0.461817499053E+07   0.323528944699E+07   0.615320692472E-02   0.438375321961E-03   0.613757138740E-02   0.326041666667E+01
       1428   0.461678630283E+07   0.324522018147E+07   0.282617573311E-02  -0.967822804447E-03   0.265529438926E-02   0.374305555556E+01
       1454   0.462216345023E+07   0.324109175725E+07   0.369638280416E-02  -0.295701200526E-02   0.221795532770E-02   0.106250000000E+01
       1452   0.462714129776E+07   0.323738923040E+07   0.279359455800E-02  -0.129547223143E-06   0.279359455500E-02   0.191666666667E+01
       1453   0.461897051256E+07   0.324352405122E+07   0.308930117502E-02  -0.271409420293E-02   0.147562678466E-02   0.106250000000E+01
       1406   0.462234284027E+07   0.324423654444E+07   0.279359451454E-02  -0.685504295076E-06   0.279359443044E-02   0.191666666667E+01
       1405   0.461953377831E+07   0.324549251853E+07   0.314834967860E-02  -0.220874693219E-02   0.224355581350E-02   0.109375000000E+01
       1381   0.461506922181E+07   0.324863596291E+07   0.119307909829E-01  -0.193510196201E-03   0.119292215707E-01   0.427083333333E+00
       1380   0.461405029233E+07   0.324989848403E+07   0.330550903584E-01   0.107936010515E-01   0.312431940580E-01   0.437500000000E+00
       1430   0.461435956200E+07   0.324834142296E+07   0.196153892653E-01   0.501541600889E-02   0.189633619985E-01   0.434027777778E+00
       1343   0.461480583090E+07   0.325045597936E+07   0.132520605345E-01   0.351364502738E-02   0.127777700336E-01   0.437500000000E+00
       1479   0.461399100703E+07   0.324667950498E+07   0.114577894764E-01   0.955588630582E-02   0.632186496181E-02   0.420138888889E+00
       1478   0.461315184723E+07   0.324857882067E+07   0.157468282501E-01   0.106304139183E-01   0.116170951559E-01   0.427083333333E+00
       1429   0.461315029752E+07   0.324986986712E+07   0.352365931923E-01   0.143400454519E-01   0.321866524547E-01   0.437500000000E+00
       1432   0.461442933641E+07   0.324759514778E+07   0.729071904744E-02   0.511436970362E-02   0.519594137412E-02   0.427083333333E+00
       1437   0.461160215620E+07   0.325100480973E+07   0.159812911368E-01   0.559087611170E-02   0.149714318187E-01   0.437500000000E+00
       1342   0.461408828580E+07   0.325307104334E+07   0.111209481982E-01  -0.669348056426E-03   0.111007865490E-01   0.465277777778E+00
       1387   0.461278592017E+07   0.325189391611E+07   0.307077129010E-01   0.865078517153E-02   0.294640042684E-01   0.440972222222E+00
       1341   0.461321118268E+07   0.325720899656E+07   0.279310305961E-02  -0.448120722089E-04   0.279274355783E-02   0.191666666667E+01
       1436   0.461064627494E+07   0.325330799567E+07   0.222124593558E-01   0.833079898821E-03   0.221968314972E-01   0.451388888889E+00
       1386   0.461144750028E+07   0.325508296103E+07   0.210792119411E-01  -0.250775307651E-02   0.209295090856E-01   0.468750000000E+00
       1435   0.460821718628E+07   0.325600025289E+07   0.154037958753E-01  -0.330956892807E-02   0.150440579924E-01   0.465277777778E+00
       1485   0.460547283273E+07   0.325142044895E+07   0.415637414844E-02   0.236340555600E-02   0.341902913700E-02   0.400000000000E+01
       1392   0.460304551633E+07   0.325619772358E+07   0.382839401846E-02   0.218995373538E-03  -0.382212529713E-02   0.113194444444E+01
       1345   0.460887867436E+07   0.326311189168E+07   0.206454206217E-02  -0.116521684561E-02   0.170428977265E-02   0.191666666667E+01
       1385   0.460888352532E+07   0.325884874010E+07   0.910261738047E-02  -0.206319402584E-02   0.886571337158E-02   0.548611111111E+00
