         116          17
       1104   0.466366541976E+07   0.317978204532E+07   0.317261150179E-03  -0.259459356491E-03   0.182580063922E-03   0.555555555556E+00
       1103   0.466265617753E+07   0.317963502661E+07   0.282664754924E-03  -0.235846120108E-03  -0.155807481548E-03   0.291319444444E+01
       1041   0.466394422022E+07   0.317832784497E+07   0.961225864287E-03  -0.550781870206E-03   0.787778200781E-03   0.875000000000E+00
       1042   0.466483204619E+07   0.317816460228E+07   0.119572044259E-02  -0.530002709574E-03   0.107184164160E-02   0.353819444444E+01
       1222   0.466476490440E+07   0.318293871430E+07   0.385164367082E-03  -0.370361737105E-03  -0.105753360979E-03   0.826388888889E+00
       1221   0.466178881052E+07   0.318425362253E+07   0.737098494652E-03  -0.702144761865E-03   0.224292051139E-03   0.384027777778E+01
       1171   0.466375741264E+07   0.318145917427E+07   0.383914106324E-03  -0.382323006920E-03  -0.349164633747E-04   0.357638888889E+01
       1348   0.460116087776E+07   0.325781721082E+07   0.330123846471E-02   0.207555179484E-03  -0.329470730845E-02   0.126736111111E+01
       1392   0.460304551633E+07   0.325619772358E+07   0.382839401846E-02   0.218995373538E-03  -0.382212529713E-02   0.113194444444E+01
       1390   0.460265273746E+07   0.325887048087E+07   0.279359455822E-02  -0.279359238769E-02   0.348240367311E-05   0.191666666667E+01
       1433   0.460259646854E+07   0.325240491243E+07   0.363966804687E-02   0.320630443496E-02  -0.172243878317E-02   0.111111111111E+01
       1388   0.460190969256E+07   0.325381442779E+07   0.396247822246E-02   0.316106867295E-02  -0.238932595272E-02   0.114236111111E+01
       1384   0.460149636806E+07   0.325304341548E+07   0.452619106039E-02  -0.766175285294E-03   0.446087221823E-02   0.400000000000E+01
       1047   0.466778620023E+07   0.317742415457E+07   0.927734968646E-03  -0.912603154904E-03  -0.166876162789E-03   0.382986111111E+01
       1107   0.466683319063E+07   0.317855838369E+07   0.107681182585E-02  -0.953778010828E-03  -0.499831185863E-03   0.324652777778E+01
       1044   0.466725474831E+07   0.317716943905E+07   0.181190648646E-02   0.180980051974E-02  -0.873338101860E-04   0.103472222222E+01
       1095   0.466223174912E+07   0.317877339171E+07   0.450823798419E-03  -0.375545774169E-03  -0.249414251246E-03   0.173611111111E+01
       1040   0.466333425828E+07   0.317805138198E+07   0.795951427966E-03  -0.145299274593E-04   0.795818796516E-03   0.645833333333E+00
       1030   0.466299374388E+07   0.317746590581E+07   0.139612441360E-02   0.357088684699E-03   0.134968553727E-02   0.659722222222E+00
       1031   0.466204165537E+07   0.317760468173E+07   0.952120574448E-03   0.641492999010E-04   0.949957080930E-03   0.645833333333E+00
       1170   0.466203863515E+07   0.318167642091E+07   0.322819584561E-03  -0.322464726621E-03   0.151322259312E-04   0.250694444444E+01
       1165   0.466088247739E+07   0.318092748527E+07   0.562295648159E-03  -0.444828779753E-03   0.343953125646E-03   0.857638888889E+00
       1045   0.466656841593E+07   0.317779691983E+07   0.415011845046E-02   0.408216598715E-02   0.747933156208E-03   0.154513888889E+01
       1347   0.460148095039E+07   0.325627114875E+07   0.448739303206E-02   0.210795581802E-02  -0.396146670988E-02   0.125000000000E+01
       1391   0.460247388706E+07   0.325463501200E+07   0.310455806960E-02   0.136221600307E-02  -0.278973983886E-02   0.112847222222E+01
       1610   0.460366907740E+07   0.324403897130E+07   0.665840460206E-01   0.659744457807E-01  -0.898930967373E-02   0.104166666667E+01
       1615   0.460464846529E+07   0.324250837301E+07   0.307436538649E-01   0.307288122177E-01  -0.955171532272E-03   0.103819444444E+01
       1607   0.460465401425E+07   0.324379956713E+07   0.582552570256E-01   0.581759520625E-01   0.303867943948E-02   0.104166666667E+01
       1598   0.460360520555E+07   0.324474205742E+07   0.108062702788E+00   0.108061915451E+00  -0.412508180702E-03   0.104513888889E+01
       1594   0.460395460797E+07   0.324498875706E+07   0.992053979522E-01   0.980121168248E-01   0.153406629054E-01   0.106597222222E+01
       1583   0.460578936890E+07   0.324531213114E+07   0.200166136782E-01   0.947006680061E-02  -0.176347003926E-01   0.965277777778E+00
       1566   0.460678475911E+07   0.324591083556E+07   0.145485766325E-01   0.749843480084E-02  -0.124673396347E-01   0.968750000000E+00
       1562   0.460536289600E+07   0.324712535611E+07   0.231878232461E-01   0.156725141998E-01  -0.170893957047E-01   0.975694444444E+00
       1442   0.460219229456E+07   0.324936364767E+07   0.917427751277E-01   0.619652795209E-01  -0.676538315399E-01   0.105555555556E+01
       1487   0.460284553444E+07   0.324845035387E+07   0.118529911153E+00   0.701689915452E-01  -0.955282809616E-01   0.105208333333E+01
       1441   0.460282916220E+07   0.324916663918E+07   0.892610942527E-01   0.524234376695E-01  -0.722449038348E-01   0.105555555556E+01
       1472   0.460347377859E+07   0.324818430611E+07   0.109738479980E+00   0.625280645270E-01  -0.901819002621E-01   0.105208333333E+01
       1652   0.460123956094E+07   0.325213100003E+07   0.798779480169E-02  -0.493062955184E-02   0.628440593981E-02   0.486111111111E+00
       1393   0.460063018295E+07   0.325173284152E+07   0.123145738627E-01  -0.104848821346E-01   0.645879060236E-02   0.475694444444E+00
       1394   0.460143858969E+07   0.325103998083E+07   0.168004109253E-01   0.106377815103E-01  -0.130035153631E-01   0.112847222222E+01
       1475   0.460350124774E+07   0.324904890778E+07   0.668026889020E-01   0.402551109534E-01  -0.533115867956E-01   0.106944444444E+01
       1344   0.460054150054E+07   0.325459691558E+07   0.390296146393E-02  -0.159779745869E-02   0.356092003138E-02   0.434027777778E+00
       1427   0.460209025397E+07   0.325184985498E+07   0.571760877997E-02   0.353838957046E-02  -0.449119687928E-02   0.114236111111E+01
       1426   0.460205800237E+07   0.325098712352E+07   0.160763674583E-01   0.729625376368E-02  -0.143253018003E-01   0.111111111111E+01
       1474   0.460275203551E+07   0.325074815705E+07   0.118782796768E-01   0.398063868267E-02  -0.111914272441E-01   0.111111111111E+01
       1438   0.460353403196E+07   0.325271561402E+07   0.271958443317E-02   0.219531989741E-02  -0.160521339303E-02   0.106944444444E+01
       1440   0.460452727951E+07   0.325370923917E+07   0.371616368570E-02   0.140861057727E-02   0.343884992120E-02   0.400000000000E+01
       1521   0.460758514417E+07   0.324920634819E+07   0.670575734564E-02   0.309645020270E-02   0.594803982172E-02   0.400000000000E+01
       1519   0.460593693767E+07   0.324941062568E+07   0.599586458013E-02   0.322448664060E-02  -0.505500523915E-02   0.954861111111E+00
       1546   0.460740756984E+07   0.324719292821E+07   0.988302642095E-02   0.342779985087E-02  -0.926954148917E-02   0.961805555556E+00
       1439   0.460574779657E+07   0.325537324701E+07   0.645656878816E-02  -0.373274073416E-03   0.644576969666E-02   0.434027777778E+00
       1172   0.466545444245E+07   0.318031098750E+07   0.519299897666E-03  -0.484510116849E-03  -0.186875173275E-03   0.336111111111E+01
       1105   0.466485974993E+07   0.317940378475E+07   0.524396276113E-03  -0.280625555659E-03  -0.442990690548E-03   0.223611111111E+01
       1108   0.466791092805E+07   0.317832293943E+07   0.165975971747E-02  -0.165699007135E-02   0.958447869342E-04   0.103819444444E+01
        982   0.466481228961E+07   0.317713693196E+07   0.303364108374E-02  -0.143147574161E-02   0.267466921808E-02   0.331944444444E+01
        980   0.466384776702E+07   0.317695705148E+07   0.269034180234E-02   0.353317828715E-03   0.266704059312E-02   0.892361111111E+00
        918   0.466440738098E+07   0.317604734605E+07   0.385129166392E-02  -0.375710209712E-02  -0.846540791925E-03   0.128125000000E+01
        919   0.466454979115E+07   0.317644185497E+07   0.268429119942E-02  -0.106438975673E-02   0.246424302557E-02   0.307291666667E+01
       1106   0.466591733767E+07   0.317890129559E+07   0.774785977921E-03  -0.681222730811E-03  -0.369091997489E-03   0.315625000000E+01
       1043   0.466588826424E+07   0.317783115736E+07   0.250262508016E-02  -0.709655475922E-03   0.239990028905E-02   0.143055555556E+01
        983   0.466545430456E+07   0.317687741386E+07   0.242548159197E-02   0.298441801811E-03   0.240705077718E-02   0.143402777778E+01
        867   0.466565175710E+07   0.317572840929E+07   0.635548895933E-02  -0.635499044547E-02  -0.796011945458E-04   0.697916666667E+00
        866   0.466504454784E+07   0.317577519656E+07   0.475235775015E-02  -0.474974867067E-02   0.157453964441E-03   0.885416666667E+00
        823   0.466552734037E+07   0.317510057984E+07   0.745203131765E-02  -0.725162898692E-02   0.171658026182E-02   0.868055555556E+00
        966   0.466297814703E+07   0.317657812705E+07   0.331901976006E-02   0.107310056249E-02   0.314075585654E-02   0.143750000000E+01
        981   0.466426084021E+07   0.317718492349E+07   0.234121198573E-02  -0.133555192282E-02   0.192290785623E-02   0.871527777778E+00
        965   0.466371521958E+07   0.317639535325E+07   0.256531539732E-02  -0.223062691895E-02   0.126694381730E-02   0.173611111111E+01
        865   0.466489228754E+07   0.317523269293E+07   0.453530438465E-02  -0.443003292825E-02   0.971490667023E-03   0.133333333333E+01
        905   0.466426297545E+07   0.317563515216E+07   0.377007769107E-02  -0.339101041639E-02  -0.164758433855E-02   0.172916666667E+01
        920   0.466502305603E+07   0.317635948431E+07   0.362983634567E-02  -0.328373264558E-02   0.154687161998E-02   0.337847222222E+01
       1218   0.465973165388E+07   0.318412785137E+07   0.157710753490E-02  -0.997662876136E-03   0.122144871452E-02   0.135069444444E+01
       1173   0.466668481245E+07   0.318012245032E+07   0.106220493101E-02  -0.104595067947E-02  -0.185112105384E-03   0.934027777778E+00
       1262   0.466161529762E+07   0.318754932039E+07   0.279359455822E-02  -0.133578389340E-05   0.279359423886E-02   0.191666666667E+01
       1586   0.460317350542E+07   0.324547397255E+07   0.137773076488E+00   0.135578342195E+00  -0.244935447155E-01   0.104513888889E+01
       1587   0.460258908040E+07   0.324597126784E+07   0.145587909488E+00   0.134419139205E+00  -0.559225750875E-01   0.104513888889E+01
       1599   0.460295589902E+07   0.324497808582E+07   0.116592638869E+00   0.114959903996E+00  -0.194438656553E-01   0.104513888889E+01
       1597   0.460800704664E+07   0.324056772566E+07   0.146356117942E-01   0.142653404174E-01   0.327126815881E-02   0.104861111111E+01
       1585   0.460787631034E+07   0.324309106181E+07   0.831852276402E-02   0.728266660273E-02  -0.402002339905E-02   0.958333333333E+00
       1596   0.460615324512E+07   0.324339588450E+07   0.174611195089E-01   0.166990770978E-01  -0.510210922907E-02   0.104166666667E+01
       1608   0.460588437515E+07   0.324217268567E+07   0.235865290340E-01   0.235859374937E-01  -0.167046159737E-03   0.107291666667E+01
       1511   0.460349112579E+07   0.324755245876E+07   0.126794043239E+00   0.604423064266E-01  -0.111460562509E+00   0.104861111111E+01
       1567   0.460908547905E+07   0.324411655420E+07   0.782194163430E-02   0.228752754860E-02  -0.747997250294E-02   0.934027777778E+00
       1485   0.460547283273E+07   0.325142044895E+07   0.415637414844E-02   0.236340555600E-02   0.341902913700E-02   0.400000000000E+01
       1545   0.460546038768E+07   0.324823464573E+07   0.119014939694E-01   0.836339144355E-02  -0.846754050858E-02   0.975694444444E+00
       1434   0.460287702325E+07   0.325137777505E+07   0.510233890507E-02   0.273832770284E-02  -0.430527858495E-02   0.107638888889E+01
       1518   0.460415841312E+07   0.324948864416E+07   0.664968628902E-02   0.429236982872E-02  -0.507876845267E-02   0.104513888889E+01
       1541   0.460412405391E+07   0.324867545216E+07   0.141670653134E-01   0.121192412835E-01  -0.733687469619E-02   0.993055555556E+00
       1482   0.460453578010E+07   0.325106930288E+07   0.370682016322E-02   0.255855575541E-02  -0.268222075321E-02   0.100000000000E+01
       1563   0.460452982311E+07   0.324715011615E+07   0.280563213229E-01   0.177541642083E-01  -0.217243370311E-01   0.989583333333E+00
       1512   0.460330446725E+07   0.324983432141E+07   0.194189558891E-01   0.127071861295E-01  -0.146841161971E-01   0.109027777778E+01
       1473   0.460270066647E+07   0.324996838342E+07   0.404703642101E-01   0.211281304979E-01  -0.345174228609E-01   0.109027777778E+01
       1595   0.460482426585E+07   0.324485723521E+07   0.304998866395E-01   0.291327256076E-01  -0.902925155782E-02   0.104166666667E+01
       1581   0.460378200944E+07   0.324574891583E+07   0.109048017904E+00   0.108962881907E+00   0.430819861402E-02   0.104513888889E+01
       1582   0.460453115717E+07   0.324607180143E+07   0.235872570073E-01   0.706118727581E-02  -0.225055177098E-01   0.982638888889E+00
       1517   0.460462100585E+07   0.324997845033E+07   0.489266826432E-02   0.298679261937E-02  -0.387521258688E-02   0.104513888889E+01
       1561   0.460330412120E+07   0.324648141687E+07   0.167685681673E+00   0.144077765075E+00  -0.857909403672E-01   0.104513888889E+01
       1548   0.460273503046E+07   0.324703407832E+07   0.175461969035E+00   0.120445645135E+00  -0.127592120234E+00   0.104861111111E+01
       1568   0.460281182284E+07   0.324637315170E+07   0.163578305684E+00   0.145406892238E+00  -0.749312870566E-01   0.104513888889E+01
       1522   0.460273500083E+07   0.324778889186E+07   0.149114987512E+00   0.872530192721E-01  -0.120922248277E+00   0.104861111111E+01
       1540   0.460331848607E+07   0.324702956825E+07   0.164136657851E+00   0.807031716218E-01  -0.142925996728E+00   0.104861111111E+01
       1580   0.460330583532E+07   0.324585169803E+07   0.151562478521E+00   0.149817277614E+00  -0.229339971218E-01   0.104513888889E+01
       1569   0.460214723899E+07   0.324694612309E+07   0.155801382954E+00   0.119796823906E+00  -0.996132115356E-01   0.104861111111E+01
       1549   0.460217176005E+07   0.324766656575E+07   0.164135978597E+00   0.107147677483E+00  -0.124338226945E+00   0.104861111111E+01
       1488   0.460229295155E+07   0.324866270652E+07   0.117818272740E+00   0.832124446608E-01  -0.834076402083E-01   0.105208333333E+01
       1481   0.460355184122E+07   0.325048700424E+07   0.629807255713E-02   0.226182518785E-02  -0.587791329933E-02   0.106944444444E+01
       1425   0.460208020551E+07   0.325012328912E+07   0.497149915325E-01   0.292420757389E-01  -0.402054895450E-01   0.107291666667E+01
       1489   0.460171505909E+07   0.324930595189E+07   0.958113057863E-01   0.760058193099E-01  -0.583345673465E-01   0.106597222222E+01
       1443   0.460135002581E+07   0.325028978290E+07   0.479798559408E-01   0.379221717332E-01  -0.293934595980E-01   0.109027777778E+01
       1523   0.460196506760E+07   0.324843724409E+07   0.134253338730E+00   0.102524714723E+00  -0.866754972938E-01   0.106250000000E+01
       1349   0.460031091843E+07   0.325274602354E+07   0.958276625760E-02  -0.579782083214E-02   0.762985470020E-02   0.510416666667E+00
       1340   0.460060237399E+07   0.325342943742E+07   0.754480037765E-02  -0.278870526818E-02   0.701050181270E-02   0.500000000000E+00
       1346   0.460073747489E+07   0.325553945599E+07   0.470582121709E-02   0.283143907445E-02  -0.375868409087E-02   0.124652777778E+01
       1480   0.460359597137E+07   0.325135140567E+07   0.387650406639E-02   0.240125207790E-02  -0.304323384496E-02   0.106944444444E+01
       1310   0.460049383544E+07   0.325667085189E+07   0.438273382752E-02   0.308225523333E-02  -0.311577574281E-02   0.126736111111E+01
       1311   0.460025655969E+07   0.325789342125E+07   0.263518586124E-02   0.961187768707E-03  -0.245363456867E-02   0.134722222222E+01
       1486   0.460708783171E+07   0.325183269437E+07   0.615019521686E-02   0.252610066469E-02   0.560746971791E-02   0.400000000000E+01
