         120          17
       1169   0.465623885433E+07   0.318452214252E+07   0.208741927623E-02  -0.815650994902E-03   0.192146628628E-02   0.127430555556E+01
       1167   0.465454208064E+07   0.318493427253E+07   0.293332985160E-02  -0.107831192435E-02   0.272794197374E-02   0.175694444444E+01
       1101   0.465575342005E+07   0.318283525206E+07   0.334735636034E-02   0.286355033642E-03   0.333508551581E-02   0.128819444444E+01
       1037   0.465545678455E+07   0.318172299318E+07   0.347859467105E-02   0.152585848245E-02   0.312608009766E-02   0.135763888889E+01
       1038   0.465690495993E+07   0.318075696182E+07   0.566143436660E-02   0.244221864028E-02   0.510758330332E-02   0.614583333333E+00
        978   0.465806296155E+07   0.317918084812E+07   0.132372042238E-01   0.112108537451E-01   0.703848946636E-02   0.135763888889E+01
        917   0.465862161237E+07   0.317820876372E+07   0.575228249676E-02   0.573277329102E-02  -0.473354324327E-03   0.136111111111E+01
        979   0.465881987337E+07   0.317888058406E+07   0.816428146256E-02   0.747715449017E-02   0.327836125679E-02   0.136111111111E+01
       1099   0.466001509333E+07   0.317994712931E+07   0.856351878527E-03  -0.457240519740E-03   0.724064670430E-03   0.850694444444E+00
       1168   0.465866474078E+07   0.318261439156E+07   0.144741837799E-02  -0.578726820379E-03   0.132668580618E-02   0.131597222222E+01
       1100   0.465874618690E+07   0.318068135316E+07   0.109865937752E-02   0.375897919417E-03   0.103235322540E-02   0.718750000000E+00
       1102   0.465730890037E+07   0.318202431723E+07   0.159492766642E-02   0.149243788250E-03   0.158792964353E-02   0.127777777778E+01
       1261   0.465448471916E+07   0.319151881710E+07   0.335294616651E-02  -0.163338107534E-02   0.292819300222E-02   0.135763888889E+01
       1220   0.465689950502E+07   0.318649692634E+07   0.215416575302E-02  -0.104606272647E-02   0.188313113292E-02   0.130555555556E+01
       1260   0.465835874202E+07   0.318852962586E+07   0.233565590383E-02  -0.122652453336E-02   0.198769365601E-02   0.132986111111E+01
       1501   0.461686326367E+07   0.322258733521E+07   0.179991185052E-01   0.179782514999E-01   0.866452520314E-03   0.902777777778E+00
       1461   0.461905698666E+07   0.322010554332E+07   0.173701469407E-01   0.172234069933E-01   0.225305487810E-02   0.934027777778E+00
       1502   0.461911887216E+07   0.322258707752E+07   0.153902927848E-01   0.153300840981E-01   0.136001233278E-02   0.934027777778E+00
        913   0.466046869962E+07   0.317643977127E+07   0.200733537115E-02   0.837016124566E-03   0.182449973951E-02   0.137500000000E+01
        859   0.465979295305E+07   0.317668429446E+07   0.526169099207E-03   0.213578678574E-03   0.480872196138E-03   0.138888888889E+01
        860   0.465991819100E+07   0.317597280625E+07   0.683651305964E-03  -0.612733559262E-03  -0.303210642129E-03   0.307291666667E+01
       1535   0.460821615159E+07   0.323080110778E+07   0.112471530611E+00   0.103669701041E+00  -0.436169495037E-01   0.906250000000E+00
       1557   0.460723727775E+07   0.323214530408E+07   0.693362704001E-01   0.599744847121E-01  -0.347933840911E-01   0.906250000000E+00
       1534   0.460749194985E+07   0.323110204810E+07   0.105746616152E+00   0.101959193044E+00  -0.280476341504E-01   0.916666666667E+00
       1444   0.460901806243E+07   0.322845834878E+07   0.389962843024E-01   0.380418401060E-01   0.857488138349E-02   0.951388888889E+00
       1455   0.461013660410E+07   0.322742531153E+07   0.258459482503E-01   0.231344609688E-01   0.115243115472E-01   0.951388888889E+00
       1490   0.460957615602E+07   0.322880582646E+07   0.310366237340E-01   0.270099396816E-01   0.152883998901E-01   0.937500000000E+00
       1555   0.461594428225E+07   0.323004880614E+07   0.220371957065E-01   0.195726320765E-01  -0.101267007563E-01   0.871527777778E+00
       1574   0.461243274946E+07   0.323328501966E+07   0.317572848878E-01   0.289433108871E-01  -0.130694260907E-01   0.888888888889E+00
       1554   0.461294556971E+07   0.322970515958E+07   0.544395611684E-01   0.511400007671E-01  -0.186645691554E-01   0.881944444444E+00
       1533   0.461929496965E+07   0.322583854692E+07   0.107390551348E-01   0.107162540952E-01  -0.699430736494E-03   0.902777777778E+00
       1532   0.461597684231E+07   0.322614160874E+07   0.327933844486E-01   0.317061230603E-01  -0.837423573106E-02   0.895833333333E+00
       1036   0.465951694865E+07   0.317898068690E+07   0.167073306687E-02   0.958273150896E-03   0.136859838850E-02   0.628472222222E+00
       1039   0.465819613605E+07   0.318008484971E+07   0.473835444004E-02   0.352510849738E-02   0.316632482243E-02   0.618055555556E+00
        972   0.466192922867E+07   0.317643500985E+07   0.434643176117E-02   0.139727032164E-02   0.411571436118E-02   0.140625000000E+01
       1031   0.466204165537E+07   0.317760468173E+07   0.952120574448E-03   0.641492999010E-04   0.949957080930E-03   0.645833333333E+00
       1035   0.466084671085E+07   0.317793722861E+07   0.140619954382E-02   0.292476095438E-03   0.137544716025E-02   0.875000000000E+00
        912   0.465985235466E+07   0.317719503995E+07   0.199745472774E-02   0.116578895462E-02   0.162196223835E-02   0.916666666667E+00
        973   0.465938454813E+07   0.317799624097E+07   0.301386666080E-02   0.216999854999E-02   0.209153019154E-02   0.136111111111E+01
        911   0.465925935669E+07   0.317739601850E+07   0.140808708588E-02   0.125377108614E-02   0.640911308205E-03   0.902777777778E+00
       1165   0.466088247739E+07   0.318092748527E+07   0.562295648159E-03  -0.444828779753E-03   0.343953125646E-03   0.857638888889E+00
       1096   0.466124513981E+07   0.317896092965E+07   0.536677991813E-03  -0.535622397457E-03   0.336439331676E-04   0.165625000000E+01
       1095   0.466223174912E+07   0.317877339171E+07   0.450823798419E-03  -0.375545774169E-03  -0.249414251246E-03   0.173611111111E+01
        858   0.465928206215E+07   0.317678492556E+07   0.758846863985E-03  -0.751612157928E-03   0.104535769162E-03   0.327777777778E+01
        971   0.466108565954E+07   0.317640474641E+07   0.437936983018E-02   0.196932178670E-02   0.391160476146E-02   0.140625000000E+01
       1219   0.465377831103E+07   0.318801738590E+07   0.295759303597E-02  -0.110031902900E-02   0.274529681470E-02   0.136458333333E+01
       1166   0.465260507831E+07   0.318622033952E+07   0.245737873903E-02   0.422340347849E-03   0.242081368503E-02   0.210763888889E+01
       1468   0.460561372704E+07   0.323138457014E+07   0.795708870423E-02  -0.726714486049E-02   0.324096686556E-02   0.833333333333E+00
       1508   0.460550627044E+07   0.323205319678E+07   0.127631297375E-01  -0.110532851954E-01   0.638140792350E-02   0.461805555556E+00
       1509   0.460496649058E+07   0.323220651580E+07   0.129398200935E-01  -0.818798504706E-02   0.100197726981E-01   0.479166666667E+00
       1536   0.460598750877E+07   0.323214916343E+07   0.147984959351E-01   0.135265701816E-01   0.600228132157E-02   0.100347222222E+01
       1537   0.460490248489E+07   0.323313809166E+07   0.208728606571E-01  -0.166539975596E-01   0.125825544822E-01   0.461805555556E+00
       1559   0.460586046511E+07   0.323332059711E+07   0.197856018150E-01   0.178590644775E-01  -0.851609389143E-02   0.975694444444E+00
       1500   0.461470033822E+07   0.322441879024E+07   0.333699682377E-01   0.329559370866E-01   0.524032355213E-02   0.930555555556E+00
       1459   0.461538030348E+07   0.322179185197E+07   0.107922528235E-01   0.101287458308E-01   0.372575212563E-02   0.736111111111E+00
       1465   0.460825854942E+07   0.322948467096E+07   0.113827485422E+00   0.110896055506E+00  -0.256663458758E-01   0.937500000000E+00
       1505   0.460816847077E+07   0.323015874906E+07   0.124171293516E+00   0.121440898408E+00  -0.258962994903E-01   0.909722222222E+00
       1504   0.460764894310E+07   0.323036693533E+07   0.939120936786E-01   0.893010543090E-01  -0.290654956677E-01   0.923611111111E+00
       1458   0.461383803205E+07   0.322331624106E+07   0.202606996153E-01   0.189590273324E-01   0.714501445137E-02   0.885416666667E+00
       1499   0.461270345731E+07   0.322549316427E+07   0.389954734443E-01   0.376297247986E-01   0.102298954409E-01   0.909722222222E+00
       1457   0.461239785602E+07   0.322424539501E+07   0.236571962059E-01   0.210773523864E-01   0.107428184711E-01   0.885416666667E+00
       1414   0.461631488670E+07   0.321989338668E+07   0.488952702976E-02  -0.201879618968E-02   0.445330624585E-02   0.947916666667E+00
       1412   0.461508112463E+07   0.322043403407E+07   0.759944621125E-02   0.759838831596E-02   0.126797940116E-03   0.583333333333E+00
       1466   0.460878592238E+07   0.322932097313E+07   0.711587785850E-01   0.708429918709E-01   0.669643729812E-02   0.923611111111E+00
       1539   0.460449318590E+07   0.323442385535E+07   0.323447167506E-01  -0.278629393807E-01   0.164267255029E-01   0.493055555556E+00
       1364   0.460885467642E+07   0.322719823922E+07   0.742759804395E-02   0.739634025502E-02   0.680708112578E-03   0.111111111111E+01
       1339   0.460838603648E+07   0.322700642814E+07   0.666835078652E-02   0.666702211367E-02   0.133110284822E-03   0.111805555556E+01
       1326   0.460908519828E+07   0.322633034493E+07   0.629753490425E-02   0.552169124313E-02   0.302817959932E-02   0.112152777778E+01
       1531   0.461312285736E+07   0.322710799400E+07   0.509611991708E-01   0.509602092091E-01  -0.317644899692E-03   0.906250000000E+00
       1510   0.460686475539E+07   0.323106140168E+07   0.410592336524E-01   0.397945319904E-01   0.101121655340E-01   0.940972222222E+00
       1470   0.460671632363E+07   0.323057053023E+07   0.560359810392E-02  -0.560204803217E-02  -0.131793609590E-03   0.444444444444E+00
       1471   0.460741586734E+07   0.323000934731E+07   0.919217548109E-02   0.706680789734E-03   0.916497094030E-02   0.791666666667E+00
       1530   0.461117755922E+07   0.322917809614E+07   0.395305924228E-01   0.386443169147E-01  -0.832373158427E-02   0.895833333333E+00
       1460   0.461730783029E+07   0.322036488165E+07   0.120534304164E-01   0.118430849675E-01   0.224199091362E-02   0.822916666667E+00
        974   0.466022099793E+07   0.317754759674E+07   0.225133114926E-02   0.130133823450E-02   0.183712023098E-02   0.138888888889E+01
        864   0.465872247734E+07   0.317745278380E+07   0.740047544074E-03   0.725509933898E-03  -0.145964733087E-03   0.137847222222E+01
        976   0.465612600454E+07   0.318041470474E+07   0.468083629319E-02   0.610691613470E-03   0.464082796027E-02   0.857638888889E+00
        977   0.465702095602E+07   0.317953270657E+07   0.154137766420E-01   0.606754372721E-02   0.141693127388E-01   0.135763888889E+01
       1098   0.465403264108E+07   0.318354962849E+07   0.435064014090E-02   0.329744369125E-02   0.283812169200E-02   0.146527777778E+01
        966   0.466297814703E+07   0.317657812705E+07   0.331901976006E-02   0.107310056249E-02   0.314075585654E-02   0.143750000000E+01
       1170   0.466203863515E+07   0.318167642091E+07   0.322819584561E-03  -0.322464726621E-03   0.151322259312E-04   0.250694444444E+01
       1218   0.465973165388E+07   0.318412785137E+07   0.157710753490E-02  -0.997662876136E-03   0.122144871452E-02   0.135069444444E+01
       1221   0.466178881052E+07   0.318425362253E+07   0.737098494652E-03  -0.702144761865E-03   0.224292051139E-03   0.384027777778E+01
       1262   0.466161529762E+07   0.318754932039E+07   0.279359455822E-02  -0.133578389340E-05   0.279359423886E-02   0.191666666667E+01
       1293   0.465650333176E+07   0.319500890021E+07   0.279359434927E-02  -0.231312274881E-06   0.279359433969E-02   0.191666666667E+01
       1259   0.465093534584E+07   0.319255619920E+07   0.414074272133E-02  -0.198027731648E-02   0.363651646966E-02   0.109722222222E+01
       1395   0.460868428468E+07   0.322798716673E+07   0.229629290005E-01   0.229627695087E-01  -0.855848786330E-04   0.993055555556E+00
       1420   0.460824546300E+07   0.322886094406E+07   0.712128916279E-01   0.710390831302E-01  -0.497238393824E-02   0.958333333333E+00
       1377   0.460817764289E+07   0.322784190558E+07   0.185429600142E-01   0.138733645800E-01  -0.123032971726E-01   0.109375000000E+01
       1423   0.460687004386E+07   0.322995373246E+07   0.523888404302E-02  -0.491649626997E-02  -0.180941162912E-02   0.101041666667E+01
       1421   0.460661786630E+07   0.322961879286E+07   0.465578309326E-02  -0.318452292838E-02   0.339634066756E-02   0.892361111111E+00
       1379   0.460725952306E+07   0.322912124379E+07   0.178825625003E-02  -0.162237584987E-02  -0.752168210939E-03   0.895833333333E+00
       1378   0.460703925043E+07   0.322868467407E+07   0.147090597951E-02  -0.138196737476E-02   0.503716761352E-03   0.718750000000E+00
       1469   0.460512338123E+07   0.323147489320E+07   0.675069311263E-02  -0.426671969446E-02   0.523134404813E-02   0.802083333333E+00
       1422   0.460561288339E+07   0.323084568328E+07   0.938310269830E-02  -0.845312355756E-02  -0.407275316799E-02   0.798611111111E+00
       1507   0.460616118984E+07   0.323128219804E+07   0.694843403489E-02  -0.694842617866E-02  -0.104487770193E-04   0.416666666667E+00
       1467   0.460619302662E+07   0.323055196793E+07   0.777155264168E-02  -0.748923477594E-02  -0.207566686469E-02   0.826388888889E+00
       1506   0.460871082371E+07   0.322998106367E+07   0.717753865600E-01   0.716861101711E-01   0.357878811502E-02   0.909722222222E+00
       1577   0.460700088042E+07   0.323351963249E+07   0.316154011047E-01   0.191404292130E-01  -0.251630196231E-01   0.899305555556E+00
       1560   0.460505477818E+07   0.323463599429E+07   0.193465309640E-01  -0.156140647932E-01   0.114231887394E-01   0.451388888889E+00
       1538   0.460667484078E+07   0.323194379425E+07   0.517888829417E-01   0.515613060667E-01  -0.484975391610E-02   0.934027777778E+00
       1525   0.460913244690E+07   0.323013509274E+07   0.112755644941E-01   0.929616073081E-03   0.112371779650E-01   0.254513888889E+01
       1464   0.460771581777E+07   0.322964988781E+07   0.122882708066E+00   0.109290386903E+00  -0.561762518527E-01   0.940972222222E+00
       1558   0.460824279889E+07   0.323185840249E+07   0.588875189603E-01   0.310168837482E-01  -0.500568957472E-01   0.881944444444E+00
       1524   0.461009201465E+07   0.322928289659E+07   0.199570127656E-01   0.199427193326E-01   0.755184841039E-03   0.909722222222E+00
       1551   0.461055727097E+07   0.323100751069E+07   0.604924406379E-01   0.546081280698E-01  -0.260247521226E-01   0.875000000000E+00
       1571   0.460928737154E+07   0.323281275157E+07   0.544339010642E-01   0.473905191817E-01  -0.267803711094E-01   0.868055555556E+00
       1550   0.460930162156E+07   0.323102511065E+07   0.396416452517E-01   0.369444875134E-01  -0.143723651718E-01   0.875000000000E+00
       1498   0.461113571785E+07   0.322754653027E+07   0.335588704938E-01   0.327409173166E-01   0.736411040704E-02   0.913194444444E+00
       1572   0.461095596031E+07   0.323245984780E+07   0.576417924195E-01   0.506540728364E-01  -0.275089283399E-01   0.871527777778E+00
       1456   0.461132362947E+07   0.322579863815E+07   0.294492948117E-01   0.278697773492E-01   0.951506570709E-02   0.909722222222E+00
       1411   0.461341052514E+07   0.322248893047E+07   0.149284542536E-01   0.135808185741E-01   0.619839602289E-02   0.774305555556E+00
       1413   0.461432599364E+07   0.322151371147E+07   0.117675644541E-01   0.115315731686E-01   0.234486533485E-02   0.677083333333E+00
       1408   0.461031689155E+07   0.322615831912E+07   0.174419228502E-01   0.162369928363E-01   0.637030111890E-02   0.961805555556E+00
       1407   0.460943068526E+07   0.322735321377E+07   0.157345852350E-01   0.142568049221E-01   0.665737830760E-02   0.993055555556E+00
       1409   0.461106892307E+07   0.322443852730E+07   0.185752046806E-01   0.172141561727E-01   0.697933064059E-02   0.909722222222E+00
       1366   0.460992142957E+07   0.322574960294E+07   0.117130305020E-01   0.107424573913E-01   0.466847863186E-02   0.101736111111E+01
       1365   0.460948271613E+07   0.322662208028E+07   0.984331463625E-02   0.842323221517E-02   0.509313283525E-02   0.109027777778E+01
       1410   0.461238416235E+07   0.322321387320E+07   0.141059875621E-01   0.117125384002E-01   0.786100052948E-02   0.885416666667E+00
       1424   0.460731931581E+07   0.322958010826E+07   0.357754990428E-02   0.757710350398E-03  -0.349638932937E-02   0.106944444444E+01
