         126          17
        960   0.464501884725E+07   0.318666364965E+07   0.360880425779E-01   0.125724230759E-01   0.338272226927E-01   0.122222222222E+01
       1026   0.464594085276E+07   0.318667547079E+07   0.135777709753E-01   0.557253485600E-02   0.123815475582E-01   0.958333333333E+00
       1025   0.464457414775E+07   0.318806102967E+07   0.144284794846E-01   0.394654281031E-02   0.138782498927E-01   0.134027777778E+01
        899   0.464594072626E+07   0.318448612188E+07   0.740230942770E-01   0.448536453605E-01   0.588860678277E-01   0.940972222222E+00
        953   0.464687409811E+07   0.318439360630E+07   0.506309498435E-01   0.327351197897E-01   0.386251862703E-01   0.434027777778E+00
        959   0.464589794259E+07   0.318542468260E+07   0.439161201398E-01   0.206347690354E-01   0.387663760879E-01   0.107291666667E+01
       1280   0.463160327269E+07   0.320478074468E+07   0.481734525349E-01  -0.480752612893E-01   0.307421227396E-02   0.400000000000E+01
       1246   0.463291047975E+07   0.320456343879E+07   0.432091670183E-01  -0.425980114941E-01   0.724165251647E-02   0.400000000000E+01
       1281   0.463153936394E+07   0.320614049311E+07   0.436363274869E-01  -0.435286477762E-01   0.306364151283E-02   0.400000000000E+01
       1338   0.462943588469E+07   0.320941382160E+07   0.684597226897E-01  -0.398049457919E-01   0.556982937015E-01   0.940972222222E+00
       1376   0.462791656674E+07   0.321098619407E+07   0.560017064679E-01  -0.219066440797E-01   0.515392090789E-01   0.895833333333E+00
       1337   0.462859049977E+07   0.320849249212E+07   0.505212796722E-01  -0.866304813160E-02   0.497729976672E-01   0.961805555556E+00
       1278   0.462964234836E+07   0.320423350716E+07   0.591203982495E-01   0.470945858518E-01   0.357396344781E-01   0.100000000000E+01
       1243   0.463068037452E+07   0.320362070837E+07   0.122072322190E+00   0.106990613318E+00   0.587763600999E-01   0.934027777778E+00
       1279   0.463035405917E+07   0.320491371070E+07   0.670639161128E-01   0.503141548037E-01   0.443402150511E-01   0.958333333333E+00
       1155   0.464326474232E+07   0.319424821121E+07   0.155948395060E-01  -0.998459795586E-02   0.119794333287E-01   0.400000000000E+01
       1086   0.464232387253E+07   0.319430198802E+07   0.191879097081E-01  -0.146129778154E-01   0.124353029049E-01   0.400000000000E+01
       1092   0.464279078955E+07   0.319319393045E+07   0.252235070390E-01  -0.190981774987E-01   0.164767995550E-01   0.398958333333E+01
       1134   0.463395247447E+07   0.319960589335E+07   0.104296913623E+00  -0.788072423469E-01   0.683173824510E-01   0.325000000000E+01
       1135   0.463515223044E+07   0.319960139118E+07   0.111289344495E+00  -0.847667172344E-01   0.721104836164E-01   0.321527777778E+01
       1196   0.463386299945E+07   0.320128333707E+07   0.592225048389E-01  -0.459688687061E-01   0.373385616927E-01   0.398263888889E+01
        957   0.464942136098E+07   0.318347230035E+07   0.217519121323E-01  -0.546300302651E-02   0.210547210701E-01   0.173958333333E+01
        956   0.464873345463E+07   0.318393396549E+07   0.163396122723E-01   0.122206596101E-01   0.108461240959E-01   0.402777777778E+00
        896   0.464929077114E+07   0.318296945578E+07   0.200430836964E-01   0.824391689304E-02   0.182691827492E-01   0.175000000000E+01
       1159   0.464437803849E+07   0.319268951715E+07   0.740534627478E-02  -0.413400790826E-02   0.614403223168E-02   0.704861111111E+00
       1158   0.464591219533E+07   0.319031567495E+07   0.562389810462E-02  -0.262203967489E-02   0.497525253976E-02   0.107986111111E+01
       1213   0.464621249239E+07   0.319227662972E+07   0.556148476691E-02  -0.183243501190E-02   0.525093274950E-02   0.114930555556E+01
        967   0.465166511807E+07   0.318248463899E+07   0.796291565932E-02  -0.731554649377E-02  -0.314496507055E-02   0.117708333333E+01
        964   0.465079989162E+07   0.318257332616E+07   0.683114375345E-02   0.407616478497E-02   0.548173381570E-02   0.121875000000E+01
        906   0.465165465914E+07   0.318168105788E+07   0.855407755033E-02   0.597618994062E-02   0.612024480970E-02   0.805555555556E+00
       1021   0.464999391794E+07   0.318354110823E+07   0.854866107969E-02  -0.458805853698E-02   0.721313559534E-02   0.122916666667E+01
       1029   0.465078977621E+07   0.318368152512E+07   0.669437051045E-02   0.823514940255E-03   0.664352464241E-02   0.399305555556E+00
       1087   0.464966392518E+07   0.318493678086E+07   0.977498839497E-02   0.725909875618E-03   0.974799738276E-02   0.944444444444E+00
       1004   0.463106967487E+07   0.320047597128E+07   0.498494617476E-02  -0.186245021186E-02  -0.462395583604E-02   0.961805555556E+00
       1064   0.463052063745E+07   0.320151411759E+07   0.160916061500E-01  -0.108876964733E-01   0.118489600384E-01   0.881944444444E+00
       1005   0.463033736864E+07   0.320103247297E+07   0.968310245538E-02  -0.533684429286E-02   0.807963898669E-02   0.958333333333E+00
       1139   0.463476577864E+07   0.320427975717E+07   0.183451822636E+00  -0.211784901039E-01   0.182225252875E+00   0.100000000000E+01
       1198   0.463416063387E+07   0.320390678422E+07   0.105896170926E+00   0.242780978753E-01   0.103075569270E+00   0.107986111111E+01
       1138   0.463514553178E+07   0.320348799707E+07   0.280316232201E+00  -0.353741797065E-02   0.280293911296E+00   0.101736111111E+01
       1024   0.464901686504E+07   0.318453395008E+07   0.106700061398E-01   0.349304648072E-02   0.100820462857E-01   0.399305555556E+00
       1094   0.465070668074E+07   0.318506923466E+07   0.782336999218E-02   0.442307538725E-02   0.645302426411E-02   0.119097222222E+01
       1023   0.464802663417E+07   0.318504373493E+07   0.141849408911E-01   0.803642570241E-02   0.116888155950E-01   0.142361111111E+01
       1093   0.464411657776E+07   0.319168224484E+07   0.879147065285E-02  -0.333407196293E-02   0.813473542200E-02   0.116666666667E+01
       1091   0.464456864165E+07   0.319026263353E+07   0.757422593254E-02  -0.223425074407E-02   0.723719711558E-02   0.122222222222E+01
       1200   0.463341604155E+07   0.320538939147E+07   0.269009381311E-01  -0.261469797266E-01  -0.632423303756E-02   0.400000000000E+01
       1142   0.463405437910E+07   0.320470988823E+07   0.866126794870E-01   0.639942407163E-01   0.583651728607E-01   0.109027777778E+01
       1199   0.463399715770E+07   0.320273183450E+07   0.746462883841E-01   0.116097940563E-01   0.737379213939E-01   0.110763888889E+01
       1141   0.463503730589E+07   0.320257879252E+07   0.155363650831E+00   0.212530171176E-02   0.155349113587E+00   0.109027777778E+01
       1193   0.463119188481E+07   0.320197962408E+07   0.751196748495E-01   0.701438042585E-01   0.268851682836E-01   0.892361111111E+00
       1195   0.463145863180E+07   0.320261221710E+07   0.132600432155E+00   0.117642922234E+00   0.611802047729E-01   0.895833333333E+00
       1241   0.463059631107E+07   0.320277790358E+07   0.110546110714E+00   0.100719156744E+00   0.455641751663E-01   0.913194444444E+00
       1063   0.463128445571E+07   0.320086376282E+07   0.564186991932E-02  -0.337147758411E-02  -0.452369705953E-02   0.788194444444E+00
       1247   0.463265275572E+07   0.320599703381E+07   0.418629333822E-01  -0.403310555228E-01  -0.112210138480E-01   0.400000000000E+01
        936   0.463045374550E+07   0.320007850021E+07   0.944366089826E-03  -0.772117374420E-03   0.543748169404E-03   0.398611111111E+01
       1002   0.462997288384E+07   0.320110698940E+07   0.189732333906E-02  -0.187895838363E-02   0.263346246510E-03   0.129513888889E+01
       1001   0.462967980047E+07   0.320081778808E+07   0.218077502856E-02  -0.212462715868E-02  -0.491669769018E-03   0.892361111111E+00
       1027   0.464384144490E+07   0.318980346714E+07   0.176564396000E-01  -0.179704690251E-02   0.175647511164E-01   0.117013888889E+01
       1028   0.464317555572E+07   0.319171691991E+07   0.334849384979E-01  -0.118713862227E-01   0.313099232729E-01   0.289236111111E+01
       1022   0.464711682179E+07   0.318506449217E+07   0.232874691670E-01   0.171907016879E-01   0.157094237858E-01   0.107986111111E+01
        954   0.464782142773E+07   0.318348406930E+07   0.430496867075E-01   0.362351047567E-01   0.232441973165E-01   0.430555555556E+00
        902   0.464232934745E+07   0.318952751628E+07   0.143260369663E+00   0.432623117305E-01   0.136571980654E+00   0.135763888889E+01
        852   0.464158089542E+07   0.319071157668E+07   0.140440044958E+00   0.134240988011E+00   0.412645533819E-01   0.112500000000E+01
        850   0.464162673527E+07   0.319007062306E+07   0.162276612092E+00   0.109685044778E+00   0.119594689615E+00   0.131597222222E+01
        904   0.465118255238E+07   0.318155077619E+07   0.168730976253E-01   0.715446972259E-02   0.152811971541E-01   0.795138888889E+00
        952   0.465005174197E+07   0.318244557230E+07   0.154255292600E-01  -0.440674817043E-02   0.147826764665E-01   0.105902777778E+01
       1157   0.464730967205E+07   0.318805730075E+07   0.711675083827E-02  -0.214139218301E-02   0.678694202219E-02   0.116666666667E+01
       1090   0.464559762376E+07   0.318853491529E+07   0.635942386568E-02   0.123670449816E-02   0.623801522021E-02   0.131597222222E+01
       1088   0.464703934373E+07   0.318655752943E+07   0.871262760273E-02   0.195518565272E-02   0.849041393615E-02   0.121180555556E+01
        955   0.464811122860E+07   0.318401382144E+07   0.240393964679E-01   0.191470070128E-01   0.145356356929E-01   0.104513888889E+01
        895   0.464872480421E+07   0.318329606000E+07   0.206407447765E-01   0.155754049796E-01   0.135442646404E-01   0.105208333333E+01
        844   0.464909971849E+07   0.318254546381E+07   0.296048035726E-01   0.206544893779E-01   0.212093484838E-01   0.607638888889E+00
        958   0.464391975278E+07   0.318730020313E+07   0.113288143937E+00   0.128123638681E-01   0.112561302804E+00   0.108333333333E+01
        900   0.464470603152E+07   0.318591865113E+07   0.116031942787E+00   0.281902986157E-01   0.112555403295E+00   0.121180555556E+01
        847   0.464472490710E+07   0.318471634691E+07   0.115904250387E+00   0.121079669957E-01   0.115270084554E+00   0.120833333333E+01
        898   0.464532088541E+07   0.318490150312E+07   0.101383994573E+00   0.428155757142E-01   0.918996236768E-01   0.121180555556E+01
       1307   0.462875639128E+07   0.320634106342E+07   0.449720023482E-01   0.245203874559E-01   0.376992253796E-01   0.989583333333E+00
       1308   0.463012244462E+07   0.320647242386E+07   0.368600972784E-01   0.689858770496E-02   0.362087870419E-01   0.986111111111E+00
       1212   0.464819216834E+07   0.318954392720E+07   0.516838243323E-02  -0.119120107329E-02   0.502923622224E-02   0.106944444444E+01
       1211   0.464451672817E+07   0.319413423550E+07   0.634067745927E-02  -0.291491486832E-02   0.563093792835E-02   0.110763888889E+01
       1089   0.464834853123E+07   0.318601587338E+07   0.847055201620E-02  -0.869465245866E-04   0.847010577036E-02   0.947916666667E+00
       1156   0.464908467403E+07   0.318683108182E+07   0.751833713866E-02  -0.184651893142E-02   0.728805606225E-02   0.121180555556E+01
       1073   0.463624488843E+07   0.319943834376E+07   0.923544215638E-01  -0.693393039196E-01   0.610032795375E-01   0.321527777778E+01
       1140   0.463521434778E+07   0.320111126567E+07   0.851066735006E-01  -0.144629374143E-01   0.838687624547E-01   0.122916666667E+01
       1066   0.463413564662E+07   0.319824587722E+07   0.163904196529E+00  -0.109718092479E+00   0.121764222259E+00   0.310069444444E+01
       1067   0.463543839968E+07   0.319782396984E+07   0.150480352828E+00  -0.107116396754E+00   0.105690179930E+00   0.310416666667E+01
       1245   0.463279425128E+07   0.320318139076E+07   0.520128773623E-01  -0.496351850825E-01   0.155463118885E-01   0.400000000000E+01
       1197   0.463248325759E+07   0.320226043950E+07   0.593123680260E-01   0.424538451811E-01   0.414201403931E-01   0.979166666667E+00
       1074   0.463643152173E+07   0.320041381513E+07   0.751643055231E-01  -0.283322053507E-01   0.696201046016E-01   0.164583333333E+01
       1137   0.463306383196E+07   0.320100377141E+07   0.478986592347E-01  -0.394171774825E-01   0.272133731059E-01   0.400000000000E+01
       1136   0.463207841907E+07   0.320155735029E+07   0.597852911889E-01   0.457938205716E-01   0.384344512124E-01   0.916666666667E+00
       1131   0.463175830118E+07   0.320103823331E+07   0.230383620934E-01   0.194217027882E-01   0.123920776609E-01   0.881944444444E+00
       1075   0.463600675402E+07   0.320160654692E+07   0.158498196284E+00  -0.131454877967E-01   0.157952126849E+00   0.112500000000E+01
       1244   0.463156620813E+07   0.320358188737E+07   0.922242524227E-01   0.788437489941E-01   0.478432438227E-01   0.951388888889E+00
       1282   0.463152391838E+07   0.320745158806E+07   0.500990850715E-01  -0.487964720548E-01   0.113500061678E-01   0.400000000000E+01
       1309   0.463037130219E+07   0.320779075699E+07   0.547729939719E-01  -0.353827796737E-01   0.418107614282E-01   0.892361111111E+00
       1312   0.463088432802E+07   0.320897149856E+07   0.664837799445E-01  -0.490274947543E-01   0.449043177638E-01   0.909722222222E+00
       1277   0.462835458939E+07   0.320501435602E+07   0.285683631865E-01   0.170951283627E-01   0.228890358343E-01   0.106250000000E+01
       1132   0.463098439079E+07   0.320157265509E+07   0.113732645089E-01   0.502667529549E-02   0.102021410039E-01   0.881944444444E+00
       1133   0.463042421222E+07   0.320224673860E+07   0.260677989661E-01  -0.406595718054E-02   0.257487501666E-01   0.881944444444E+00
       1242   0.463001822979E+07   0.320285356161E+07   0.295097080044E-01   0.134489460724E-01   0.262668748816E-01   0.122569444444E+01
       1240   0.462926692971E+07   0.320353425192E+07   0.157225798915E-01   0.742806333662E-02   0.138572505755E-01   0.157291666667E+01
       1069   0.463268310086E+07   0.320046250743E+07   0.414859952774E-01  -0.364332384074E-01   0.198420498766E-01   0.400000000000E+01
        937   0.463065300008E+07   0.320014433392E+07   0.328390501538E-02  -0.322229687410E-02  -0.633115317459E-03   0.968750000000E+00
       1062   0.463221568638E+07   0.320005914766E+07   0.129429496631E-01  -0.125131630993E-01  -0.330767217702E-02   0.400000000000E+01
       1003   0.463167037770E+07   0.320007076370E+07   0.487831756796E-02  -0.414827356866E-02   0.256706226911E-02   0.788194444444E+00
       1065   0.463297356651E+07   0.319940269061E+07   0.852662793720E-01  -0.706784443061E-01   0.476958688821E-01   0.325000000000E+01
        903   0.464206403500E+07   0.319055194955E+07   0.109558562875E+00   0.342925109176E-01   0.104053363204E+00   0.147916666667E+01
        819   0.464102629524E+07   0.319106178109E+07   0.191527622271E+00   0.188798079650E+00  -0.322197953656E-01   0.110069444444E+01
       1153   0.464225154147E+07   0.319548666345E+07   0.226228211225E-01  -0.160685468747E-01   0.159246298819E-01   0.400000000000E+01
        963   0.464255671427E+07   0.319130634754E+07   0.476501157854E-01  -0.871175173666E-02   0.468469733925E-01   0.163194444444E+01
        962   0.464287081181E+07   0.319003357829E+07   0.656073535918E-01  -0.116823171269E-01   0.645588747723E-01   0.138888888889E+01
        818   0.464140528327E+07   0.319147777172E+07   0.145335340651E+00   0.123184088327E+00  -0.771235477983E-01   0.110069444444E+01
        961   0.464336928983E+07   0.318875148829E+07   0.930462650172E-01  -0.516425962231E-02   0.929028409480E-01   0.117013888889E+01
        894   0.464845638660E+07   0.318299262149E+07   0.357370867146E-01   0.280915485743E-01   0.220908185802E-01   0.423611111111E+00
        893   0.464970788221E+07   0.318226757625E+07   0.377311652883E-01   0.168310601443E-01   0.337691612042E-01   0.597222222222E+00
        897   0.464356454921E+07   0.318617957308E+07   0.118582564222E+00   0.104036686087E-01   0.118125307267E+00   0.108333333333E+01
        846   0.464428394891E+07   0.318442850249E+07   0.901201128117E-01   0.771415200798E-02   0.897893456485E-01   0.107638888889E+01
        901   0.464266642268E+07   0.318800355304E+07   0.163015741394E+00   0.144257752744E-01   0.162376195761E+00   0.119097222222E+01
        851   0.464178816591E+07   0.318922471515E+07   0.224143556199E+00   0.586730632540E-01   0.216328004276E+00   0.130902777778E+01
        817   0.464093077702E+07   0.319007709385E+07   0.234245896294E+00   0.734688893229E-01   0.222426307420E+00   0.135069444444E+01
        849   0.464133084725E+07   0.318868405319E+07   0.204785262473E+00   0.632534584619E-01   0.194771670730E+00   0.139236111111E+01
        848   0.464203987378E+07   0.318695931343E+07   0.123458555333E+00   0.314347150839E-01   0.119389587371E+00   0.120833333333E+01
        845   0.464313855679E+07   0.318540984228E+07   0.779852054985E-01   0.760147486292E-02   0.776138509323E-01   0.107638888889E+01
       1335   0.462703808942E+07   0.320850832544E+07   0.375867069980E-01   0.215226238625E-01   0.308145615745E-01   0.968750000000E+00
       1303   0.462743340750E+07   0.320668217010E+07   0.357718909481E-01   0.230499054188E-01   0.273556217657E-01   0.913194444444E+00
       1375   0.462660286906E+07   0.321076016638E+07   0.385284993068E-01   0.728815906171E-02   0.378328956904E-01   0.923611111111E+00
