         120          17
       1213   0.464621249239E+07   0.319227662972E+07   0.556148476691E-02  -0.183243501190E-02   0.525093274950E-02   0.114930555556E+01
       1158   0.464591219533E+07   0.319031567495E+07   0.562389810462E-02  -0.262203967489E-02   0.497525253976E-02   0.107986111111E+01
       1212   0.464819216834E+07   0.318954392720E+07   0.516838243323E-02  -0.119120107329E-02   0.502923622224E-02   0.106944444444E+01
       1210   0.464327652776E+07   0.319587785637E+07   0.879080248765E-02  -0.727831855686E-02   0.492993786591E-02   0.400000000000E+01
       1211   0.464451672817E+07   0.319413423550E+07   0.634067745927E-02  -0.291491486832E-02   0.563093792835E-02   0.110763888889E+01
       1255   0.464534414590E+07   0.319543025313E+07   0.517181484465E-02  -0.311226423047E-02   0.413055446001E-02   0.118055555556E+01
       1240   0.462926692971E+07   0.320353425192E+07   0.157225798915E-01   0.742806333662E-02   0.138572505755E-01   0.157291666667E+01
       1194   0.462979215505E+07   0.320254108384E+07   0.678887338821E-02   0.729381832356E-03   0.674957806265E-02   0.191666666667E+01
       1242   0.463001822979E+07   0.320285356161E+07   0.295097080044E-01   0.134489460724E-01   0.262668748816E-01   0.122569444444E+01
        999   0.462681979966E+07   0.320205413823E+07   0.362328573778E-02  -0.146378717873E-02   0.331444212998E-02   0.305555555556E+00
        997   0.462775947605E+07   0.320100645337E+07   0.799648827433E-02   0.746295635182E-03  -0.796158699924E-02   0.129166666667E+01
       1056   0.462767048172E+07   0.320182336263E+07   0.631757411074E-02  -0.353240248543E-02   0.523773570598E-02   0.295138888889E+00
       1239   0.462855664648E+07   0.320366131332E+07   0.147247022067E-01   0.192214437834E-02   0.145987059723E-01   0.206250000000E+01
       1192   0.462943878898E+07   0.320249819478E+07   0.626752321034E-02   0.195054570717E-02   0.595627556753E-02   0.212152777778E+01
       1094   0.465070668074E+07   0.318506923466E+07   0.782336999218E-02   0.442307538725E-02   0.645302426411E-02   0.119097222222E+01
       1097   0.465222708520E+07   0.318462184057E+07   0.496807535198E-02   0.315678059344E-02   0.383621023770E-02   0.146875000000E+01
       1164   0.465049658286E+07   0.318700237006E+07   0.512175312059E-02   0.433040269259E-03   0.510341367650E-02   0.117361111111E+01
       1289   0.464756892606E+07   0.319639142180E+07   0.492368485742E-02  -0.328307024280E-02   0.366934903710E-02   0.120138888889E+01
       1256   0.464810920496E+07   0.319255407283E+07   0.492847431172E-02  -0.204435689427E-02   0.448446919157E-02   0.119791666667E+01
       1259   0.465093534584E+07   0.319255619920E+07   0.414074272133E-02  -0.198027731648E-02   0.363651646966E-02   0.109722222222E+01
       1288   0.464447052320E+07   0.319879507361E+07   0.556638715316E-02  -0.414477563903E-02   0.371557543874E-02   0.119444444444E+01
       1275   0.462536622070E+07   0.320808855112E+07   0.583413766618E-01   0.546818803370E-01   0.203373595536E-01   0.986111111111E+00
       1235   0.462575399938E+07   0.320722476391E+07   0.425273972016E-01   0.386912972580E-01   0.176511480995E-01   0.989583333333E+00
       1273   0.462635348646E+07   0.320701018846E+07   0.332930143334E-01   0.277939334942E-01   0.183281767867E-01   0.103472222222E+01
       1238   0.462757718504E+07   0.320457745248E+07   0.219608173981E-01   0.134963023365E-01   0.173241832141E-01   0.133680555556E+01
       1231   0.462663779920E+07   0.320535984256E+07   0.332565614473E-01   0.258800874072E-01   0.208858793229E-01   0.100694444444E+01
       1189   0.462680886736E+07   0.320438207412E+07   0.197237099373E-01  -0.152619171215E-01   0.124939433113E-01   0.350694444444E+00
       1130   0.462914051768E+07   0.320226735943E+07   0.107191106233E-01  -0.107190232175E-01  -0.432876031487E-04   0.236458333333E+01
       1129   0.462861838314E+07   0.320232068672E+07   0.116167090666E-01  -0.942179435502E-02   0.679541909445E-02   0.263888888889E+01
       1060   0.462934677677E+07   0.320163283990E+07   0.529113725690E-02  -0.528735955798E-02   0.199905917764E-03   0.193402777778E+01
       1127   0.462802294761E+07   0.320229283899E+07   0.989443742646E-02  -0.464581097450E-02   0.873592195337E-02   0.239583333333E+00
       1057   0.462849976370E+07   0.320109404979E+07   0.639484817480E-02   0.287793511117E-02  -0.571065431230E-02   0.120138888889E+01
        998   0.462862482056E+07   0.320021788258E+07   0.690795115635E-02   0.343134152371E-02  -0.599547200195E-02   0.137500000000E+01
       1153   0.464225154147E+07   0.319548666345E+07   0.226228211225E-01  -0.160685468747E-01   0.159246298819E-01   0.400000000000E+01
       1155   0.464326474232E+07   0.319424821121E+07   0.155948395060E-01  -0.998459795586E-02   0.119794333287E-01   0.400000000000E+01
        874   0.462420115607E+07   0.320385048564E+07   0.761330718607E-02   0.800630155372E-03   0.757109223717E-02   0.111458333333E+01
        928   0.462502836043E+07   0.320342181724E+07   0.333430327440E-02  -0.622174856190E-03   0.327574064511E-02   0.122916666667E+01
        929   0.462451197368E+07   0.320428459433E+07   0.227234899705E-02  -0.592845252476E-03   0.219365094558E-02   0.131597222222E+01
        832   0.462577026099E+07   0.320070213660E+07   0.344196568130E-02  -0.215786475472E-02  -0.268155690814E-02   0.113541666667E+01
        878   0.462636627633E+07   0.320072352494E+07   0.964620133559E-02  -0.546091768385E-02  -0.795157709244E-02   0.118402777778E+01
        877   0.462564735450E+07   0.320149686049E+07   0.660084043277E-02  -0.512439038423E-02  -0.416073522455E-02   0.111805555556E+01
        932   0.462820598155E+07   0.320010800937E+07   0.820279277560E-02  -0.229486027858E-02  -0.787524130559E-02   0.129513888889E+01
        933   0.462879283584E+07   0.319936255925E+07   0.524000931858E-02  -0.118944491875E-03  -0.523865916688E-02   0.130902777778E+01
        879   0.462733794253E+07   0.320002545512E+07   0.949185471665E-02  -0.675256050098E-02  -0.667069956171E-02   0.138888888889E+01
        931   0.462764527243E+07   0.320040179340E+07   0.973485575002E-02  -0.539448969572E-02  -0.810351142385E-02   0.134375000000E+01
        935   0.462698232333E+07   0.320101369678E+07   0.827487900862E-02  -0.354015237523E-02  -0.747936787218E-02   0.125347222222E+01
        934   0.462618978806E+07   0.320177083002E+07   0.419935528824E-02  -0.185286260909E-02  -0.376848576868E-02   0.121180555556E+01
        994   0.462582953722E+07   0.320289276381E+07   0.314828028995E-02   0.174393800126E-02   0.262113506555E-02   0.819444444444E+00
        995   0.462530623758E+07   0.320410103089E+07   0.263275208356E-02  -0.208884669964E-02   0.160253018657E-02   0.743055555556E+00
        798   0.462355693588E+07   0.320318269922E+07   0.154943317635E-01  -0.103798421740E-01   0.115036165288E-01   0.934027777778E+00
        797   0.462370092048E+07   0.320249292876E+07   0.999742436611E-02  -0.964297676283E-02   0.263846415694E-02   0.916666666667E+00
        828   0.462445174654E+07   0.320227901010E+07   0.590229162458E-02  -0.542522635547E-02  -0.232464307226E-02   0.105208333333E+01
        996   0.462551605349E+07   0.320479718671E+07   0.107260819739E-01  -0.107205984290E-01   0.342934155886E-03   0.777777777778E+00
        993   0.462497578857E+07   0.320502754664E+07   0.699769116815E-02  -0.697719293952E-02   0.535219926344E-03   0.809027777778E+00
        927   0.462541685222E+07   0.320244561377E+07   0.197672586435E-02  -0.185393475020E-02   0.685836048027E-03   0.140625000000E+01
        872   0.462503755073E+07   0.320210408308E+07   0.470524457710E-02  -0.453565541685E-02  -0.125186120234E-02   0.111458333333E+01
       1184   0.462593258137E+07   0.320605732727E+07   0.469339544744E-01   0.417636741685E-01   0.214147519844E-01   0.961805555556E+00
       1188   0.462561928591E+07   0.320682091698E+07   0.388126960704E-01   0.326210194746E-01   0.210307980041E-01   0.100000000000E+01
       1124   0.462531443766E+07   0.320641208974E+07   0.272204555345E-01   0.248145686858E-02   0.271071129285E-01   0.708333333333E+00
       1053   0.462503239512E+07   0.320557113558E+07   0.269439093004E-01  -0.223841167223E-01   0.149975186931E-01   0.996527777778E+00
        992   0.462443521224E+07   0.320574529561E+07   0.148382960488E-01  -0.114817016619E-01   0.939923170156E-02   0.104166666667E+01
       1051   0.462383536310E+07   0.320660231104E+07   0.375217538254E-01  -0.136551988093E-01   0.349487847515E-01   0.104166666667E+01
       1052   0.462442183999E+07   0.320631424586E+07   0.626285246435E-01  -0.361132866913E-01   0.511679843591E-01   0.996527777778E+00
       1121   0.462403447857E+07   0.320708895725E+07   0.745369129723E-01  -0.347449636882E-01   0.659434522432E-01   0.989583333333E+00
       1123   0.462482393980E+07   0.320642038302E+07   0.867649477687E-01  -0.330882745900E-01   0.802079936537E-01   0.951388888889E+00
       1125   0.462647851397E+07   0.320382477237E+07   0.184750101221E-01  -0.183538186010E-01   0.211266224768E-02   0.715277777778E+00
       1058   0.462708231556E+07   0.320276135917E+07   0.741635689409E-02  -0.901399925639E-03   0.736137403985E-02   0.348611111111E+01
       1128   0.462726414530E+07   0.320334891112E+07   0.153139870262E-01  -0.901906149324E-02   0.123763778392E-01   0.295138888889E+00
       1187   0.462512536524E+07   0.320665719217E+07   0.886291011751E-01   0.901886055704E-02   0.881690293093E-01   0.102083333333E+01
       1186   0.462436712628E+07   0.320737070293E+07   0.741753016822E-01   0.628696767004E-03   0.741726372729E-01   0.993055555556E+00
       1219   0.465377831103E+07   0.318801738590E+07   0.295759303597E-02  -0.110031902900E-02   0.274529681470E-02   0.136458333333E+01
       1217   0.465062037540E+07   0.318933673150E+07   0.425122888838E-02  -0.646820961830E-03   0.420173413065E-02   0.117708333333E+01
       1166   0.465260507831E+07   0.318622033952E+07   0.245737873903E-02   0.422340347849E-03   0.242081368503E-02   0.210763888889E+01
       1156   0.464908467403E+07   0.318683108182E+07   0.751833713866E-02  -0.184651893142E-02   0.728805606225E-02   0.121180555556E+01
       1087   0.464966392518E+07   0.318493678086E+07   0.977498839497E-02   0.725909875618E-03   0.974799738276E-02   0.944444444444E+00
       1157   0.464730967205E+07   0.318805730075E+07   0.711675083827E-02  -0.214139218301E-02   0.678694202219E-02   0.116666666667E+01
       1254   0.464331108453E+07   0.319770345229E+07   0.513666250139E-02  -0.393399394808E-02   0.330287651445E-02   0.216319444444E+01
       1159   0.464437803849E+07   0.319268951715E+07   0.740534627478E-02  -0.413400790826E-02   0.614403223168E-02   0.704861111111E+00
       1209   0.464223683706E+07   0.319749264127E+07   0.139594588393E-01  -0.129488424941E-01   0.521478371062E-02   0.400000000000E+01
       1154   0.464189125898E+07   0.319675565474E+07   0.190033294983E-01  -0.162275929608E-01   0.988897157039E-02   0.400000000000E+01
       1089   0.464834853123E+07   0.318601587338E+07   0.847055201620E-02  -0.869465245866E-04   0.847010577036E-02   0.947916666667E+00
       1190   0.462787437565E+07   0.320341090800E+07   0.159282074279E-01  -0.496041312981E-02   0.151361188370E-01   0.283680555556E+01
       1234   0.462513049339E+07   0.320754527187E+07   0.653538711342E-01   0.515577003026E-01   0.401613248253E-01   0.100694444444E+01
       1278   0.462964234836E+07   0.320423350716E+07   0.591203982495E-01   0.470945858518E-01   0.357396344781E-01   0.100000000000E+01
       1277   0.462835458939E+07   0.320501435602E+07   0.285683631865E-01   0.170951283627E-01   0.228890358343E-01   0.106250000000E+01
       1191   0.462873777773E+07   0.320285833813E+07   0.119657212733E-01  -0.885263325565E-02   0.805042669875E-02   0.263888888889E+01
       1304   0.462635997463E+07   0.320788359281E+07   0.376923065406E-01   0.293869098013E-01   0.236033790946E-01   0.102430555556E+01
       1055   0.462590539981E+07   0.320415851261E+07   0.738043324833E-02  -0.736271854522E-02  -0.511048487843E-03   0.708333333333E+00
       1272   0.462714664342E+07   0.320580158506E+07   0.288352114110E-01   0.210452551658E-01   0.197120940574E-01   0.106250000000E+01
       1061   0.462963056976E+07   0.320206239384E+07   0.316070664322E-02  -0.258494641607E-02  -0.181882338629E-02   0.233680555556E+01
       1002   0.462997288384E+07   0.320110698940E+07   0.189732333906E-02  -0.187895838363E-02   0.263346246510E-03   0.129513888889E+01
       1059   0.462893607382E+07   0.320143921765E+07   0.433679771236E-02  -0.255232922272E-02   0.350619878740E-02   0.236111111111E+00
       1000   0.462930993999E+07   0.320055167730E+07   0.126760661471E-02  -0.124976035118E-02   0.211956585785E-03   0.364583333333E+00
       1001   0.462967980047E+07   0.320081778808E+07   0.218077502856E-02  -0.212462715868E-02  -0.491669769018E-03   0.892361111111E+00
        876   0.462806697129E+07   0.319965107128E+07   0.871570048346E-02  -0.555513586834E-02  -0.671594374616E-02   0.135416666667E+01
        831   0.462505463498E+07   0.320138092159E+07   0.337207642945E-02  -0.336931313750E-02  -0.136485997606E-03   0.109722222222E+01
        936   0.463045374550E+07   0.320007850021E+07   0.944366089826E-03  -0.772117374420E-03   0.543748169404E-03   0.398611111111E+01
       1054   0.462622900903E+07   0.320327481658E+07   0.443264851197E-02   0.244327775219E-03   0.442590971089E-02   0.283333333333E+01
        799   0.462513341839E+07   0.320070832107E+07   0.881276622794E-03   0.667203221771E-04   0.878747338256E-03   0.635416666667E+00
        873   0.462470726883E+07   0.320289557395E+07   0.277419174337E-02  -0.136415486014E-02   0.241562028195E-02   0.119097222222E+01
        829   0.462412128209E+07   0.320313144368E+07   0.576847216058E-02  -0.256315260165E-02   0.516773836491E-02   0.109375000000E+01
        830   0.462362847023E+07   0.320383341956E+07   0.167066234656E-01  -0.353966534292E-02   0.163273401655E-01   0.996527777778E+00
        930   0.462454004668E+07   0.320498462077E+07   0.272862424849E-02  -0.236857900932E-02   0.135470430945E-02   0.108680555556E+01
       1126   0.462599138010E+07   0.320457523206E+07   0.459052317143E-01  -0.458806625908E-01   0.150169869613E-02   0.805555555556E+00
       1120   0.462523777646E+07   0.320589316729E+07   0.476655608042E-01  -0.338071046099E-01   0.336018654939E-01   0.809027777778E+00
       1183   0.462593196795E+07   0.320539632370E+07   0.245865960178E-01  -0.144072245698E-01   0.199231670158E-01   0.652777777778E+00
        925   0.462402198162E+07   0.320512148052E+07   0.810547376008E-03   0.765167574294E-03  -0.267405370182E-03   0.360416666667E+01
        990   0.462393356741E+07   0.320583077998E+07   0.408908853417E-02  -0.240299557124E-02   0.330851285699E-02   0.127777777778E+01
        875   0.462385855237E+07   0.320466180237E+07   0.135369173204E-02  -0.125701834840E-02  -0.502380510366E-03   0.131944444444E+01
        991   0.462333157877E+07   0.320655666982E+07   0.775566507242E-02  -0.664845271689E-03   0.772711598724E-02   0.127430555556E+01
        926   0.462346130230E+07   0.320577194326E+07   0.230327803705E-02  -0.784109769510E-03   0.216570117637E-02   0.127777777778E+01
       1119   0.462559917971E+07   0.320511121822E+07   0.497767420364E-01  -0.492449388066E-01   0.725672444674E-02   0.819444444444E+00
       1122   0.462372486158E+07   0.320788727609E+07   0.204451135488E-01   0.507660230864E-02   0.198048170157E-01   0.951388888889E+00
       1232   0.462629565604E+07   0.320631034816E+07   0.416750634744E-01   0.370679216840E-01   0.190467870682E-01   0.100000000000E+01
       1303   0.462743340750E+07   0.320668217010E+07   0.357718909481E-01   0.230499054188E-01   0.273556217657E-01   0.913194444444E+00
       1307   0.462875639128E+07   0.320634106342E+07   0.449720023482E-01   0.245203874559E-01   0.376992253796E-01   0.989583333333E+00
       1306   0.462551016981E+07   0.320910426237E+07   0.597900656015E-01   0.569574003296E-01   0.181853372891E-01   0.968750000000E+00
       1237   0.462453268050E+07   0.320818002979E+07   0.142394305289E+00   0.140379911100E+00   0.238666867905E-01   0.100347222222E+01
       1276   0.462459130955E+07   0.320907677808E+07   0.136703184835E+00   0.135222991402E+00   0.200624859001E-01   0.986111111111E+00
       1335   0.462703808942E+07   0.320850832544E+07   0.375867069980E-01   0.215226238625E-01   0.308145615745E-01   0.968750000000E+00
