         115          17
        502   0.460189348034E+07   0.318976383514E+07   0.251537725456E-01  -0.532863390920E-02   0.245828788781E-01   0.103125000000E+01
        504   0.460174050937E+07   0.319216610711E+07   0.692015890118E-01  -0.906871553475E-02   0.686047980851E-01   0.916666666667E+00
        486   0.460035032951E+07   0.319216162870E+07   0.105874528280E+00  -0.100578176915E-01   0.105395711686E+00   0.906250000000E+00
        527   0.460539399726E+07   0.319596555232E+07   0.339268743037E+00   0.127530647077E+00   0.314387044991E+00   0.885416666667E+00
        509   0.460465881231E+07   0.319756099026E+07   0.448291371810E+00   0.241063940903E+00   0.377959429615E+00   0.881944444444E+00
        508   0.460413917789E+07   0.319670584120E+07   0.420870463729E+00   0.230142449752E+00   0.352372530231E+00   0.875000000000E+00
        526   0.460456043888E+07   0.319500273947E+07   0.868771302572E-01   0.328230232490E-01   0.804380811962E-01   0.909722222222E+00
        542   0.460523072810E+07   0.319236030222E+07   0.266000038923E-01   0.838478422666E-02   0.252439220515E-01   0.979166666667E+00
        543   0.460631957072E+07   0.319357937689E+07   0.413393317950E-01   0.140966794161E-01   0.388616003620E-01   0.947916666667E+00
        834   0.463301963140E+07   0.319561084159E+07   0.727903291271E-01  -0.331562948284E-01   0.648004022186E-01   0.313194444444E+01
        881   0.463350061922E+07   0.319596476194E+07   0.109072056971E+00  -0.520956628500E-01   0.958266952577E-01   0.313194444444E+01
        880   0.463259262867E+07   0.319684931754E+07   0.982562316253E-01  -0.266977050855E-01   0.945596086940E-01   0.272222222222E+01
        454   0.459759738095E+07   0.319375633136E+07   0.267447830488E+00  -0.560194853681E-01   0.261515122492E+00   0.906250000000E+00
        470   0.459892806813E+07   0.319289780612E+07   0.257435142228E+00  -0.277738780218E-01   0.255932538286E+00   0.906250000000E+00
        455   0.459791584456E+07   0.319457103554E+07   0.314450405748E+00  -0.554832102089E-01   0.309516834857E+00   0.906250000000E+00
        940   0.463537323880E+07   0.319534363002E+07   0.148593228132E+00  -0.927206094418E-01   0.116115614934E+00   0.296875000000E+01
       1655   0.463511767305E+07   0.319683421801E+07   0.161726356238E+00  -0.102499206479E+00   0.125097270047E+00   0.296875000000E+01
       1007   0.463415004931E+07   0.319706270801E+07   0.162057132974E+00  -0.858409011182E-01   0.137454916401E+00   0.290625000000E+01
        833   0.463235832173E+07   0.319639387447E+07   0.596163192347E-01  -0.633762215823E-02   0.592784958014E-01   0.316319444444E+01
        800   0.463175785099E+07   0.319651687752E+07   0.343621369592E-01   0.630214813119E-02   0.337792744939E-01   0.437500000000E+00
        801   0.463225530287E+07   0.319576047698E+07   0.361001815052E-01  -0.986289126509E-02   0.347267401378E-01   0.430555555556E+00
        762   0.463156786976E+07   0.319536509400E+07   0.110956664489E-01   0.968103743253E-02  -0.542137696294E-02   0.986111111111E+00
        761   0.463097965559E+07   0.319585978308E+07   0.114258074492E-01  -0.189373772957E-02   0.112677785423E-01   0.451388888889E+00
        746   0.463130254507E+07   0.319485378598E+07   0.166934873313E-01   0.147667226566E-01   0.778565483844E-02   0.965277777778E+00
        778   0.463142501267E+07   0.319612828211E+07   0.133288793548E-01  -0.561563578254E-02   0.120881619617E-01   0.385416666667E+00
        781   0.463271325436E+07   0.319432182987E+07   0.324915612679E-01  -0.311948799366E-01   0.908740993710E-02   0.400000000000E+01
        779   0.463215449867E+07   0.319518517275E+07   0.208354505685E-01  -0.178559646178E-01   0.107368770115E-01   0.409722222222E+00
        763   0.463198449599E+07   0.319455978689E+07   0.225762008241E-01   0.200807097543E-01   0.103174579919E-01   0.989583333333E+00
        939   0.463408046655E+07   0.319619733965E+07   0.136968158671E+00  -0.690178541808E-01   0.118308124379E+00   0.309722222222E+01
        804   0.463376608423E+07   0.319355202147E+07   0.488098922566E-01  -0.460037157331E-01   0.163114598013E-01   0.352777777778E+01
        782   0.463310545470E+07   0.319334819752E+07   0.146922594075E-01  -0.146431053272E-01  -0.120081342171E-02   0.400000000000E+01
        803   0.463404787946E+07   0.319205991694E+07   0.177163907895E-01   0.837559736280E-02   0.156115300795E-01   0.767361111111E+00
        836   0.463514551424E+07   0.319234812983E+07   0.521416003075E-01  -0.431890661393E-01   0.292138845181E-01   0.320486111111E+01
        835   0.463416486285E+07   0.319432690448E+07   0.941216394778E-01  -0.726800147897E-01   0.598038332230E-01   0.313194444444E+01
        519   0.460661758624E+07   0.318313009321E+07   0.212997914061E-01  -0.995978070743E-02  -0.188277423555E-01   0.972222222222E+00
        501   0.460408711621E+07   0.318428384485E+07   0.171697633805E-01  -0.113574116769E-01  -0.128767221972E-01   0.888888888889E+00
        495   0.460585442088E+07   0.318152403375E+07   0.210362822890E-01  -0.936633353319E-02  -0.188360550193E-01   0.850694444444E+00
        479   0.460893068638E+07   0.317873216535E+07   0.385576601731E-01  -0.144282857582E-01  -0.357563662598E-01   0.130902777778E+01
        497   0.461007139083E+07   0.317831812581E+07   0.501580163302E-01  -0.299280389824E-01  -0.402509513533E-01   0.133333333333E+01
        499   0.460870841825E+07   0.318044220355E+07   0.264415954546E-01  -0.110826490864E-01  -0.240069335695E-01   0.989583333333E+00
        541   0.460600862419E+07   0.318891799183E+07   0.923991166509E-02  -0.185925015483E-02   0.905092019854E-02   0.232291666667E+01
        566   0.460975480026E+07   0.318607108716E+07   0.115134950490E-01  -0.108357184204E-02  -0.114623924338E-01   0.708333333333E+00
        567   0.460777880276E+07   0.319025871917E+07   0.153756945153E-01   0.552285170783E-02   0.143495676186E-01   0.119444444444E+01
        475   0.460812428012E+07   0.317876084729E+07   0.291521968104E-01  -0.745399290115E-02  -0.281831256021E-01   0.861111111111E+00
        460   0.460805615561E+07   0.317795508723E+07   0.339665364823E-01  -0.634306644553E-02  -0.333690141998E-01   0.130208333333E+01
        461   0.460893620545E+07   0.317753813448E+07   0.694558203651E-01  -0.117456159124E-01  -0.684554708510E-01   0.133333333333E+01
        587   0.461070529221E+07   0.318904237966E+07   0.909497667742E-02   0.394607917760E-02   0.819433096030E-02   0.273611111111E+01
        568   0.460826390839E+07   0.319264622861E+07   0.293817300212E-01   0.117447568691E-01   0.269322621613E-01   0.102430555556E+01
        522   0.460456024766E+07   0.318682325196E+07   0.709616503955E-02  -0.613378396150E-02  -0.356822821330E-02   0.670138888889E+00
        523   0.460357132081E+07   0.318998847055E+07   0.175362876512E-01  -0.375853873677E-02   0.171287702754E-01   0.118055555556E+01
        418   0.460828418766E+07   0.317669380110E+07   0.437426669553E-01  -0.205704740713E-01  -0.386040996378E-01   0.139236111111E+01
        438   0.460830268309E+07   0.317722172691E+07   0.508302975034E-01  -0.587978251917E-02  -0.504890810157E-01   0.139236111111E+01
        437   0.460771850819E+07   0.317759540259E+07   0.363970631205E-01  -0.100263861846E-01  -0.349888236995E-01   0.140277777778E+01
        471   0.459922560827E+07   0.319397533131E+07   0.333434016141E+00  -0.724446386326E-03   0.333433229144E+00   0.913194444444E+00
        539   0.460752941277E+07   0.318518655567E+07   0.150728878101E-01  -0.701775105537E-02  -0.133395321155E-01   0.857638888889E+00
        540   0.461031660844E+07   0.318242683173E+07   0.217398361552E-01  -0.711793684688E-02  -0.205415542523E-01   0.947916666667E+00
        506   0.460191775449E+07   0.319667402172E+07   0.268207038877E+00   0.370963284130E-02   0.268181383261E+00   0.902777777778E+00
        505   0.460173000469E+07   0.319532183818E+07   0.261234410678E+00  -0.247682018995E-01   0.260057596500E+00   0.899305555556E+00
        525   0.460332360558E+07   0.319474886892E+07   0.660370718142E-01   0.143891973197E-01   0.644503363396E-01   0.909722222222E+00
        492   0.460328381749E+07   0.319834081152E+07   0.408338452593E+00   0.259939459414E+00   0.314915495499E+00   0.885416666667E+00
        507   0.460303166156E+07   0.319680979498E+07   0.282740454022E+00   0.126408121591E+00   0.252909373366E+00   0.895833333333E+00
        491   0.460169680462E+07   0.319850553991E+07   0.259426733391E+00   0.471141679258E-01   0.255112691136E+00   0.902777777778E+00
        489   0.460039265842E+07   0.319727657551E+07   0.331451651797E+00  -0.652412288782E-01   0.324967351488E+00   0.902777777778E+00
        490   0.460095336081E+07   0.319807436046E+07   0.297947054714E+00  -0.249191882150E-01   0.296903151670E+00   0.902777777778E+00
        569   0.460809911376E+07   0.319500305850E+07   0.828805945018E-01   0.252382442847E-01   0.789444359686E-01   0.895833333333E+00
        545   0.460692140955E+07   0.319632491482E+07   0.370126329420E+00   0.114843330934E+00   0.351858649276E+00   0.833333333333E+00
        544   0.460673071231E+07   0.319522845790E+07   0.111407742392E+00   0.374755924475E-01   0.104915513798E+00   0.885416666667E+00
       1066   0.463413564662E+07   0.319824587722E+07   0.163904196529E+00  -0.109718092479E+00   0.121764222259E+00   0.310069444444E+01
       1006   0.463323841385E+07   0.319821822860E+07   0.159610988871E+00  -0.873768231229E-01   0.133570051094E+00   0.290625000000E+01
       1065   0.463297356651E+07   0.319940269061E+07   0.852662793720E-01  -0.706784443061E-01   0.476958688821E-01   0.325000000000E+01
       1067   0.463543839968E+07   0.319782396984E+07   0.150480352828E+00  -0.107116396754E+00   0.105690179930E+00   0.310416666667E+01
        938   0.463297149573E+07   0.319747871529E+07   0.138378157831E+00  -0.469453570130E-01   0.130171609883E+00   0.280555555556E+01
        883   0.463588048698E+07   0.319325898845E+07   0.110741374513E+00  -0.786707883024E-01   0.779394578951E-01   0.309375000000E+01
        941   0.463690420841E+07   0.319385731234E+07   0.131454717818E+00  -0.904855528693E-01   0.953556897015E-01   0.296527777778E+01
        802   0.463302428789E+07   0.319478721144E+07   0.539288875827E-01  -0.440115731111E-01   0.311657881048E-01   0.319444444444E+01
        780   0.463269321949E+07   0.319284747630E+07   0.495079764516E-01   0.994651765027E-02   0.484985207915E-01   0.909722222222E+00
       1008   0.463631924901E+07   0.319578018093E+07   0.137831854062E+00  -0.887235639735E-01   0.105478666989E+00   0.296875000000E+01
        882   0.463467247919E+07   0.319491611752E+07   0.129696762897E+00  -0.858037481494E-01   0.972572213750E-01   0.309722222222E+01
        884   0.463775793251E+07   0.319201843574E+07   0.729041290549E-01  -0.386099144390E-01   0.618408161352E-01   0.323958333333E+01
        837   0.463709571814E+07   0.319057400051E+07   0.467693293568E-01   0.211532523816E-01   0.417122294077E-01   0.972222222222E+00
        806   0.463553208758E+07   0.319020450739E+07   0.267165936419E-01   0.139057634175E-01   0.228124115254E-01   0.975694444444E+00
        520   0.461050875926E+07   0.317974078246E+07   0.243506178242E-01  -0.130865851391E-01  -0.205351863351E-01   0.104166666667E+01
        498   0.461134443241E+07   0.317739194767E+07   0.741240968785E-01  -0.442675588911E-01  -0.594538894260E-01   0.135416666667E+01
        517   0.461221817457E+07   0.317770959004E+07   0.494192952427E-01  -0.194139916741E-01  -0.454462723396E-01   0.136111111111E+01
        477   0.461082992313E+07   0.317652375871E+07   0.686262973067E-01  -0.518877581120E-01  -0.449135752322E-01   0.134722222222E+01
        478   0.461194861129E+07   0.317590289273E+07   0.702022079054E-01  -0.359663639432E-01  -0.602890592023E-01   0.135763888889E+01
        493   0.461269188801E+07   0.317593504699E+07   0.925146072435E-01  -0.336046500604E-01  -0.861955918115E-01   0.135763888889E+01
        476   0.460988961192E+07   0.317722910006E+07   0.813619624484E-01  -0.545125945854E-01  -0.603998838163E-01   0.134027777778E+01
        439   0.460872379886E+07   0.317720637025E+07   0.523352223835E-01   0.994900081142E-02  -0.513808610748E-01   0.219791666667E+01
        419   0.460878362222E+07   0.317655664835E+07   0.333289999619E-01   0.242144742540E-02  -0.332409210286E-01   0.139236111111E+01
        436   0.460757769810E+07   0.317709747511E+07   0.577431410000E-01  -0.273397327626E-01  -0.508606856522E-01   0.142708333333E+01
        474   0.460711856959E+07   0.317944998682E+07   0.188328729211E-01  -0.699427514799E-02  -0.174859148350E-01   0.871527777778E+00
        459   0.460719892773E+07   0.317847564685E+07   0.264641812965E-01  -0.701082126787E-02  -0.255186456702E-01   0.129861111111E+01
        482   0.460201756559E+07   0.318412346730E+07   0.136989272274E-01  -0.848250966471E-02  -0.107567484385E-01   0.888888888889E+00
        483   0.460420457849E+07   0.318182871249E+07   0.178217625106E-01  -0.108623074261E-01  -0.141288887166E-01   0.888888888889E+00
        473   0.460596771527E+07   0.317965690644E+07   0.180876220993E-01  -0.593481978290E-02  -0.170862514131E-01   0.847222222222E+00
        496   0.460752495531E+07   0.318038213276E+07   0.256335540633E-01  -0.752061173599E-02  -0.245054992407E-01   0.847222222222E+00
        537   0.461198013318E+07   0.317973246246E+07   0.211911033454E-01  -0.751712683797E-02  -0.198130175666E-01   0.105555555556E+01
        565   0.461267993538E+07   0.318172823852E+07   0.215735348106E-01  -0.419412749153E-02  -0.211619162367E-01   0.102083333333E+01
        521   0.460869855083E+07   0.318222235267E+07   0.245532039348E-01  -0.115472344494E-01  -0.216684378771E-01   0.951388888889E+00
        494   0.461348858233E+07   0.317596414485E+07   0.990845512285E-01  -0.401757363142E-01  -0.905740498364E-01   0.137152777778E+01
        484   0.459983954294E+07   0.319057458704E+07   0.524105822061E-01  -0.738454161140E-02   0.518877410606E-01   0.916666666667E+00
        481   0.459917778446E+07   0.318904867046E+07   0.264860892499E-01  -0.526378599265E-02   0.259577634009E-01   0.101041666667E+01
        500   0.460171897777E+07   0.318722131516E+07   0.949954450229E-02  -0.800969570731E-02   0.510745733483E-02   0.104166666667E+01
        480   0.459979754638E+07   0.318639807201E+07   0.625631136591E-02  -0.212929039493E-02   0.588281856946E-02   0.273958333333E+01
        524   0.460333838687E+07   0.319252780641E+07   0.406414232141E-01   0.100067022825E-02   0.406291021309E-01   0.944444444444E+00
        456   0.459831128122E+07   0.319520163552E+07   0.362939838871E+00   0.282399644324E-02   0.362928852097E+00   0.909722222222E+00
        528   0.460569104060E+07   0.319734073123E+07   0.424393561082E+00   0.141259474741E+00   0.400194522056E+00   0.881944444444E+00
        503   0.460113272780E+07   0.319445285456E+07   0.279961268057E+00  -0.431892229792E-01   0.276609838275E+00   0.902777777778E+00
        488   0.460004038173E+07   0.319648464810E+07   0.368045398018E+00  -0.104761097242E+00   0.352820815014E+00   0.909722222222E+00
        485   0.459979325667E+07   0.319575862092E+07   0.392348872817E+00  -0.653792413608E-01   0.386863274039E+00   0.909722222222E+00
        529   0.460635778154E+07   0.319740223965E+07   0.441311085655E+00   0.142596838481E+00   0.417638139993E+00   0.829861111111E+00
        487   0.460025261034E+07   0.319398604821E+07   0.332063265046E+00  -0.208694124016E-01   0.331406818908E+00   0.909722222222E+00
        472   0.459923845232E+07   0.319535176038E+07   0.391474931441E+00   0.234389676379E-01   0.390772615139E+00   0.909722222222E+00
        469   0.459832161216E+07   0.319231128249E+07   0.158576834833E+00  -0.312196310129E-01   0.155473300554E+00   0.902777777778E+00
