         109          17
        629   0.461869262832E+07   0.318177107465E+07   0.280060440029E-01  -0.919094281758E-02  -0.264549630658E-01   0.108333333333E+01
        609   0.461606312089E+07   0.318323567471E+07   0.230501361888E-01  -0.230305453088E-02  -0.229347927427E-01   0.930555555556E+00
        600   0.461771607854E+07   0.318018424336E+07   0.662935396625E-01  -0.107200734767E-01  -0.654210472679E-01   0.173958333333E+01
        535   0.461583614639E+07   0.317628363820E+07   0.147017995749E+00  -0.495905321905E-01  -0.138401843163E+00   0.161805555556E+01
        513   0.461536194138E+07   0.317529394330E+07   0.123589174129E+00  -0.557938097167E-01  -0.110278441952E+00   0.162847222222E+01
        514   0.461622538316E+07   0.317501939237E+07   0.165786998162E+00  -0.643066621912E-01  -0.152807008862E+00   0.142013888889E+01
        602   0.462346843555E+07   0.317539816016E+07   0.597133708518E-01  -0.419720908275E-01  -0.424738772665E-01   0.234375000000E+01
        630   0.462288013289E+07   0.317737152588E+07   0.590012774705E-01  -0.406163775731E-01  -0.427955677143E-01   0.243055555556E+01
        601   0.462247084728E+07   0.317607908203E+07   0.779538992318E-01  -0.592856585275E-01  -0.506164113544E-01   0.243750000000E+01
        607   0.462661950553E+07   0.317387368668E+07   0.743507585485E-01  -0.178603663579E-01  -0.721736974964E-01   0.234722222222E+01
        606   0.462535867456E+07   0.317521629873E+07   0.690991087247E-01  -0.248447764926E-01  -0.644780885850E-01   0.234722222222E+01
        584   0.462527982225E+07   0.317372293701E+07   0.570952607634E-01  -0.141541438440E-01  -0.553130094434E-01   0.215972222222E+01
        531   0.462112303315E+07   0.317506754891E+07   0.502242687586E-02  -0.478481569248E-02   0.152653546056E-02   0.112847222222E+01
        533   0.462096030569E+07   0.317565413172E+07   0.662054719931E-01  -0.592318821014E-01  -0.295761502660E-01   0.292013888889E+01
        511   0.462048012512E+07   0.317552982608E+07   0.234399051773E-01   0.234356262792E-01  -0.447856699664E-03   0.112847222222E+01
        638   0.461619873383E+07   0.319112537279E+07   0.172521900322E-01   0.101333886418E-01   0.139625390077E-01   0.121527777778E+01
        667   0.461907719159E+07   0.318718966341E+07   0.779623263023E-02   0.553333347956E-02   0.549212744104E-02   0.296875000000E+01
        668   0.461855126722E+07   0.319115418787E+07   0.250982634194E-01   0.142525902913E-01   0.206588115984E-01   0.113194444444E+01
        576   0.462221988369E+07   0.317512431733E+07   0.593685721259E-01  -0.418969143392E-01  -0.420627617391E-01   0.311111111111E+01
        560   0.462146797528E+07   0.317567791683E+07   0.787879767139E-01  -0.658772386841E-01  -0.432172962832E-01   0.311111111111E+01
        554   0.462160153638E+07   0.317499925308E+07   0.306796324115E-01  -0.284146425885E-01  -0.115692666782E-01   0.311111111111E+01
        664   0.462265251439E+07   0.318014867503E+07   0.197185325728E-01  -0.962571644203E-02  -0.172094773250E-01   0.111111111111E+01
        631   0.462094862467E+07   0.317983467533E+07   0.378342376384E-01  -0.211523540096E-01  -0.313688931512E-01   0.124652777778E+01
        639   0.461725612751E+07   0.319399287337E+07   0.116661429646E+00   0.672728867363E-01   0.953113208240E-01   0.861111111111E+00
        616   0.461599046556E+07   0.319574100637E+07   0.172028413421E+00   0.984362957373E-01   0.141081787292E+00   0.809027777778E+00
        637   0.461596358746E+07   0.319384700686E+07   0.537886771034E-01   0.303899400186E-01   0.443810019061E-01   0.881944444444E+00
        636   0.461556379629E+07   0.318887964562E+07   0.930628394223E-02   0.633741941114E-02   0.681498613503E-02   0.237152777778E+01
        610   0.461415485261E+07   0.318694998527E+07   0.983577164850E-02   0.182004682453E-02  -0.966591089748E-02   0.694444444444E+00
        635   0.461737748493E+07   0.318521359520E+07   0.147497303155E-01  -0.172323156218E-02  -0.146487206733E-01   0.788194444444E+00
        590   0.461389119409E+07   0.319724443488E+07   0.179781430243E+00   0.533644990315E-01   0.171678749131E+00   0.805555555556E+00
        612   0.461417976470E+07   0.319562531097E+07   0.158375007472E+00   0.567834218870E-01   0.147845480115E+00   0.815972222222E+00
        613   0.461495761100E+07   0.319593962455E+07   0.133244889907E+00   0.603959014871E-01   0.118770938238E+00   0.812500000000E+00
        603   0.461977362805E+07   0.317887074714E+07   0.131596708982E+00  -0.626136159966E-01  -0.115746399109E+00   0.241319444444E+01
        605   0.462426664416E+07   0.317552593176E+07   0.588959462309E-01  -0.322797939838E-01  -0.492620277983E-01   0.234375000000E+01
        583   0.462432571528E+07   0.317443346334E+07   0.527362322761E-01  -0.278560969945E-01  -0.447788795630E-01   0.217013888889E+01
        581   0.462157969449E+07   0.317633214035E+07   0.113320839431E+00  -0.938641433151E-01  -0.634912218270E-01   0.303472222222E+01
        578   0.462396040431E+07   0.317396171136E+07   0.523818083537E-01  -0.321948180623E-01  -0.413200621532E-01   0.186111111111E+01
        579   0.461896399631E+07   0.317794449485E+07   0.142463245509E+00  -0.385242646652E-01  -0.137155595413E+00   0.238888888889E+01
        575   0.461778352610E+07   0.317815842711E+07   0.130873789661E+00  -0.148870191441E-01  -0.130024326498E+00   0.235763888889E+01
        557   0.461903427716E+07   0.317651988153E+07   0.133126969933E+00  -0.303581656345E-01  -0.129619334603E+00   0.237152777778E+01
        577   0.462303965056E+07   0.317486315856E+07   0.596580753209E-01  -0.389365250358E-01  -0.451999222248E-01   0.234375000000E+01
        556   0.462299029392E+07   0.317399209604E+07   0.516021255340E-01  -0.258799802200E-01  -0.446430955853E-01   0.186111111111E+01
        604   0.462146033635E+07   0.317768205497E+07   0.123164216100E+00  -0.933555445023E-01  -0.803378269441E-01   0.234375000000E+01
        582   0.462079196674E+07   0.317725598847E+07   0.160679198230E+00  -0.130971502140E+00  -0.930820625636E-01   0.301736111111E+01
        632   0.462430195330E+07   0.317732257959E+07   0.286705215169E-01  -0.129789360230E-01  -0.255645462264E-01   0.234722222222E+01
        665   0.462478949793E+07   0.317925694089E+07   0.156331110334E-01  -0.502320465387E-02  -0.148041067136E-01   0.114930555556E+01
        534   0.461463380481E+07   0.317698939343E+07   0.110418792730E+00  -0.296530300239E-01  -0.106362623127E+00   0.140625000000E+01
        494   0.461348858233E+07   0.317596414485E+07   0.990845512285E-01  -0.401757363142E-01  -0.905740498364E-01   0.137152777778E+01
        512   0.461450517644E+07   0.317562889365E+07   0.912471859192E-01  -0.450730987713E-01  -0.793376625905E-01   0.162152777778E+01
        518   0.461340874506E+07   0.317744971639E+07   0.420122139378E-01  -0.135599100879E-01  -0.397637392403E-01   0.136458333333E+01
        594   0.461291230522E+07   0.319449173359E+07   0.972964252255E-01   0.359226280003E-01   0.904221165380E-01   0.843750000000E+00
        615   0.461440021538E+07   0.319375531250E+07   0.456114622677E-01   0.188318035661E-01   0.415423719189E-01   0.940972222222E+00
        593   0.461311512034E+07   0.319571209976E+07   0.254824503460E+00   0.775375125755E-01   0.242741553318E+00   0.812500000000E+00
        552   0.461750054769E+07   0.317703645516E+07   0.125610144480E+00  -0.508642553726E-02  -0.125507118012E+00   0.232986111111E+01
        553   0.461848795171E+07   0.317648061756E+07   0.126109695270E+00  -0.798703306133E-02  -0.125856515699E+00   0.234375000000E+01
        580   0.462008398187E+07   0.317716941635E+07   0.167019483158E+00  -0.118224529251E+00  -0.117976558849E+00   0.292708333333E+01
        559   0.462045990187E+07   0.317611735711E+07   0.160696799787E+00  -0.132175825374E+00  -0.913948174052E-01   0.292013888889E+01
        561   0.462087149350E+07   0.317638215508E+07   0.140822244755E+00  -0.122323176956E+00  -0.697706600028E-01   0.304166666667E+01
        585   0.461543283633E+07   0.318074500855E+07   0.308321147815E-01  -0.420367881270E-02  -0.305442038092E-01   0.117708333333E+01
        562   0.462482159087E+07   0.317335900835E+07   0.451803078218E-01  -0.194474808421E-01  -0.407805799832E-01   0.195138888889E+01
        587   0.461070529221E+07   0.318904237966E+07   0.909497667742E-02   0.394607917760E-02   0.819433096030E-02   0.273611111111E+01
        586   0.461305631150E+07   0.318464861618E+07   0.169099300737E-01   0.232356281238E-03  -0.169083336156E-01   0.812500000000E+00
        570   0.461077363945E+07   0.319609182401E+07   0.276336445800E+00   0.111957613141E+00   0.252640701663E+00   0.812500000000E+00
        591   0.461169094177E+07   0.319466846900E+07   0.908603148737E-01   0.362631876503E-01   0.833101316791E-01   0.857638888889E+00
        574   0.461192601706E+07   0.319598269403E+07   0.318030524686E+00   0.109157091917E+00   0.298710803146E+00   0.809027777778E+00
        569   0.460809911376E+07   0.319500305850E+07   0.828805945018E-01   0.252382442847E-01   0.789444359686E-01   0.895833333333E+00
        568   0.460826390839E+07   0.319264622861E+07   0.293817300212E-01   0.117447568691E-01   0.269322621613E-01   0.102430555556E+01
        588   0.460992163273E+07   0.319273098961E+07   0.269248332251E-01   0.117838174780E-01   0.242092604151E-01   0.104513888889E+01
        663   0.462032495630E+07   0.318305255600E+07   0.186265299814E-01  -0.732791434969E-02  -0.171245230716E-01   0.864583333333E+00
        537   0.461198013318E+07   0.317973246246E+07   0.211911033454E-01  -0.751712683797E-02  -0.198130175666E-01   0.105555555556E+01
        538   0.461357997349E+07   0.317884179933E+07   0.311772754015E-01  -0.521076569934E-02  -0.307387446440E-01   0.122222222222E+01
        565   0.461267993538E+07   0.318172823852E+07   0.215735348106E-01  -0.419412749153E-02  -0.211619162367E-01   0.102083333333E+01
        546   0.460736858521E+07   0.319714760506E+07   0.323304758463E+00   0.111908300951E+00   0.303319137252E+00   0.819444444444E+00
        571   0.460890864259E+07   0.319574609690E+07   0.132824403656E+00   0.426798359596E-01   0.125780578028E+00   0.840277777778E+00
        547   0.460799488629E+07   0.319721296955E+07   0.312467712173E+00   0.706542665576E-01   0.304374844178E+00   0.781250000000E+00
        551   0.461154983769E+07   0.319709096087E+07   0.408920095075E+00   0.130183558173E+00   0.387644018833E+00   0.802083333333E+00
        550   0.461066983274E+07   0.319709396141E+07   0.338278566327E+00   0.117538470936E+00   0.317201980268E+00   0.809027777778E+00
        692   0.462174750008E+07   0.318771287065E+07   0.111725411020E-01   0.814197094987E-02   0.765075053363E-02   0.237152777778E+01
        690   0.462298884343E+07   0.318338684715E+07   0.116352879684E-01  -0.225541547877E-02  -0.114145971074E-01   0.857638888889E+00
        555   0.462213640174E+07   0.317419845927E+07   0.283722044179E-01  -0.181680105650E-01  -0.217923237779E-01   0.124652777778E+01
        633   0.462606543975E+07   0.317618669445E+07   0.380676910706E-01  -0.984739067972E-02  -0.367719730264E-01   0.234722222222E+01
        532   0.462153403084E+07   0.317441358959E+07   0.442004062940E-02  -0.351057321128E-02  -0.268563491446E-02   0.725694444444E+00
        510   0.462098851350E+07   0.317472181327E+07   0.245338445222E-01   0.237386221284E-01   0.619575229349E-02   0.120833333333E+01
        536   0.461674076819E+07   0.317660927345E+07   0.106441028692E+00  -0.173696284667E-01  -0.105014230444E+00   0.166319444444E+01
        530   0.461809522121E+07   0.317577489073E+07   0.115591111490E+00   0.182024928016E-01  -0.114148912878E+00   0.168055555556E+01
        558   0.461969403081E+07   0.317655415297E+07   0.163455094928E+00  -0.837298778578E-01  -0.140381179693E+00   0.254513888889E+01
        515   0.461700686658E+07   0.317504575450E+07   0.130082113263E+00  -0.388107627946E-01  -0.124157484197E+00   0.162152777778E+01
        516   0.461772895117E+07   0.317518922333E+07   0.871810786172E-01  -0.392398736392E-05  -0.871810785289E-01   0.212847222222E+01
        563   0.461501563039E+07   0.317856979083E+07   0.655012842943E-01  -0.139590734800E-01  -0.639965820320E-01   0.141319444444E+01
        564   0.461641420256E+07   0.317832405454E+07   0.911053571504E-01  -0.134347446052E-01  -0.901093432386E-01   0.231250000000E+01
        540   0.461031660844E+07   0.318242683173E+07   0.217398361552E-01  -0.711793684688E-02  -0.205415542523E-01   0.947916666667E+00
        517   0.461221817457E+07   0.317770959004E+07   0.494192952427E-01  -0.194139916741E-01  -0.454462723396E-01   0.136111111111E+01
        566   0.460975480026E+07   0.318607108716E+07   0.115134950490E-01  -0.108357184204E-02  -0.114623924338E-01   0.708333333333E+00
        611   0.461248779629E+07   0.319052188169E+07   0.134140286502E-01   0.712325622746E-02   0.113664147974E-01   0.169444444444E+01
        592   0.461106778106E+07   0.319361784781E+07   0.377598592839E-01   0.165435979508E-01   0.339428393035E-01   0.982638888889E+00
        572   0.461003734098E+07   0.319574427160E+07   0.155694513062E+00   0.608098928297E-01   0.143328079355E+00   0.822916666667E+00
        614   0.461349385517E+07   0.319231100497E+07   0.255463880267E-01   0.124148598270E-01   0.223268716279E-01   0.113194444444E+01
        549   0.460959478441E+07   0.319711581330E+07   0.287042215167E+00   0.129009119884E+00   0.256417394641E+00   0.812500000000E+00
        548   0.460869674667E+07   0.319745313060E+07   0.298809016893E+00   0.107110498855E+00   0.278951912722E+00   0.805555555556E+00
        589   0.461310737077E+07   0.319711793756E+07   0.267530666447E+00   0.724713442586E-01   0.257527788308E+00   0.802083333333E+00
        573   0.461226629055E+07   0.319709159061E+07   0.369303411918E+00   0.110451689228E+00   0.352399538026E+00   0.802083333333E+00
        598   0.461700146483E+07   0.319690584292E+07   0.371921633406E+00   0.153393481374E+00   0.338815792529E+00   0.791666666667E+00
        597   0.461615190947E+07   0.319691141836E+07   0.236617583307E+00   0.107664457866E+00   0.210704165223E+00   0.795138888889E+00
        617   0.461722915352E+07   0.319549910146E+07   0.297055459486E+00   0.157944845334E+00   0.251585714703E+00   0.798611111111E+00
        596   0.461548901786E+07   0.319705636122E+07   0.136540437886E+00   0.642971745695E-01   0.120453993377E+00   0.798611111111E+00
        595   0.461471411427E+07   0.319719707312E+07   0.139754251788E+00   0.608741592874E-01   0.125799791828E+00   0.798611111111E+00
        640   0.461870571470E+07   0.319369010501E+07   0.186014139196E+00   0.839886727275E-01   0.165973379896E+00   0.847222222222E+00
        545   0.460692140955E+07   0.319632491482E+07   0.370126329420E+00   0.114843330934E+00   0.351858649276E+00   0.833333333333E+00
        529   0.460635778154E+07   0.319740223965E+07   0.441311085655E+00   0.142596838481E+00   0.417638139993E+00   0.829861111111E+00
