         116          17
        437   0.460771850819E+07   0.317759540259E+07   0.363970631205E-01  -0.100263861846E-01  -0.349888236995E-01   0.140277777778E+01
        458   0.460685999522E+07   0.317800765004E+07   0.255851200788E-01  -0.337946341715E-02  -0.253609462848E-01   0.130902777778E+01
        436   0.460757769810E+07   0.317709747511E+07   0.577431410000E-01  -0.273397327626E-01  -0.508606856522E-01   0.142708333333E+01
        849   0.464133084725E+07   0.318868405319E+07   0.204785262473E+00   0.632534584619E-01   0.194771670730E+00   0.139236111111E+01
        817   0.464093077702E+07   0.319007709385E+07   0.234245896294E+00   0.734688893229E-01   0.222426307420E+00   0.135069444444E+01
        816   0.464012021305E+07   0.319015034421E+07   0.128794559769E+00   0.647025807918E-01   0.111362537081E+00   0.140972222222E+01
        752   0.463757096730E+07   0.318287591282E+07   0.187793579449E-01   0.435081508219E-02   0.182684069624E-01   0.400000000000E+01
        764   0.463795480017E+07   0.318378216484E+07   0.161369122741E-01   0.486131958458E-02   0.153872515297E-01   0.400000000000E+01
        768   0.463632772206E+07   0.318527081637E+07   0.816557198824E-02   0.305916889469E-02   0.757086861390E-02   0.400000000000E+01
        753   0.463581641033E+07   0.318412703848E+07   0.762036211285E-02   0.168020061489E-02   0.743282211711E-02   0.400000000000E+01
        740   0.463688110917E+07   0.318232840691E+07   0.204764472484E-01   0.216312538898E-02   0.203618707507E-01   0.400000000000E+01
        848   0.464203987378E+07   0.318695931343E+07   0.123458555333E+00   0.314347150839E-01   0.119389587371E+00   0.120833333333E+01
        813   0.464088329503E+07   0.318642581727E+07   0.217485764020E-01   0.579437904966E-02   0.209624842741E-01   0.235069444444E+01
        814   0.464224794097E+07   0.318527759585E+07   0.522503409233E-01   0.685274013824E-02   0.517990161992E-01   0.106944444444E+01
        751   0.463443783683E+07   0.318442857053E+07   0.731449681877E-02   0.392780798684E-02   0.617042852080E-02   0.400000000000E+01
        767   0.463400758662E+07   0.318685317243E+07   0.824085998829E-02   0.374635605261E-02   0.734006741615E-02   0.336111111111E+01
        769   0.463299464477E+07   0.318948563092E+07   0.577850293000E-01   0.280337094207E-01   0.505294047789E-01   0.947916666667E+00
        754   0.463123101790E+07   0.318921004234E+07   0.266196700110E-01   0.174663504188E-01   0.200881416398E-01   0.104513888889E+01
        435   0.460695441426E+07   0.317700216475E+07   0.560749753661E-01  -0.283056537780E-01  -0.484065370225E-01   0.153472222222E+01
        720   0.462714578225E+07   0.319533276380E+07   0.356500356708E-01   0.180358338664E-01   0.307511583534E-01   0.864583333333E+00
        719   0.462665137222E+07   0.319487075832E+07   0.546241397861E-01   0.364045924593E-01   0.407247135685E-01   0.902777777778E+00
        731   0.462783474288E+07   0.319337852098E+07   0.601241319933E-01   0.397708905247E-01   0.450908806170E-01   0.923611111111E+00
        732   0.462816580304E+07   0.319453160896E+07   0.593376951952E-01   0.371198948568E-01   0.462933632057E-01   0.864583333333E+00
        815   0.464039619150E+07   0.318842070045E+07   0.115695234552E+00   0.580707197820E-01   0.100065872315E+00   0.121180555556E+01
        838   0.463893139981E+07   0.319012125678E+07   0.688698347532E-01   0.446783473175E-01   0.524108711997E-01   0.139930555556E+01
        807   0.463900719148E+07   0.318828103850E+07   0.290344211355E-01   0.151703973437E-01   0.247559418143E-01   0.107986111111E+01
        784   0.463893254934E+07   0.318527717585E+07   0.135242853500E-01   0.373965624682E-02   0.129969713927E-01   0.400000000000E+01
        805   0.463744601904E+07   0.318791132252E+07   0.118392568279E-01   0.581672078865E-02   0.103118262934E-01   0.202430555556E+01
        783   0.463746919422E+07   0.318574344512E+07   0.869615017091E-02   0.197610887268E-02   0.846864933258E-02   0.400000000000E+01
        750   0.463251610674E+07   0.318610315983E+07   0.745829851433E-02   0.615571128104E-02   0.421110856585E-02   0.386111111111E+01
        837   0.463709571814E+07   0.319057400051E+07   0.467693293568E-01   0.211532523816E-01   0.417122294077E-01   0.972222222222E+00
        839   0.463935604355E+07   0.319142393246E+07   0.211234568719E-01   0.201082582019E-01   0.646980543016E-02   0.739583333333E+00
        885   0.463851320447E+07   0.319284522244E+07   0.926788902306E-01  -0.732650684571E-01   0.567591969495E-01   0.329861111111E+01
        884   0.463775793251E+07   0.319201843574E+07   0.729041290549E-01  -0.386099144390E-01   0.618408161352E-01   0.323958333333E+01
        789   0.464183945855E+07   0.318455136605E+07   0.479553263944E-01   0.652561754544E-02   0.475092585213E-01   0.108680555556E+01
        790   0.464289306983E+07   0.318350601125E+07   0.699339271490E-01  -0.667298850926E-03   0.699307434447E-01   0.108680555556E+01
        765   0.463902630361E+07   0.318358567503E+07   0.334921524868E-01   0.860289489892E-02   0.323684179033E-01   0.111458333333E+01
        766   0.464010953377E+07   0.318329888988E+07   0.659837880142E-01   0.100316583486E-01   0.652167625038E-01   0.110416666667E+01
        942   0.463746995515E+07   0.319435343683E+07   0.119848141934E+00  -0.795450392524E-01   0.896446532445E-01   0.296875000000E+01
        941   0.463690420841E+07   0.319385731234E+07   0.131454717818E+00  -0.904855528693E-01   0.953556897015E-01   0.296527777778E+01
        747   0.463923174273E+07   0.318184604738E+07   0.410735213173E-01   0.795657500165E-02   0.402954968656E-01   0.111458333333E+01
        787   0.463954160678E+07   0.318626940545E+07   0.142211301116E-01   0.545382444971E-02   0.131337862219E-01   0.249305555556E+01
        785   0.463533959176E+07   0.318807783811E+07   0.117953931389E-01   0.763001196684E-02   0.899523299798E-02   0.142361111111E+01
        788   0.464089433365E+07   0.318480598683E+07   0.297806465172E-01   0.505256805078E-02   0.293489090610E-01   0.107986111111E+01
        772   0.464025488810E+07   0.318432401965E+07   0.635235626246E-01   0.118281976625E-01   0.624126329246E-01   0.110416666667E+01
        773   0.464119930647E+07   0.318358184479E+07   0.620692196270E-01   0.251388230334E-02   0.620182910186E-01   0.110416666667E+01
        806   0.463553208758E+07   0.319020450739E+07   0.267165936419E-01   0.139057634175E-01   0.228124115254E-01   0.975694444444E+00
        786   0.463356663810E+07   0.319101342360E+07   0.703331822511E-01   0.336507914797E-01   0.617606732343E-01   0.934027777778E+00
        730   0.462713017071E+07   0.319225936194E+07   0.262554524901E-01   0.181471521460E-01   0.189744474084E-01   0.944444444444E+00
        718   0.462666902539E+07   0.319384068018E+07   0.463834367045E-01   0.292104529221E-01   0.360301629279E-01   0.916666666667E+00
        755   0.463099264921E+07   0.319167579565E+07   0.230565465993E+00   0.141366726331E+00   0.182142479381E+00   0.930555555556E+00
        770   0.463215846878E+07   0.319156720693E+07   0.299338847775E+00   0.151776957063E+00   0.258006784973E+00   0.913194444444E+00
        756   0.463089094257E+07   0.319344205306E+07   0.294213301942E+00   0.162544691701E+00   0.245235988875E+00   0.920138888889E+00
        739   0.463587164041E+07   0.318259712823E+07   0.945763119567E-02   0.362528887506E-02   0.873521999755E-02   0.400000000000E+01
        473   0.460596771527E+07   0.317965690644E+07   0.180876220993E-01  -0.593481978290E-02  -0.170862514131E-01   0.847222222222E+00
        483   0.460420457849E+07   0.318182871249E+07   0.178217625106E-01  -0.108623074261E-01  -0.141288887166E-01   0.888888888889E+00
        467   0.460454504553E+07   0.317998309993E+07   0.205257144956E-01  -0.125595501671E-01  -0.162346128736E-01   0.982638888889E+00
        447   0.460278123343E+07   0.317961583941E+07   0.179896049706E-01  -0.630008501246E-02  -0.168503654511E-01   0.111458333333E+01
        431   0.460176546080E+07   0.317961240646E+07   0.162146084779E-01  -0.398528161632E-02  -0.157172217179E-01   0.112500000000E+01
        430   0.460297222267E+07   0.317816349523E+07   0.615768953105E-01  -0.237750953772E-01  -0.568019266917E-01   0.314930555556E+01
        457   0.460590867973E+07   0.317844545219E+07   0.275673987673E-01  -0.125297769705E-01  -0.245553693489E-01   0.232986111111E+01
        446   0.460022394550E+07   0.318139116885E+07   0.140452402384E-01  -0.494569001358E-02  -0.131456807980E-01   0.993055555556E+00
        428   0.460090609449E+07   0.317922954740E+07   0.141070049223E-01  -0.227977298152E-02  -0.139215740141E-01   0.114583333333E+01
        434   0.460587609994E+07   0.317744219460E+07   0.623810699513E-01  -0.401019436236E-01  -0.477831770174E-01   0.196527777778E+01
        450   0.460501463758E+07   0.317856432734E+07   0.510184232456E-01  -0.269271389223E-01  -0.433336901259E-01   0.232986111111E+01
        417   0.460223313970E+07   0.317813556279E+07   0.415211488883E-01  -0.429595994385E-02  -0.412983115050E-01   0.315625000000E+01
        682   0.462549340204E+07   0.319558263565E+07   0.458032901039E-01   0.241513317907E-01   0.389185631426E-01   0.875000000000E+00
        703   0.462599992299E+07   0.319545277199E+07   0.370222562641E-01   0.307561520859E-01   0.206084101219E-01   0.881944444444E+00
        683   0.462527510349E+07   0.319629557748E+07   0.168705227749E-01   0.793853860463E-02   0.148860385436E-01   0.829861111111E+00
        698   0.462509319177E+07   0.319522018399E+07   0.702511247852E-01   0.357386321365E-01   0.604811599310E-01   0.885416666667E+00
        678   0.462414967810E+07   0.319603974767E+07   0.888248834213E-01   0.532070219914E-01   0.711257529001E-01   0.888888888889E+00
        699   0.462461061926E+07   0.319499009902E+07   0.100236734776E+00   0.447066087285E-01   0.897146706767E-01   0.875000000000E+00
        836   0.463514551424E+07   0.319234812983E+07   0.521416003075E-01  -0.431890661393E-01   0.292138845181E-01   0.320486111111E+01
        803   0.463404787946E+07   0.319205991694E+07   0.177163907895E-01   0.837559736280E-02   0.156115300795E-01   0.767361111111E+00
        845   0.464313855679E+07   0.318540984228E+07   0.779852054985E-01   0.760147486292E-02   0.776138509323E-01   0.107638888889E+01
        883   0.463588048698E+07   0.319325898845E+07   0.110741374513E+00  -0.786707883024E-01   0.779394578951E-01   0.309375000000E+01
        851   0.464178816591E+07   0.318922471515E+07   0.224143556199E+00   0.586730632540E-01   0.216328004276E+00   0.130902777778E+01
        901   0.464266642268E+07   0.318800355304E+07   0.163015741394E+00   0.144257752744E-01   0.162376195761E+00   0.119097222222E+01
        774   0.464195907013E+07   0.318330341318E+07   0.566234175662E-01  -0.487702876767E-02   0.564129950213E-01   0.110416666667E+01
        812   0.464326036801E+07   0.318423598849E+07   0.828136404408E-01   0.832133756678E-03   0.828094595833E-01   0.107638888889E+01
        846   0.464428394891E+07   0.318442850249E+07   0.901201128117E-01   0.771415200798E-02   0.897893456485E-01   0.107638888889E+01
        897   0.464356454921E+07   0.318617957308E+07   0.118582564222E+00   0.104036686087E-01   0.118125307267E+00   0.108333333333E+01
        757   0.464110803470E+07   0.318286986146E+07   0.687234302254E-01   0.247619183583E-02   0.686788055803E-01   0.109722222222E+01
        749   0.464115874811E+07   0.318189970678E+07   0.718367058835E-01   0.142310122618E-01   0.704130002358E-01   0.109722222222E+01
        758   0.464200849836E+07   0.318250682233E+07   0.541513132518E-01  -0.175302641712E-01   0.512352863267E-01   0.109722222222E+01
        745   0.464187525314E+07   0.318193934810E+07   0.636250662035E-01  -0.308727473803E-02   0.635501202524E-01   0.110416666667E+01
        748   0.464008041876E+07   0.318191632605E+07   0.522105282431E-01   0.127666993965E-01   0.506255927960E-01   0.111111111111E+01
        738   0.463869354491E+07   0.318140388673E+07   0.231634756403E-01   0.683753592391E-03   0.231533817134E-01   0.400000000000E+01
        737   0.463816287638E+07   0.318103704715E+07   0.162080695594E-01   0.278620362486E-02   0.159667964289E-01   0.399652777778E+01
        725   0.463687302077E+07   0.318107914591E+07   0.234339921893E-01   0.174155964409E-02   0.233691882600E-01   0.107986111111E+01
        726   0.463739189666E+07   0.318118597193E+07   0.218943834340E-01   0.416560051300E-02   0.214944597123E-01   0.396527777778E+01
        744   0.463013433122E+07   0.319338129921E+07   0.179243546948E+00   0.980149943814E-01   0.150071016519E+00   0.927083333333E+00
        780   0.463269321949E+07   0.319284747630E+07   0.495079764516E-01   0.994651765027E-02   0.484985207915E-01   0.909722222222E+00
        743   0.462944136964E+07   0.319243547817E+07   0.117476593640E+00   0.810429465039E-01   0.850458163303E-01   0.934027777778E+00
        733   0.462896195969E+07   0.319442517310E+07   0.763875684930E-01   0.537492221957E-01   0.542778199050E-01   0.895833333333E+00
        771   0.463206853704E+07   0.319273571105E+07   0.243181072313E+00   0.128735484895E+00   0.206310951866E+00   0.909722222222E+00
        742   0.462897321614E+07   0.319064231150E+07   0.244405992379E-01   0.165253010578E-01   0.180071462497E-01   0.105555555556E+01
        716   0.462567650696E+07   0.319383421241E+07   0.498211270950E-01   0.304901450415E-01   0.394017228096E-01   0.895833333333E+00
        702   0.462589513215E+07   0.319477451285E+07   0.635271794151E-01   0.394503827706E-01   0.497932708676E-01   0.895833333333E+00
        717   0.462584161098E+07   0.319211678019E+07   0.228094746406E-01   0.148861560267E-01   0.172822015995E-01   0.951388888889E+00
        433   0.460472148842E+07   0.317782839217E+07   0.651144887436E-01  -0.348367985123E-01  -0.550117634125E-01   0.275347222222E+01
        449   0.460388243727E+07   0.317930121886E+07   0.282603682008E-01  -0.103970244862E-01  -0.262783236276E-01   0.144791666667E+01
        459   0.460719892773E+07   0.317847564685E+07   0.264641812965E-01  -0.701082126787E-02  -0.255186456702E-01   0.129861111111E+01
        474   0.460711856959E+07   0.317944998682E+07   0.188328729211E-01  -0.699427514799E-02  -0.174859148350E-01   0.871527777778E+00
        432   0.460378986365E+07   0.317800511824E+07   0.626973286647E-01  -0.273169421307E-01  -0.564334979805E-01   0.275347222222E+01
        466   0.460264979671E+07   0.318152208951E+07   0.158887799260E-01  -0.617646798096E-02  -0.146391451532E-01   0.972222222222E+00
        448   0.460155451502E+07   0.318114664116E+07   0.137445491940E-01  -0.576694879399E-02  -0.124761746603E-01   0.993055555556E+00
        482   0.460201756559E+07   0.318412346730E+07   0.136989272274E-01  -0.848250966471E-02  -0.107567484385E-01   0.888888888889E+00
        415   0.460183294860E+07   0.317725496911E+07   0.428839805198E-01   0.200122740848E-02  -0.428372603475E-01   0.337152777778E+01
        465   0.460014243413E+07   0.318350111132E+07   0.121273247467E-01  -0.660557521569E-02  -0.101704661438E-01   0.854166666667E+00
        495   0.460585442088E+07   0.318152403375E+07   0.210362822890E-01  -0.936633353319E-02  -0.188360550193E-01   0.850694444444E+00
        701   0.462450196379E+07   0.319406854692E+07   0.631061857338E-01   0.295548317348E-01   0.557575340111E-01   0.881944444444E+00
        677   0.462494763096E+07   0.319599187499E+07   0.502785493567E-01   0.159803279083E-01   0.476713923161E-01   0.857638888889E+00
        684   0.462574976208E+07   0.319632521347E+07   0.661568501566E-02   0.538131829918E-02  -0.384820758136E-02   0.812500000000E+00
        656   0.462518388521E+07   0.319698707491E+07   0.273714219400E-02   0.945989884273E-03  -0.256847241158E-02   0.103472222222E+01
        657   0.462547637633E+07   0.319730785521E+07   0.886222850643E-03   0.478394182163E-03  -0.746009348114E-03   0.333333333333E+00
