         108          17
        122   0.456111757527E+07   0.317732588704E+07   0.419663897281E-02  -0.336373997847E-02  -0.250938877526E-02   0.833333333333E+00
        102   0.456162788486E+07   0.317519823206E+07   0.109165342188E-01  -0.529664222612E-02  -0.954548586922E-02   0.294097222222E+01
        123   0.456273674152E+07   0.317512986369E+07   0.117128685111E-01  -0.874823153644E-02  -0.778843589833E-02   0.278472222222E+01
         47   0.455550052678E+07   0.317776538479E+07   0.297681621923E-02  -0.223658384336E-02  -0.196446621623E-02   0.144097222222E+01
         39   0.455428105567E+07   0.317781697684E+07   0.258857744582E-02  -0.186885843336E-02  -0.179111734653E-02   0.159375000000E+01
         40   0.455537806328E+07   0.317612992141E+07   0.419459845347E-02  -0.384951044791E-02  -0.166611088987E-02   0.176736111111E+01
          8   0.454660663406E+07   0.318356116435E+07   0.103791759057E-01   0.454960043337E-02   0.932890284964E-02   0.249652777778E+01
          1   0.454616222211E+07   0.318354828786E+07   0.140911847382E-01  -0.196655671791E-02   0.139532842729E-01   0.230555555556E+01
          7   0.454668446845E+07   0.318288627145E+07   0.932683321248E-02   0.410258162576E-03   0.931780585833E-02   0.248263888889E+01
         64   0.455976779603E+07   0.317428602146E+07   0.980046147133E-02  -0.626313023900E-02  -0.753805310809E-02   0.313194444444E+01
         81   0.455936470314E+07   0.317566546716E+07   0.692653730498E-02  -0.511846083683E-02  -0.466672022937E-02   0.312500000000E+01
         63   0.455840797376E+07   0.317550267103E+07   0.813270833890E-02  -0.401074660958E-02  -0.707494569303E-02   0.309722222222E+01
         24   0.455132556773E+07   0.317954800145E+07   0.109685899596E-02  -0.477529919385E-03  -0.987453711881E-03   0.947916666667E+00
         25   0.455252611021E+07   0.317763292421E+07   0.501240538837E-02  -0.369294629965E-02  -0.338915260873E-02   0.229513888889E+01
         34   0.455289435925E+07   0.317878702102E+07   0.195789202167E-02  -0.128146636566E-02  -0.148026522023E-02   0.100347222222E+01
          5   0.454756721239E+07   0.318001273760E+07   0.100042710569E-01  -0.998477504380E-02  -0.624264932087E-03   0.982638888889E+00
         10   0.454749894872E+07   0.318089655520E+07   0.920226800480E-02  -0.898500791868E-02   0.198780510451E-02   0.965277777778E+00
          3   0.454685221323E+07   0.318059843515E+07   0.111525551723E-01  -0.103182096777E-01   0.423249759821E-02   0.101041666667E+01
         20   0.454966525631E+07   0.318015678381E+07   0.614796414637E-03   0.357996879211E-03  -0.499812830893E-03   0.104513888889E+01
         23   0.455027029132E+07   0.318158195794E+07   0.179469532910E-02   0.636537864648E-04   0.179356614591E-02   0.227083333333E+01
         19   0.454861986274E+07   0.318219646696E+07   0.423346917074E-02  -0.746051950637E-03   0.416721342225E-02   0.108680555556E+01
         44   0.455414447856E+07   0.318243030829E+07   0.414934869738E-02   0.207090330214E-03   0.414417762742E-02   0.940972222222E+00
         37   0.455349900266E+07   0.318369058078E+07   0.152978890912E-01   0.119762681923E-02   0.152509376973E-01   0.857638888889E+00
         36   0.455307348976E+07   0.318285414983E+07   0.100948083703E-01   0.573202616766E-04   0.100946456312E-01   0.895833333333E+00
         33   0.455192846813E+07   0.318084245496E+07   0.140013416487E-02  -0.139422211303E-02  -0.128531627095E-03   0.906250000000E+00
         42   0.455381447169E+07   0.317968968479E+07   0.206207860784E-02  -0.171181348777E-02  -0.114972290923E-02   0.871527777778E+00
         58   0.455544010320E+07   0.317949860996E+07   0.194848011198E-02  -0.135407449767E-02  -0.140109136089E-02   0.812500000000E+00
         59   0.455542765173E+07   0.318133970018E+07   0.248649865825E-02  -0.411010053721E-03   0.245229409191E-02   0.298958333333E+01
         60   0.455561765587E+07   0.318279148394E+07   0.537288049118E-02  -0.801822001375E-03   0.531271364282E-02   0.815972222222E+00
         45   0.455454401482E+07   0.318332919537E+07   0.119259585642E-01   0.144529840566E-02   0.118380572812E-01   0.826388888889E+00
         55   0.455598902989E+07   0.318524171150E+07   0.313601298389E-01   0.105141918238E-01   0.295450421189E-01   0.809027777778E+00
         54   0.455555788756E+07   0.318496801667E+07   0.325151326098E-01   0.470039721997E-02   0.321735934363E-01   0.809027777778E+00
         56   0.455630838939E+07   0.318456499398E+07   0.320358916648E-01   0.100844114711E-01   0.304072853119E-01   0.805555555556E+00
        103   0.456369595335E+07   0.317345699735E+07   0.146342444506E-01  -0.115344686647E-01  -0.900650560785E-02   0.312152777778E+01
        124   0.456405428201E+07   0.317439330555E+07   0.137333347809E-01  -0.100138788796E-01  -0.939822930075E-02   0.276388888889E+01
         50   0.455939624025E+07   0.317369949652E+07   0.939813224992E-02  -0.624775027065E-02  -0.702071978807E-02   0.314236111111E+01
         82   0.456251946722E+07   0.317303729136E+07   0.223847169344E-01  -0.109042474069E-01  -0.195492439936E-01   0.340277777778E+01
         68   0.456178168644E+07   0.317332944505E+07   0.160876795991E-01  -0.668194110139E-02  -0.146343806839E-01   0.314583333333E+01
         65   0.456226365623E+07   0.317263925355E+07   0.184691955005E-01  -0.958254604897E-02  -0.157887932931E-01   0.309722222222E+01
         80   0.455838621953E+07   0.317726714607E+07   0.310341830820E-02  -0.225441558885E-02  -0.213279524297E-02   0.286458333333E+01
        100   0.456007583666E+07   0.317634601850E+07   0.441981181380E-02  -0.349526046014E-02  -0.270516002950E-02   0.220833333333E+01
         99   0.455887467874E+07   0.317877984933E+07   0.310036096410E-02  -0.229680066024E-02  -0.208253327341E-02   0.798611111111E+00
         31   0.455379970789E+07   0.317666917424E+07   0.459277368845E-02  -0.434200605924E-02  -0.149684786630E-02   0.180902777778E+01
         83   0.456316363032E+07   0.317249594434E+07   0.159236467985E-01  -0.333182708256E-02  -0.155711738689E-01   0.344444444444E+01
         66   0.456288971719E+07   0.317215458550E+07   0.171492355310E-01   0.807073647999E-02   0.151314074682E-01   0.899305555556E+00
        101   0.456278579446E+07   0.317366876980E+07   0.193400873341E-01  -0.114847030404E-01  -0.155608667549E-01   0.342361111111E+01
         85   0.456199078833E+07   0.317391718400E+07   0.203491669405E-01  -0.986386137551E-02  -0.177986750613E-01   0.312152777778E+01
         86   0.456352334303E+07   0.317261381051E+07   0.137437334638E-01  -0.586064069430E-02  -0.124315365171E-01   0.344444444444E+01
         87   0.456443990520E+07   0.317215414539E+07   0.821633142261E-02  -0.725359870693E-02  -0.385919782404E-02   0.182291666667E+01
         69   0.455641759659E+07   0.318379794959E+07   0.169206977203E-01   0.315743671195E-02   0.166234955635E-01   0.809027777778E+00
         43   0.455409304137E+07   0.318120967494E+07   0.224450577930E-02  -0.720836445002E-03   0.212560603425E-02   0.176041666667E+01
         41   0.455655341485E+07   0.317404503328E+07   0.510288053629E-02  -0.317944605029E-02  -0.399130462142E-02   0.177083333333E+01
         48   0.455690894593E+07   0.317568808089E+07   0.457068499773E-02  -0.365940909435E-02  -0.273859205225E-02   0.309722222222E+01
         61   0.456059253219E+07   0.317356079471E+07   0.744808492544E-02  -0.640904454320E-02  -0.379448509021E-02   0.213888888889E+01
         79   0.456033589363E+07   0.317469519733E+07   0.867589600489E-02  -0.630009289707E-02  -0.596489739862E-02   0.343402777778E+01
         38   0.455366293011E+07   0.318453468210E+07   0.209474868303E-01   0.697393950139E-02   0.197525029385E-01   0.802083333333E+00
        107   0.455857295124E+07   0.318206771703E+07   0.446606868553E-02  -0.776453988021E-04   0.446539367760E-02   0.274652777778E+01
        121   0.455975855168E+07   0.317991677272E+07   0.337953023082E-02  -0.307748158611E-02  -0.139654275558E-02   0.805555555556E+00
        126   0.456003599649E+07   0.318148432210E+07   0.429744171844E-02  -0.825942185255E-03   0.421732436860E-02   0.170138888889E+01
         12   0.454809804963E+07   0.317906081482E+07   0.108843948371E-01  -0.862913804836E-02  -0.663385464966E-02   0.947916666667E+00
         17   0.454932866727E+07   0.317861230951E+07   0.107008304409E-01  -0.732232945879E-02  -0.780328542486E-02   0.993055555556E+00
         11   0.454825348371E+07   0.317970689157E+07   0.108909542905E-01  -0.100225005026E-01  -0.426173310210E-02   0.102430555556E+01
         29   0.455277406312E+07   0.318404725195E+07   0.232933434682E-01   0.233275643765E-02   0.231762399308E-01   0.888888888889E+00
         28   0.455217110895E+07   0.318400735435E+07   0.246821331695E-01   0.100586445946E-02   0.246616287882E-01   0.902777777778E+00
         16   0.454864601771E+07   0.318015641583E+07   0.330415075546E-02  -0.316397599910E-02  -0.952191205552E-03   0.249305555556E+01
         15   0.454813929883E+07   0.318138095727E+07   0.347141968972E-02   0.161806503719E-02   0.307125710379E-02   0.809027777778E+00
         13   0.454742087633E+07   0.318251721213E+07   0.372514617875E-02   0.234793869089E-02   0.289204044869E-02   0.954861111111E+00
         14   0.454721970261E+07   0.318345828760E+07   0.388940701998E-02   0.257217459355E-02   0.291743120353E-02   0.249652777778E+01
          4   0.454639112671E+07   0.318180024918E+07   0.148688182194E-01  -0.122073063774E-01   0.848901797925E-02   0.105902777778E+01
          9   0.454702928255E+07   0.318200676971E+07   0.608900119710E-02  -0.372412459894E-02   0.481734694099E-02   0.247222222222E+01
          2   0.454611158386E+07   0.318291289011E+07   0.158961173179E-01  -0.867743609725E-02   0.133187329939E-01   0.226041666667E+01
         22   0.454920963995E+07   0.318341368351E+07   0.127672628347E-01   0.435550549798E-02   0.120013570961E-01   0.958333333333E+00
         30   0.455315051020E+07   0.318469386894E+07   0.177446181142E-01   0.348302465125E-02   0.173994256026E-01   0.833333333333E+00
         78   0.455701566503E+07   0.318087370733E+07   0.217550447647E-02  -0.773266679692E-03   0.203344003335E-02   0.351041666667E+01
         76   0.455675938286E+07   0.318245203297E+07   0.497635121908E-02  -0.161473903775E-03   0.497373075608E-02   0.281597222222E+01
         91   0.455757977151E+07   0.318379510642E+07   0.211493212991E-01   0.450756179837E-02   0.206633898005E-01   0.819444444444E+00
        108   0.455867170690E+07   0.318310750807E+07   0.124629527344E-01   0.154127368142E-02   0.123672820902E-01   0.809027777778E+00
         90   0.455738048151E+07   0.318285548458E+07   0.767013400733E-02   0.160328874200E-03   0.766845814636E-02   0.791666666667E+00
         96   0.456514250722E+07   0.317201112438E+07   0.820899902693E-02  -0.500369743418E-02  -0.650773977748E-02   0.180902777778E+01
        115   0.456563187167E+07   0.317226440250E+07   0.111234914077E-01  -0.518117198449E-02  -0.984314573520E-02   0.181250000000E+01
        104   0.456463163440E+07   0.317296222950E+07   0.991130149956E-02  -0.777034456247E-02  -0.615269394620E-02   0.296180555556E+01
         75   0.456513472639E+07   0.317131676314E+07   0.830128268398E-02  -0.594316786634E-02  -0.579569235829E-02   0.180555555556E+01
         97   0.456586916774E+07   0.317129749797E+07   0.121772306888E-01  -0.408979175179E-02  -0.114698975878E-01   0.180555555556E+01
         67   0.456116517145E+07   0.317353168322E+07   0.821863784584E-02  -0.523124503315E-02  -0.633877617875E-02   0.305902777778E+01
         84   0.456113437971E+07   0.317455890701E+07   0.110514549872E-01  -0.411576033826E-02  -0.102564698689E-01   0.311805555556E+01
         53   0.456177223235E+07   0.317241921096E+07   0.971269777545E-02  -0.343967769913E-02  -0.908323265162E-02   0.302777777778E+01
        125   0.456512880936E+07   0.317334775652E+07   0.118656988022E-01  -0.835476153944E-02  -0.842572060328E-02   0.276736111111E+01
         98   0.455811991092E+07   0.318107067985E+07   0.275104444972E-02  -0.819277880692E-03   0.262621958688E-02   0.352777777778E+01
        141   0.456160818756E+07   0.317906520921E+07   0.426217971896E-02  -0.383009355785E-02  -0.186990890014E-02   0.798611111111E+00
         62   0.455697484518E+07   0.317744396210E+07   0.287705906844E-02  -0.919286511384E-03  -0.272623938664E-02   0.944444444444E+00
         57   0.455575004453E+07   0.318379424220E+07   0.158774100045E-01   0.135580395287E-02   0.158194166799E-01   0.805555555556E+00
         46   0.455470883021E+07   0.318465190976E+07   0.301666782301E-01   0.535829763982E-02   0.296869857318E-01   0.815972222222E+00
         77   0.455702807952E+07   0.317924508081E+07   0.203616947935E-02  -0.880317834611E-03  -0.183603558209E-02   0.812500000000E+00
        142   0.456328301229E+07   0.317651555729E+07   0.580335606416E-02  -0.502902032187E-02  -0.289618649428E-02   0.144097222222E+01
         52   0.456115768410E+07   0.317276234746E+07   0.745380607609E-02  -0.684331654653E-02  -0.295436011073E-02   0.212847222222E+01
         51   0.456042046824E+07   0.317276485986E+07   0.445417143367E-02  -0.293237842098E-02  -0.335273022426E-02   0.340277777778E+01
         49   0.455839160914E+07   0.317404660676E+07   0.917743078544E-02  -0.433829919671E-02  -0.808729843034E-02   0.309722222222E+01
         32   0.455495565023E+07   0.317505626720E+07   0.407713856350E-02  -0.387979507920E-02  -0.125309577024E-02   0.175694444444E+01
         21   0.455096100064E+07   0.317809430563E+07   0.610316784204E-02  -0.319878873462E-02  -0.519773107609E-02   0.229513888889E+01
         27   0.455190039814E+07   0.318324376391E+07   0.193907155070E-01  -0.828987723212E-03   0.193729870497E-01   0.885416666667E+00
         35   0.455260884551E+07   0.318176246421E+07   0.430583384541E-02  -0.987461123638E-03   0.419107690619E-02   0.989583333333E+00
         26   0.455078740067E+07   0.318321930072E+07   0.141449552685E-01   0.438104250927E-02   0.134493950080E-01   0.909722222222E+00
          6   0.454732152291E+07   0.317952756752E+07   0.705586102116E-02  -0.699900095805E-02  -0.893957683070E-03   0.947916666667E+00
         18   0.454808985885E+07   0.318349426676E+07   0.867853308663E-02   0.244124788010E-02   0.832809974265E-02   0.103819444444E+01
         71   0.455691420401E+07   0.318398840228E+07   0.211533583264E-01   0.638952677363E-02   0.201652799657E-01   0.822916666667E+00
         70   0.455671054855E+07   0.318494250216E+07   0.375368180274E-01   0.142248579029E-01   0.347371001274E-01   0.795138888889E+00
         72   0.455717323362E+07   0.318496359606E+07   0.462621464702E-01   0.131204221270E-01   0.443626049646E-01   0.802083333333E+00
         92   0.455802842387E+07   0.318415323260E+07   0.315563757275E-01   0.732469250102E-02   0.306945227821E-01   0.802083333333E+00
