         116          17
       1104   0.466366541976E+07   0.317978204532E+07   0.897905406831E+01   0.400000000000E+01
       1103   0.466265617753E+07   0.317963502661E+07   0.897894232303E+01   0.400000000000E+01
       1041   0.466394422022E+07   0.317832784497E+07   0.897771915564E+01   0.400000000000E+01
       1042   0.466483204619E+07   0.317816460228E+07   0.897691358500E+01   0.400000000000E+01
       1222   0.466476490440E+07   0.318293871430E+07   0.898031007429E+01   0.400000000000E+01
       1221   0.466178881052E+07   0.318425362253E+07   0.897840071496E+01   0.400000000000E+01
       1171   0.466375741264E+07   0.318145917427E+07   0.897960876160E+01   0.400000000000E+01
       1348   0.460116087776E+07   0.325781721082E+07   0.901872524673E+01   0.400000000000E+01
       1392   0.460304551633E+07   0.325619772358E+07   0.901820685470E+01   0.400000000000E+01
       1390   0.460265273746E+07   0.325887048087E+07   0.901892523764E+01   0.400000000000E+01
       1433   0.460259646854E+07   0.325240491243E+07   0.902007808619E+01   0.400000000000E+01
       1388   0.460190969256E+07   0.325381442779E+07   0.902034898642E+01   0.400000000000E+01
       1384   0.460149636806E+07   0.325304341548E+07   0.902064343142E+01   0.400000000000E+01
       1047   0.466778620023E+07   0.317742415457E+07   0.898183757948E+01   0.400000000000E+01
       1107   0.466683319063E+07   0.317855838369E+07   0.898110837102E+01   0.400000000000E+01
       1044   0.466725474831E+07   0.317716943905E+07   0.898274863518E+01   0.400000000000E+01
       1095   0.466223174912E+07   0.317877339171E+07   0.897908717617E+01   0.400000000000E+01
       1040   0.466333425828E+07   0.317805138198E+07   0.897723146353E+01   0.400000000000E+01
       1030   0.466299374388E+07   0.317746590581E+07   0.897769526128E+01   0.400000000000E+01
       1031   0.466204165537E+07   0.317760468173E+07   0.897882378933E+01   0.400000000000E+01
       1170   0.466203863515E+07   0.318167642091E+07   0.897866913310E+01   0.400000000000E+01
       1165   0.466088247739E+07   0.318092748527E+07   0.897973888818E+01   0.400000000000E+01
       1045   0.466656841593E+07   0.317779691983E+07   0.898195229279E+01   0.400000000000E+01
       1347   0.460148095039E+07   0.325627114875E+07   0.901929585339E+01   0.400000000000E+01
       1391   0.460247388706E+07   0.325463501200E+07   0.901956909303E+01   0.400000000000E+01
       1610   0.460366907740E+07   0.324403897130E+07   0.902090191129E+01   0.400000000000E+01
       1615   0.460464846529E+07   0.324250837301E+07   0.901827781633E+01   0.400000000000E+01
       1607   0.460465401425E+07   0.324379956713E+07   0.901773594642E+01   0.400000000000E+01
       1598   0.460360520555E+07   0.324474205742E+07   0.902032106183E+01   0.400000000000E+01
       1594   0.460395460797E+07   0.324498875706E+07   0.901961624631E+01   0.400000000000E+01
       1583   0.460578936890E+07   0.324531213114E+07   0.901711481929E+01   0.400000000000E+01
       1566   0.460678475911E+07   0.324591083556E+07   0.901723340032E+01   0.400000000000E+01
       1562   0.460536289600E+07   0.324712535611E+07   0.901784670516E+01   0.400000000000E+01
       1442   0.460219229456E+07   0.324936364767E+07   0.902049084459E+01   0.400000000000E+01
       1487   0.460284553444E+07   0.324845035387E+07   0.902036604671E+01   0.400000000000E+01
       1441   0.460282916220E+07   0.324916663918E+07   0.902042949455E+01   0.400000000000E+01
       1472   0.460347377859E+07   0.324818430611E+07   0.902021998547E+01   0.400000000000E+01
       1652   0.460123956094E+07   0.325213100003E+07   0.902082776301E+01   0.400000000000E+01
       1393   0.460063018295E+07   0.325173284152E+07   0.902209802280E+01   0.400000000000E+01
       1394   0.460143858969E+07   0.325103998083E+07   0.902084218508E+01   0.400000000000E+01
       1475   0.460350124774E+07   0.324904890778E+07   0.902051824728E+01   0.400000000000E+01
       1344   0.460054150054E+07   0.325459691558E+07   0.902085095712E+01   0.400000000000E+01
       1427   0.460209025397E+07   0.325184985498E+07   0.902040499101E+01   0.400000000000E+01
       1426   0.460205800237E+07   0.325098712352E+07   0.902036538648E+01   0.400000000000E+01
       1474   0.460275203551E+07   0.325074815705E+07   0.902025233563E+01   0.400000000000E+01
       1438   0.460353403196E+07   0.325271561402E+07   0.901920136049E+01   0.400000000000E+01
       1440   0.460452727951E+07   0.325370923917E+07   0.901772527608E+01   0.400000000000E+01
       1521   0.460758514417E+07   0.324920634819E+07   0.901696249984E+01   0.400000000000E+01
       1519   0.460593693767E+07   0.324941062568E+07   0.901691269674E+01   0.400000000000E+01
       1546   0.460740756984E+07   0.324719292821E+07   0.901657408039E+01   0.400000000000E+01
       1439   0.460574779657E+07   0.325537324701E+07   0.901798808354E+01   0.400000000000E+01
       1172   0.466545444245E+07   0.318031098750E+07   0.898038239846E+01   0.400000000000E+01
       1105   0.466485974993E+07   0.317940378475E+07   0.897902048141E+01   0.400000000000E+01
       1108   0.466791092805E+07   0.317832293943E+07   0.898081451950E+01   0.400000000000E+01
        982   0.466481228961E+07   0.317713693196E+07   0.897661719240E+01   0.400000000000E+01
        980   0.466384776702E+07   0.317695705148E+07   0.897682033365E+01   0.400000000000E+01
        918   0.466440738098E+07   0.317604734605E+07   0.897679889569E+01   0.400000000000E+01
        919   0.466454979115E+07   0.317644185497E+07   0.897619983654E+01   0.400000000000E+01
       1106   0.466591733767E+07   0.317890129559E+07   0.898041160251E+01   0.400000000000E+01
       1043   0.466588826424E+07   0.317783115736E+07   0.897763257463E+01   0.400000000000E+01
        983   0.466545430456E+07   0.317687741386E+07   0.897652269999E+01   0.400000000000E+01
        867   0.466565175710E+07   0.317572840929E+07   0.897526859421E+01   0.400000000000E+01
        866   0.466504454784E+07   0.317577519656E+07   0.897587753558E+01   0.400000000000E+01
        823   0.466552734037E+07   0.317510057984E+07   0.897612138264E+01   0.400000000000E+01
        966   0.466297814703E+07   0.317657812705E+07   0.897749506331E+01   0.400000000000E+01
        981   0.466426084021E+07   0.317718492349E+07   0.897704412336E+01   0.400000000000E+01
        965   0.466371521958E+07   0.317639535325E+07   0.897735089390E+01   0.400000000000E+01
        865   0.466489228754E+07   0.317523269293E+07   0.897701301863E+01   0.400000000000E+01
        905   0.466426297545E+07   0.317563515216E+07   0.897754726305E+01   0.400000000000E+01
        920   0.466502305603E+07   0.317635948431E+07   0.897538334408E+01   0.400000000000E+01
       1218   0.465973165388E+07   0.318412785137E+07   0.897913555108E+01   0.400000000000E+01
       1173   0.466668481245E+07   0.318012245032E+07   0.898084990422E+01   0.400000000000E+01
       1262   0.466161529762E+07   0.318754932039E+07   0.897629770287E+01   0.400000000000E+01
       1586   0.460317350542E+07   0.324547397255E+07   0.902067630110E+01   0.400000000000E+01
       1587   0.460258908040E+07   0.324597126784E+07   0.902237652709E+01   0.400000000000E+01
       1599   0.460295589902E+07   0.324497808582E+07   0.902212222163E+01   0.400000000000E+01
       1597   0.460800704664E+07   0.324056772566E+07   0.901664545820E+01   0.400000000000E+01
       1585   0.460787631034E+07   0.324309106181E+07   0.901677546346E+01   0.400000000000E+01
       1596   0.460615324512E+07   0.324339588450E+07   0.901634247779E+01   0.400000000000E+01
       1608   0.460588437515E+07   0.324217268567E+07   0.901579300823E+01   0.400000000000E+01
       1511   0.460349112579E+07   0.324755245876E+07   0.902027777520E+01   0.400000000000E+01
       1567   0.460908547905E+07   0.324411655420E+07   0.901664921892E+01   0.400000000000E+01
       1485   0.460547283273E+07   0.325142044895E+07   0.901702285290E+01   0.400000000000E+01
       1545   0.460546038768E+07   0.324823464573E+07   0.901823932489E+01   0.400000000000E+01
       1434   0.460287702325E+07   0.325137777505E+07   0.901980250930E+01   0.400000000000E+01
       1518   0.460415841312E+07   0.324948864416E+07   0.901924251791E+01   0.400000000000E+01
       1541   0.460412405391E+07   0.324867545216E+07   0.901908592064E+01   0.400000000000E+01
       1482   0.460453578010E+07   0.325106930288E+07   0.901857119373E+01   0.400000000000E+01
       1563   0.460452982311E+07   0.324715011615E+07   0.901830375186E+01   0.400000000000E+01
       1512   0.460330446725E+07   0.324983432141E+07   0.902014786971E+01   0.400000000000E+01
       1473   0.460270066647E+07   0.324996838342E+07   0.902055237820E+01   0.400000000000E+01
       1595   0.460482426585E+07   0.324485723521E+07   0.901741062937E+01   0.400000000000E+01
       1581   0.460378200944E+07   0.324574891583E+07   0.901951994784E+01   0.400000000000E+01
       1582   0.460453115717E+07   0.324607180143E+07   0.901785963153E+01   0.400000000000E+01
       1517   0.460462100585E+07   0.324997845033E+07   0.901888215379E+01   0.400000000000E+01
       1561   0.460330412120E+07   0.324648141687E+07   0.902065108087E+01   0.400000000000E+01
       1548   0.460273503046E+07   0.324703407832E+07   0.902072823681E+01   0.400000000000E+01
       1568   0.460281182284E+07   0.324637315170E+07   0.902080134028E+01   0.400000000000E+01
       1522   0.460273500083E+07   0.324778889186E+07   0.902050383363E+01   0.400000000000E+01
       1540   0.460331848607E+07   0.324702956825E+07   0.902055995897E+01   0.400000000000E+01
       1580   0.460330583532E+07   0.324585169803E+07   0.902043524091E+01   0.400000000000E+01
       1569   0.460214723899E+07   0.324694612309E+07   0.902204531199E+01   0.400000000000E+01
       1549   0.460217176005E+07   0.324766656575E+07   0.902133706589E+01   0.400000000000E+01
       1488   0.460229295155E+07   0.324866270652E+07   0.902062814668E+01   0.400000000000E+01
       1481   0.460355184122E+07   0.325048700424E+07   0.901963534559E+01   0.400000000000E+01
       1425   0.460208020551E+07   0.325012328912E+07   0.902057546198E+01   0.400000000000E+01
       1489   0.460171505909E+07   0.324930595189E+07   0.902144353779E+01   0.400000000000E+01
       1443   0.460135002581E+07   0.325028978290E+07   0.902153492980E+01   0.400000000000E+01
       1523   0.460196506760E+07   0.324843724409E+07   0.902157676406E+01   0.400000000000E+01
       1349   0.460031091843E+07   0.325274602354E+07   0.902168329943E+01   0.400000000000E+01
       1340   0.460060237399E+07   0.325342943742E+07   0.902131592056E+01   0.400000000000E+01
       1346   0.460073747489E+07   0.325553945599E+07   0.902015501702E+01   0.400000000000E+01
       1480   0.460359597137E+07   0.325135140567E+07   0.901936944707E+01   0.400000000000E+01
       1310   0.460049383544E+07   0.325667085189E+07   0.901971972395E+01   0.400000000000E+01
       1311   0.460025655969E+07   0.325789342125E+07   0.901948937914E+01   0.400000000000E+01
       1486   0.460708783171E+07   0.325183269437E+07   0.901771799395E+01   0.400000000000E+01
