         115          17
        502   0.460189348034E+07   0.318976383514E+07   0.902245390270E+01   0.400000000000E+01
        504   0.460174050937E+07   0.319216610711E+07   0.901983078304E+01   0.400000000000E+01
        486   0.460035032951E+07   0.319216162870E+07   0.902043420832E+01   0.400000000000E+01
        527   0.460539399726E+07   0.319596555232E+07   0.900967507397E+01   0.400000000000E+01
        509   0.460465881231E+07   0.319756099026E+07   0.901983520441E+01   0.400000000000E+01
        508   0.460413917789E+07   0.319670584120E+07   0.900992895834E+01   0.400000000000E+01
        526   0.460456043888E+07   0.319500273947E+07   0.900624500288E+01   0.400000000000E+01
        542   0.460523072810E+07   0.319236030222E+07   0.900575471811E+01   0.400000000000E+01
        543   0.460631957072E+07   0.319357937689E+07   0.900189752490E+01   0.400000000000E+01
        834   0.463301963140E+07   0.319561084159E+07   0.897661778306E+01   0.400000000000E+01
        881   0.463350061922E+07   0.319596476194E+07   0.897624489695E+01   0.400000000000E+01
        880   0.463259262867E+07   0.319684931754E+07   0.897716993622E+01   0.400000000000E+01
        454   0.459759738095E+07   0.319375633136E+07   0.902602630892E+01   0.400000000000E+01
        470   0.459892806813E+07   0.319289780612E+07   0.902283959532E+01   0.400000000000E+01
        455   0.459791584456E+07   0.319457103554E+07   0.902416136365E+01   0.400000000000E+01
        940   0.463537323880E+07   0.319534363002E+07   0.897413475554E+01   0.400000000000E+01
       1655   0.463511767305E+07   0.319683421801E+07   0.897529509519E+01   0.400000000000E+01
       1007   0.463415004931E+07   0.319706270801E+07   0.897577672528E+01   0.400000000000E+01
        833   0.463235832173E+07   0.319639387447E+07   0.897560602631E+01   0.400000000000E+01
        800   0.463175785099E+07   0.319651687752E+07   0.897511426158E+01   0.400000000000E+01
        801   0.463225530287E+07   0.319576047698E+07   0.897598541688E+01   0.400000000000E+01
        762   0.463156786976E+07   0.319536509400E+07   0.897957136146E+01   0.400000000000E+01
        761   0.463097965559E+07   0.319585978308E+07   0.898752510450E+01   0.400000000000E+01
        746   0.463130254507E+07   0.319485378598E+07   0.899085547277E+01   0.400000000000E+01
        778   0.463142501267E+07   0.319612828211E+07   0.897658966637E+01   0.400000000000E+01
        781   0.463271325436E+07   0.319432182987E+07   0.897521969929E+01   0.400000000000E+01
        779   0.463215449867E+07   0.319518517275E+07   0.897596974602E+01   0.400000000000E+01
        763   0.463198449599E+07   0.319455978689E+07   0.897936879218E+01   0.400000000000E+01
        939   0.463408046655E+07   0.319619733965E+07   0.897532064833E+01   0.400000000000E+01
        804   0.463376608423E+07   0.319355202147E+07   0.897012075643E+01   0.400000000000E+01
        782   0.463310545470E+07   0.319334819752E+07   0.897497781047E+01   0.400000000000E+01
        803   0.463404787946E+07   0.319205991694E+07   0.897244193981E+01   0.400000000000E+01
        836   0.463514551424E+07   0.319234812983E+07   0.896440149864E+01   0.400000000000E+01
        835   0.463416486285E+07   0.319432690448E+07   0.897387176305E+01   0.400000000000E+01
        519   0.460661758624E+07   0.318313009321E+07   0.902057283027E+01   0.400000000000E+01
        501   0.460408711621E+07   0.318428384485E+07   0.902261222296E+01   0.400000000000E+01
        495   0.460585442088E+07   0.318152403375E+07   0.902449411154E+01   0.400000000000E+01
        479   0.460893068638E+07   0.317873216535E+07   0.901223169665E+01   0.399652777778E+01
        497   0.461007139083E+07   0.317831812581E+07   0.901197653982E+01   0.400000000000E+01
        499   0.460870841825E+07   0.318044220355E+07   0.901804959943E+01   0.399652777778E+01
        541   0.460600862419E+07   0.318891799183E+07   0.901097662410E+01   0.400000000000E+01
        566   0.460975480026E+07   0.318607108716E+07   0.900062095795E+01   0.400000000000E+01
        567   0.460777880276E+07   0.319025871917E+07   0.899897897028E+01   0.400000000000E+01
        475   0.460812428012E+07   0.317876084729E+07   0.909636384853E+01   0.399652777778E+01
        460   0.460805615561E+07   0.317795508723E+07   0.901794836530E+01   0.400000000000E+01
        461   0.460893620545E+07   0.317753813448E+07   0.904024073510E+01   0.400000000000E+01
        587   0.461070529221E+07   0.318904237966E+07   0.898948045374E+01   0.400000000000E+01
        568   0.460826390839E+07   0.319264622861E+07   0.899465123563E+01   0.400000000000E+01
        522   0.460456024766E+07   0.318682325196E+07   0.901800633402E+01   0.400000000000E+01
        523   0.460357132081E+07   0.318998847055E+07   0.901778034097E+01   0.400000000000E+01
        418   0.460828418766E+07   0.317669380110E+07   0.902134611342E+01   0.399652777778E+01
        438   0.460830268309E+07   0.317722172691E+07   0.901834241103E+01   0.399652777778E+01
        437   0.460771850819E+07   0.317759540259E+07   0.904422588578E+01   0.399652777778E+01
        471   0.459922560827E+07   0.319397533131E+07   0.902148501095E+01   0.400000000000E+01
        539   0.460752941277E+07   0.318518655567E+07   0.901104949360E+01   0.400000000000E+01
        540   0.461031660844E+07   0.318242683173E+07   0.900661307317E+01   0.400000000000E+01
        506   0.460191775449E+07   0.319667402172E+07   0.901515120053E+01   0.400000000000E+01
        505   0.460173000469E+07   0.319532183818E+07   0.901605390745E+01   0.400000000000E+01
        525   0.460332360558E+07   0.319474886892E+07   0.901095909848E+01   0.400000000000E+01
        492   0.460328381749E+07   0.319834081152E+07   0.900337612748E+01   0.400000000000E+01
        507   0.460303166156E+07   0.319680979498E+07   0.901118928449E+01   0.400000000000E+01
        491   0.460169680462E+07   0.319850553991E+07   0.902158592275E+01   0.400000000000E+01
        489   0.460039265842E+07   0.319727657551E+07   0.902104349913E+01   0.400000000000E+01
        490   0.460095336081E+07   0.319807436046E+07   0.902325413017E+01   0.400000000000E+01
        569   0.460809911376E+07   0.319500305850E+07   0.900088349227E+01   0.400000000000E+01
        545   0.460692140955E+07   0.319632491482E+07   0.900477146470E+01   0.400000000000E+01
        544   0.460673071231E+07   0.319522845790E+07   0.900457744834E+01   0.400000000000E+01
       1066   0.463413564662E+07   0.319824587722E+07   0.898034131571E+01   0.400000000000E+01
       1006   0.463323841385E+07   0.319821822860E+07   0.897866887705E+01   0.400000000000E+01
       1065   0.463297356651E+07   0.319940269061E+07   0.899175904938E+01   0.400000000000E+01
       1067   0.463543839968E+07   0.319782396984E+07   0.897752374991E+01   0.400000000000E+01
        938   0.463297149573E+07   0.319747871529E+07   0.897518097583E+01   0.400000000000E+01
        883   0.463588048698E+07   0.319325898845E+07   0.896281549134E+01   0.400000000000E+01
        941   0.463690420841E+07   0.319385731234E+07   0.897132534664E+01   0.400000000000E+01
        802   0.463302428789E+07   0.319478721144E+07   0.897598523508E+01   0.400000000000E+01
        780   0.463269321949E+07   0.319284747630E+07   0.898051648683E+01   0.400000000000E+01
       1008   0.463631924901E+07   0.319578018093E+07   0.897339462403E+01   0.400000000000E+01
        882   0.463467247919E+07   0.319491611752E+07   0.897432161705E+01   0.400000000000E+01
        884   0.463775793251E+07   0.319201843574E+07   0.896024844413E+01   0.400000000000E+01
        837   0.463709571814E+07   0.319057400051E+07   0.896635248982E+01   0.400000000000E+01
        806   0.463553208758E+07   0.319020450739E+07   0.896037927383E+01   0.400000000000E+01
        520   0.461050875926E+07   0.317974078246E+07   0.900632001260E+01   0.400000000000E+01
        498   0.461134443241E+07   0.317739194767E+07   0.900963312928E+01   0.400000000000E+01
        517   0.461221817457E+07   0.317770959004E+07   0.900468452683E+01   0.400000000000E+01
        477   0.461082992313E+07   0.317652375871E+07   0.900587915756E+01   0.400000000000E+01
        478   0.461194861129E+07   0.317590289273E+07   0.900515659514E+01   0.400000000000E+01
        493   0.461269188801E+07   0.317593504699E+07   0.900478747971E+01   0.400000000000E+01
        476   0.460988961192E+07   0.317722910006E+07   0.902022350955E+01   0.400000000000E+01
        439   0.460872379886E+07   0.317720637025E+07   0.904054933475E+01   0.400000000000E+01
        419   0.460878362222E+07   0.317655664835E+07   0.901299757649E+01   0.400000000000E+01
        436   0.460757769810E+07   0.317709747511E+07   0.902914458360E+01   0.399652777778E+01
        474   0.460711856959E+07   0.317944998682E+07   0.903449388064E+01   0.400000000000E+01
        459   0.460719892773E+07   0.317847564685E+07   0.904026994175E+01   0.400000000000E+01
        482   0.460201756559E+07   0.318412346730E+07   0.902474967327E+01   0.400000000000E+01
        483   0.460420457849E+07   0.318182871249E+07   0.902793134757E+01   0.399652777778E+01
        473   0.460596771527E+07   0.317965690644E+07   0.901856789115E+01   0.400000000000E+01
        496   0.460752495531E+07   0.318038213276E+07   0.902980842201E+01   0.400000000000E+01
        537   0.461198013318E+07   0.317973246246E+07   0.900240465291E+01   0.400000000000E+01
        565   0.461267993538E+07   0.318172823852E+07   0.899753216420E+01   0.400000000000E+01
        521   0.460869855083E+07   0.318222235267E+07   0.901442468049E+01   0.400000000000E+01
        494   0.461348858233E+07   0.317596414485E+07   0.900011521868E+01   0.400000000000E+01
        484   0.459983954294E+07   0.319057458704E+07   0.902511346917E+01   0.400000000000E+01
        481   0.459917778446E+07   0.318904867046E+07   0.902631192406E+01   0.400000000000E+01
        500   0.460171897777E+07   0.318722131516E+07   0.902570331697E+01   0.400000000000E+01
        480   0.459979754638E+07   0.318639807201E+07   0.902691285256E+01   0.400000000000E+01
        524   0.460333838687E+07   0.319252780641E+07   0.901450267794E+01   0.400000000000E+01
        456   0.459831128122E+07   0.319520163552E+07   0.902287034265E+01   0.400000000000E+01
        528   0.460569104060E+07   0.319734073123E+07   0.900763854216E+01   0.400000000000E+01
        503   0.460113272780E+07   0.319445285456E+07   0.902085540567E+01   0.400000000000E+01
        488   0.460004038173E+07   0.319648464810E+07   0.902497135985E+01   0.400000000000E+01
        485   0.459979325667E+07   0.319575862092E+07   0.902500094279E+01   0.400000000000E+01
        529   0.460635778154E+07   0.319740223965E+07   0.900956660553E+01   0.400000000000E+01
        487   0.460025261034E+07   0.319398604821E+07   0.902285631041E+01   0.400000000000E+01
        472   0.459923845232E+07   0.319535176038E+07   0.902445788417E+01   0.400000000000E+01
        469   0.459832161216E+07   0.319231128249E+07   0.902662023558E+01   0.400000000000E+01
