         110          17
       1592   0.460629004765E+07   0.323548360635E+07   0.901626163529E+01   0.400000000000E+01
       1578   0.460580072650E+07   0.323460091788E+07   0.901587129112E+01   0.400000000000E+01
       1577   0.460700088042E+07   0.323351963249E+07   0.901644188998E+01   0.400000000000E+01
        856   0.465419692154E+07   0.317955513189E+07   0.897475880009E+01   0.400000000000E+01
        857   0.465464346188E+07   0.317911901773E+07   0.897792901714E+01   0.400000000000E+01
        910   0.465443970750E+07   0.318001142403E+07   0.898288181183E+01   0.400000000000E+01
       1611   0.460317132819E+07   0.323884200186E+07   0.901928739364E+01   0.400000000000E+01
       1600   0.460362880806E+07   0.323730075826E+07   0.901913745278E+01   0.400000000000E+01
       1605   0.460421540906E+07   0.323780071651E+07   0.901692694028E+01   0.400000000000E+01
       1560   0.460505477818E+07   0.323463599429E+07   0.901634998489E+01   0.400000000000E+01
       1575   0.460473013628E+07   0.323560751348E+07   0.901619595695E+01   0.400000000000E+01
       1033   0.465333045977E+07   0.318254945764E+07   0.900056614856E+01   0.400000000000E+01
        969   0.465361231410E+07   0.318116119502E+07   0.898777624567E+01   0.399652777778E+01
        970   0.465434723379E+07   0.318106385607E+07   0.897528918540E+01   0.400000000000E+01
       1098   0.465403264108E+07   0.318354962849E+07   0.897435146433E+01   0.399652777778E+01
       1166   0.465260507831E+07   0.318622033952E+07   0.898052172427E+01   0.400000000000E+01
       1097   0.465222708520E+07   0.318462184057E+07   0.898020405840E+01   0.400000000000E+01
        914   0.465507338769E+07   0.318001843225E+07   0.897470873244E+01   0.399652777778E+01
        861   0.465511713255E+07   0.317910463896E+07   0.897649828449E+01   0.400000000000E+01
        967   0.465166511807E+07   0.318248463899E+07   0.902753987157E+01   0.400000000000E+01
       1032   0.465191092838E+07   0.318343281185E+07   0.899491666267E+01   0.399652777778E+01
       1029   0.465078977621E+07   0.318368152512E+07   0.900318471680E+01   0.399652777778E+01
        853   0.465267738115E+07   0.318079416867E+07   0.900882469846E+01   0.400000000000E+01
        854   0.465327965894E+07   0.318037437327E+07   0.898925964299E+01   0.400000000000E+01
        908   0.465306179508E+07   0.318105468465E+07   0.898424076611E+01   0.400000000000E+01
       1620   0.460370232365E+07   0.324082368599E+07   0.901950126171E+01   0.400000000000E+01
       1625   0.460251583794E+07   0.324265805583E+07   0.902049972972E+01   0.400000000000E+01
       1623   0.460226754926E+07   0.324167418186E+07   0.902119780709E+01   0.400000000000E+01
       1593   0.460507499421E+07   0.323669758735E+07   0.901591877678E+01   0.400000000000E+01
       1606   0.460542931055E+07   0.323746405666E+07   0.901550969478E+01   0.400000000000E+01
       1558   0.460824279889E+07   0.323185840249E+07   0.901654265829E+01   0.400000000000E+01
       1570   0.460842424486E+07   0.323252335238E+07   0.901657021703E+01   0.400000000000E+01
       1603   0.460703371603E+07   0.323660904619E+07   0.901578645849E+01   0.400000000000E+01
       1645   0.459937704076E+07   0.324681153998E+07   0.902499596118E+01   0.400000000000E+01
       1643   0.459926544613E+07   0.324621781874E+07   0.902470819252E+01   0.400000000000E+01
       1642   0.459976081606E+07   0.324603098142E+07   0.902395896357E+01   0.400000000000E+01
        862   0.465575255629E+07   0.317932337433E+07   0.897295474911E+01   0.400000000000E+01
        909   0.465377661627E+07   0.318024565885E+07   0.897899056470E+01   0.399652777778E+01
        968   0.465261548956E+07   0.318205943665E+07   0.902613811438E+01   0.399652777778E+01
        976   0.465612600454E+07   0.318041470474E+07   0.897779782821E+01   0.400000000000E+01
       1037   0.465545678455E+07   0.318172299318E+07   0.897876408839E+01   0.400000000000E+01
        975   0.465519087348E+07   0.318084530696E+07   0.897745166190E+01   0.400000000000E+01
       1101   0.465575342005E+07   0.318283525206E+07   0.897616945142E+01   0.400000000000E+01
        907   0.465234298169E+07   0.318135152369E+07   0.906423798820E+01   0.400000000000E+01
       1591   0.460439000184E+07   0.323666328515E+07   0.901701390343E+01   0.400000000000E+01
       1576   0.460400508786E+07   0.323647187548E+07   0.901939316175E+01   0.400000000000E+01
       1579   0.460528398287E+07   0.323573932651E+07   0.901570518089E+01   0.400000000000E+01
       1618   0.460287879629E+07   0.324026119568E+07   0.902027981822E+01   0.400000000000E+01
       1612   0.460203222265E+07   0.324021260865E+07   0.902300682954E+01   0.400000000000E+01
       1613   0.460556933539E+07   0.323907033021E+07   0.901553486011E+01   0.400000000000E+01
       1614   0.460416259619E+07   0.323906634285E+07   0.901736389625E+01   0.400000000000E+01
       1632   0.459999379880E+07   0.324399113617E+07   0.902190403506E+01   0.400000000000E+01
       1631   0.460063307971E+07   0.324398301029E+07   0.902152449415E+01   0.400000000000E+01
       1635   0.459998776704E+07   0.324457691121E+07   0.902212530870E+01   0.400000000000E+01
       1609   0.460616131092E+07   0.324046853091E+07   0.901556325412E+01   0.400000000000E+01
       1604   0.460781802675E+07   0.323809494672E+07   0.901609066622E+01   0.400000000000E+01
       1646   0.459880232420E+07   0.324685099619E+07   0.902588099380E+01   0.400000000000E+01
       1644   0.459875682983E+07   0.324623312022E+07   0.902531388242E+01   0.400000000000E+01
       1640   0.459957046228E+07   0.324544757335E+07   0.902363438934E+01   0.400000000000E+01
       1637   0.459951733570E+07   0.324470078907E+07   0.902253633833E+01   0.400000000000E+01
       1619   0.460172661124E+07   0.324124459547E+07   0.902257020535E+01   0.400000000000E+01
       1602   0.460222594378E+07   0.323926586046E+07   0.902256661946E+01   0.400000000000E+01
       1601   0.460277332054E+07   0.323841208701E+07   0.902059873471E+01   0.400000000000E+01
       1589   0.460933339926E+07   0.323508676032E+07   0.901558561275E+01   0.400000000000E+01
       1588   0.460782879500E+07   0.323445185899E+07   0.901611903117E+01   0.400000000000E+01
       1571   0.460928737154E+07   0.323281275157E+07   0.901540725697E+01   0.400000000000E+01
       1590   0.461065374680E+07   0.323698684748E+07   0.901594049781E+01   0.400000000000E+01
       1597   0.460800704664E+07   0.324056772566E+07   0.901664545820E+01   0.400000000000E+01
       1584   0.461094377779E+07   0.324002449773E+07   0.901562952795E+01   0.400000000000E+01
       1585   0.460787631034E+07   0.324309106181E+07   0.901677546346E+01   0.400000000000E+01
       1629   0.460143855338E+07   0.324381320881E+07   0.902059704525E+01   0.400000000000E+01
       1626   0.460202037083E+07   0.324412462095E+07   0.902035833992E+01   0.400000000000E+01
       1630   0.460121225043E+07   0.324477679192E+07   0.902051798049E+01   0.400000000000E+01
       1627   0.460142974040E+07   0.324291800583E+07   0.902097233655E+01   0.400000000000E+01
       1621   0.460373943676E+07   0.324219189923E+07   0.902053149302E+01   0.400000000000E+01
       1616   0.460481795623E+07   0.324094167841E+07   0.901761339260E+01   0.400000000000E+01
       1639   0.460018213718E+07   0.324616925728E+07   0.902268930115E+01   0.400000000000E+01
       1638   0.460018729682E+07   0.324543764294E+07   0.902239452276E+01   0.400000000000E+01
        863   0.465624885775E+07   0.317914172246E+07   0.897390581791E+01   0.400000000000E+01
        915   0.465576767797E+07   0.317993886651E+07   0.897627480739E+01   0.400000000000E+01
        916   0.465640578231E+07   0.317948781625E+07   0.897559111344E+01   0.400000000000E+01
        977   0.465702095602E+07   0.317953270657E+07   0.897486094364E+01   0.400000000000E+01
       1034   0.465446161596E+07   0.318195387026E+07   0.898336423245E+01   0.400000000000E+01
       1038   0.465690495993E+07   0.318075696182E+07   0.897638255376E+01   0.400000000000E+01
       1167   0.465454208064E+07   0.318493427253E+07   0.897840365942E+01   0.400000000000E+01
       1094   0.465070668074E+07   0.318506923466E+07   0.898087816253E+01   0.399652777778E+01
        855   0.465387429719E+07   0.317942335657E+07   0.897793893397E+01   0.400000000000E+01
        820   0.465443899582E+07   0.317870826192E+07   0.897841027537E+01   0.400000000000E+01
        906   0.465165465914E+07   0.318168105788E+07   0.901356168671E+01   0.399652777778E+01
       1556   0.460408299029E+07   0.323555070707E+07   0.901972701193E+01   0.400000000000E+01
       1539   0.460449318590E+07   0.323442385535E+07   0.901840460030E+01   0.400000000000E+01
       1559   0.460586046511E+07   0.323332059711E+07   0.901601582155E+01   0.400000000000E+01
       1557   0.460723727775E+07   0.323214530408E+07   0.901669152151E+01   0.400000000000E+01
       1628   0.460049063533E+07   0.324328481280E+07   0.902170183854E+01   0.400000000000E+01
       1636   0.460019780089E+07   0.324488521467E+07   0.902180728481E+01   0.400000000000E+01
       1641   0.459913188804E+07   0.324539620641E+07   0.902377315364E+01   0.400000000000E+01
       1633   0.460074488396E+07   0.324467988732E+07   0.902119170168E+01   0.400000000000E+01
       1634   0.460064808804E+07   0.324544582235E+07   0.902146777175E+01   0.400000000000E+01
       1622   0.460291803570E+07   0.324335078009E+07   0.902009262056E+01   0.400000000000E+01
       1624   0.460117900548E+07   0.324213491716E+07   0.902224517523E+01   0.400000000000E+01
       1550   0.460930162156E+07   0.323102511065E+07   0.901519524310E+01   0.400000000000E+01
       1572   0.461095596031E+07   0.323245984780E+07   0.901510889896E+01   0.400000000000E+01
       1615   0.460464846529E+07   0.324250837301E+07   0.901827781633E+01   0.400000000000E+01
       1596   0.460615324512E+07   0.324339588450E+07   0.901634247779E+01   0.400000000000E+01
       1608   0.460588437515E+07   0.324217268567E+07   0.901579300823E+01   0.400000000000E+01
       1607   0.460465401425E+07   0.324379956713E+07   0.901773594642E+01   0.400000000000E+01
       1551   0.461055727097E+07   0.323100751069E+07   0.901345450064E+01   0.400000000000E+01
       1574   0.461243274946E+07   0.323328501966E+07   0.901395390983E+01   0.400000000000E+01
       1617   0.460371720359E+07   0.324329337149E+07   0.902142191816E+01   0.400000000000E+01
       1610   0.460366907740E+07   0.324403897130E+07   0.902090191129E+01   0.400000000000E+01
