         114          17
        453   0.459719425163E+07   0.319317890036E+07   0.902711754497E+01   0.400000000000E+01
        469   0.459832161216E+07   0.319231128249E+07   0.902662023558E+01   0.400000000000E+01
        454   0.459759738095E+07   0.319375633136E+07   0.902602630892E+01   0.400000000000E+01
        414   0.459776047068E+07   0.317964491753E+07   0.902314488685E+01   0.400000000000E+01
        413   0.459611491969E+07   0.317974489056E+07   0.902480754315E+01   0.400000000000E+01
        402   0.459809267633E+07   0.317773987149E+07   0.902373768191E+01   0.400000000000E+01
        468   0.459798231903E+07   0.319139059336E+07   0.902771264605E+01   0.400000000000E+01
        400   0.459743097918E+07   0.317709255419E+07   0.902393330599E+01   0.400000000000E+01
        399   0.459611516537E+07   0.317773632398E+07   0.902339174125E+01   0.400000000000E+01
        392   0.459029051414E+07   0.319059591643E+07   0.903325876207E+01   0.400000000000E+01
        406   0.459121909603E+07   0.318843754137E+07   0.903158017589E+01   0.400000000000E+01
        407   0.459142929592E+07   0.319019180624E+07   0.903311533174E+01   0.400000000000E+01
       1135   0.463515223044E+07   0.319960139118E+07   0.899148385610E+01   0.400000000000E+01
       1067   0.463543839968E+07   0.319782396984E+07   0.897752374991E+01   0.400000000000E+01
       1068   0.463646999162E+07   0.319803117240E+07   0.897832448076E+01   0.400000000000E+01
       1011   0.463733760374E+07   0.319817339894E+07   0.897919442430E+01   0.400000000000E+01
       1073   0.463624488843E+07   0.319943834376E+07   0.898734850831E+01   0.400000000000E+01
       1008   0.463631924901E+07   0.319578018093E+07   0.897339462403E+01   0.400000000000E+01
        946   0.463752524707E+07   0.319518998844E+07   0.897154015922E+01   0.400000000000E+01
       1010   0.463691004474E+07   0.319653704152E+07   0.897493656616E+01   0.400000000000E+01
        941   0.463690420841E+07   0.319385731234E+07   0.897132534664E+01   0.400000000000E+01
        942   0.463746995515E+07   0.319435343683E+07   0.896988555945E+01   0.400000000000E+01
        945   0.463809099671E+07   0.319540631059E+07   0.897365846195E+01   0.400000000000E+01
       1009   0.463766093604E+07   0.319677776671E+07   0.897440664233E+01   0.400000000000E+01
        842   0.463967752798E+07   0.319428540341E+07   0.897558966098E+01   0.400000000000E+01
        889   0.463892784469E+07   0.319494250905E+07   0.897528614931E+01   0.400000000000E+01
        888   0.463896449636E+07   0.319435175461E+07   0.897613067302E+01   0.400000000000E+01
        891   0.463825698823E+07   0.319400971392E+07   0.896805144217E+01   0.400000000000E+01
        885   0.463851320447E+07   0.319284522244E+07   0.896455112291E+01   0.400000000000E+01
        818   0.464140528327E+07   0.319147777172E+07   0.897395177253E+01   0.400000000000E+01
        791   0.464077677499E+07   0.319241234571E+07   0.897592170432E+01   0.400000000000E+01
        792   0.464051081113E+07   0.319203168343E+07   0.897536346920E+01   0.400000000000E+01
        809   0.464012583723E+07   0.319284519488E+07   0.897592575130E+01   0.400000000000E+01
        841   0.463959672468E+07   0.319360686113E+07   0.897642841290E+01   0.400000000000E+01
        811   0.463960155343E+07   0.319287658426E+07   0.897563104059E+01   0.400000000000E+01
        808   0.464123003728E+07   0.319258888770E+07   0.897547899242E+01   0.400000000000E+01
        387   0.459890860002E+07   0.317579624604E+07   0.902172417995E+01   0.400000000000E+01
        385   0.459849296750E+07   0.317525725028E+07   0.902434011374E+01   0.400000000000E+01
        384   0.459727932930E+07   0.317594953719E+07   0.902426421066E+01   0.400000000000E+01
        369   0.459807188658E+07   0.317470190358E+07   0.902399864196E+01   0.400000000000E+01
        412   0.459333111962E+07   0.318244162675E+07   0.902761904301E+01   0.400000000000E+01
        397   0.459329779958E+07   0.317967677830E+07   0.902642675555E+01   0.400000000000E+01
        401   0.459477395773E+07   0.317946573584E+07   0.902477009965E+01   0.400000000000E+01
        383   0.459626960500E+07   0.317639506687E+07   0.902593276754E+01   0.400000000000E+01
        368   0.459705538821E+07   0.317478676612E+07   0.902449854037E+01   0.400000000000E+01
        422   0.459406329520E+07   0.318887071672E+07   0.902958350324E+01   0.400000000000E+01
        409   0.459334677891E+07   0.319072836682E+07   0.902894449747E+01   0.400000000000E+01
        408   0.459244585234E+07   0.319043639396E+07   0.903137058886E+01   0.400000000000E+01
        429   0.459948256341E+07   0.318060107641E+07   0.902384630662E+01   0.400000000000E+01
        427   0.459803447808E+07   0.318107952748E+07   0.902415637719E+01   0.400000000000E+01
        416   0.459977983780E+07   0.317872611789E+07   0.902380483533E+01   0.400000000000E+01
        484   0.459983954294E+07   0.319057458704E+07   0.902511346917E+01   0.400000000000E+01
        393   0.459020574761E+07   0.319189029613E+07   0.903210304825E+01   0.400000000000E+01
        377   0.458928883049E+07   0.319188832575E+07   0.903325003951E+01   0.400000000000E+01
        464   0.459738201511E+07   0.319051713598E+07   0.902803971172E+01   0.400000000000E+01
        481   0.459917778446E+07   0.318904867046E+07   0.902631192406E+01   0.400000000000E+01
        441   0.459566352976E+07   0.318796618604E+07   0.902833638692E+01   0.400000000000E+01
        442   0.459627415365E+07   0.318900858232E+07   0.902616518806E+01   0.400000000000E+01
        423   0.459455604004E+07   0.319031718449E+07   0.902908084471E+01   0.400000000000E+01
        391   0.458958434490E+07   0.318876790735E+07   0.903304698932E+01   0.400000000000E+01
        389   0.458887200363E+07   0.318765928470E+07   0.903468017098E+01   0.400000000000E+01
        405   0.459125629389E+07   0.318606541595E+07   0.903149601849E+01   0.400000000000E+01
        452   0.459698398743E+07   0.319248566904E+07   0.902640578933E+01   0.400000000000E+01
        463   0.459782674765E+07   0.318845575089E+07   0.902582803777E+01   0.400000000000E+01
        443   0.459638257912E+07   0.319047013598E+07   0.902739289256E+01   0.400000000000E+01
        390   0.458949583736E+07   0.319033899803E+07   0.903440092931E+01   0.400000000000E+01
        421   0.459306601548E+07   0.318809179505E+07   0.903079869410E+01   0.400000000000E+01
        394   0.459089086059E+07   0.319209880446E+07   0.903142824572E+01   0.400000000000E+01
        411   0.459420933649E+07   0.319219630837E+07   0.902833707463E+01   0.400000000000E+01
        410   0.459315956912E+07   0.319219500546E+07   0.902468230467E+01   0.400000000000E+01
        359   0.458708430400E+07   0.319195757983E+07   0.903643523767E+01   0.400000000000E+01
        376   0.458836240947E+07   0.319082691677E+07   0.903560463760E+01   0.400000000000E+01
        374   0.458831811645E+07   0.319209519515E+07   0.903319613983E+01   0.400000000000E+01
        810   0.464034398160E+07   0.319328124869E+07   0.897598019580E+01   0.400000000000E+01
        944   0.463866540493E+07   0.319616407901E+07   0.897367532447E+01   0.400000000000E+01
        947   0.463811721257E+07   0.319718932869E+07   0.897124778255E+01   0.400000000000E+01
        948   0.463777488933E+07   0.319845793786E+07   0.898672988391E+01   0.400000000000E+01
       1012   0.463707100851E+07   0.319929083928E+07   0.898556935079E+01   0.400000000000E+01
       1655   0.463511767305E+07   0.319683421801E+07   0.897529509519E+01   0.400000000000E+01
        843   0.463899336185E+07   0.319366240999E+07   0.897867189856E+01   0.400000000000E+01
        890   0.463843627672E+07   0.319441840215E+07   0.897416338033E+01   0.400000000000E+01
        943   0.463846257321E+07   0.319570471519E+07   0.897455817459E+01   0.400000000000E+01
        886   0.463912897661E+07   0.319530317285E+07   0.897496289812E+01   0.400000000000E+01
        887   0.463976314335E+07   0.319509154533E+07   0.897510851207E+01   0.400000000000E+01
        840   0.464063894903E+07   0.319377426239E+07   0.897568776568E+01   0.400000000000E+01
        819   0.464102629524E+07   0.319106178109E+07   0.898333326264E+01   0.400000000000E+01
        428   0.460090609449E+07   0.317922954740E+07   0.902331894663E+01   0.400000000000E+01
        415   0.460183294860E+07   0.317725496911E+07   0.902000684725E+01   0.400000000000E+01
        465   0.460014243413E+07   0.318350111132E+07   0.902606873993E+01   0.400000000000E+01
        446   0.460022394550E+07   0.318139116885E+07   0.902502597311E+01   0.400000000000E+01
        448   0.460155451502E+07   0.318114664116E+07   0.902437352646E+01   0.400000000000E+01
        403   0.459903044061E+07   0.317793173185E+07   0.902308335274E+01   0.400000000000E+01
        388   0.459950856639E+07   0.317623549484E+07   0.902161185247E+01   0.400000000000E+01
        426   0.459578937272E+07   0.318269842073E+07   0.902633383833E+01   0.400000000000E+01
        420   0.459345223217E+07   0.318540715874E+07   0.902876845608E+01   0.400000000000E+01
        445   0.459797799734E+07   0.318327280486E+07   0.902674902922E+01   0.400000000000E+01
        404   0.460031739153E+07   0.317671069324E+07   0.902046392061E+01   0.400000000000E+01
        371   0.459593428196E+07   0.317570102964E+07   0.902366061753E+01   0.400000000000E+01
        386   0.459496939008E+07   0.317745016179E+07   0.902686642911E+01   0.400000000000E+01
        370   0.459502277837E+07   0.317581812224E+07   0.902318168676E+01   0.400000000000E+01
        380   0.459385814963E+07   0.317729547872E+07   0.902559240412E+01   0.400000000000E+01
        462   0.459768295667E+07   0.318616534729E+07   0.902783746040E+01   0.400000000000E+01
        480   0.459979754638E+07   0.318639807201E+07   0.902691285256E+01   0.400000000000E+01
        440   0.459552524732E+07   0.318585051523E+07   0.902889580802E+01   0.400000000000E+01
        396   0.459122445077E+07   0.318168038413E+07   0.903034039460E+01   0.400000000000E+01
        482   0.460201756559E+07   0.318412346730E+07   0.902474967327E+01   0.400000000000E+01
        424   0.459530348712E+07   0.319084727495E+07   0.902849573213E+01   0.400000000000E+01
        425   0.459532294894E+07   0.319201659316E+07   0.902516484220E+01   0.400000000000E+01
        395   0.459225348529E+07   0.319216397858E+07   0.902697738719E+01   0.400000000000E+01
        375   0.458796401163E+07   0.318997832062E+07   0.903530958217E+01   0.400000000000E+01
        444   0.459603526448E+07   0.319180752441E+07   0.902540013632E+01   0.400000000000E+01
        451   0.459664109111E+07   0.319192032108E+07   0.902558099557E+01   0.400000000000E+01
        500   0.460171897777E+07   0.318722131516E+07   0.902570331697E+01   0.400000000000E+01
        398   0.459042631731E+07   0.318464839434E+07   0.903254849608E+01   0.400000000000E+01
