         126          17
        960   0.464501884725E+07   0.318666364965E+07   0.898459673543E+01   0.400000000000E+01
       1026   0.464594085276E+07   0.318667547079E+07   0.901883388253E+01   0.400000000000E+01
       1025   0.464457414775E+07   0.318806102967E+07   0.897653299270E+01   0.400000000000E+01
        899   0.464594072626E+07   0.318448612188E+07   0.896965165174E+01   0.400000000000E+01
        953   0.464687409811E+07   0.318439360630E+07   0.897125247970E+01   0.399652777778E+01
        959   0.464589794259E+07   0.318542468260E+07   0.897963866647E+01   0.399652777778E+01
       1280   0.463160327269E+07   0.320478074468E+07   0.899329434926E+01   0.400000000000E+01
       1246   0.463291047975E+07   0.320456343879E+07   0.898803576757E+01   0.400000000000E+01
       1281   0.463153936394E+07   0.320614049311E+07   0.899150783589E+01   0.400000000000E+01
       1338   0.462943588469E+07   0.320941382160E+07   0.899486453708E+01   0.400000000000E+01
       1376   0.462791656674E+07   0.321098619407E+07   0.899472191561E+01   0.400000000000E+01
       1337   0.462859049977E+07   0.320849249212E+07   0.899152928659E+01   0.400000000000E+01
       1278   0.462964234836E+07   0.320423350716E+07   0.899562842493E+01   0.400000000000E+01
       1243   0.463068037452E+07   0.320362070837E+07   0.899563413484E+01   0.400000000000E+01
       1279   0.463035405917E+07   0.320491371070E+07   0.899591321880E+01   0.400000000000E+01
       1155   0.464326474232E+07   0.319424821121E+07   0.898974104357E+01   0.400000000000E+01
       1086   0.464232387253E+07   0.319430198802E+07   0.898922107714E+01   0.400000000000E+01
       1092   0.464279078955E+07   0.319319393045E+07   0.899111976759E+01   0.400000000000E+01
       1134   0.463395247447E+07   0.319960589335E+07   0.899199901586E+01   0.400000000000E+01
       1135   0.463515223044E+07   0.319960139118E+07   0.899148385610E+01   0.400000000000E+01
       1196   0.463386299945E+07   0.320128333707E+07   0.898967715175E+01   0.400000000000E+01
        957   0.464942136098E+07   0.318347230035E+07   0.901513946663E+01   0.399652777778E+01
        956   0.464873345463E+07   0.318393396549E+07   0.903746225627E+01   0.399652777778E+01
        896   0.464929077114E+07   0.318296945578E+07   0.900215377082E+01   0.400000000000E+01
       1159   0.464437803849E+07   0.319268951715E+07   0.898931604182E+01   0.400000000000E+01
       1158   0.464591219533E+07   0.319031567495E+07   0.899219267456E+01   0.400000000000E+01
       1213   0.464621249239E+07   0.319227662972E+07   0.898633144339E+01   0.400000000000E+01
        967   0.465166511807E+07   0.318248463899E+07   0.902753987157E+01   0.400000000000E+01
        964   0.465079989162E+07   0.318257332616E+07   0.898225541350E+01   0.400000000000E+01
        906   0.465165465914E+07   0.318168105788E+07   0.901356168671E+01   0.399652777778E+01
       1021   0.464999391794E+07   0.318354110823E+07   0.898543822210E+01   0.400000000000E+01
       1029   0.465078977621E+07   0.318368152512E+07   0.900318471680E+01   0.399652777778E+01
       1087   0.464966392518E+07   0.318493678086E+07   0.899460639519E+01   0.399652777778E+01
       1004   0.463106967487E+07   0.320047597128E+07   0.899571991347E+01   0.400000000000E+01
       1064   0.463052063745E+07   0.320151411759E+07   0.899653183987E+01   0.400000000000E+01
       1005   0.463033736864E+07   0.320103247297E+07   0.899672924195E+01   0.400000000000E+01
       1139   0.463476577864E+07   0.320427975717E+07   0.898807802122E+01   0.400000000000E+01
       1198   0.463416063387E+07   0.320390678422E+07   0.898517422103E+01   0.400000000000E+01
       1138   0.463514553178E+07   0.320348799707E+07   0.898577496780E+01   0.400000000000E+01
       1024   0.464901686504E+07   0.318453395008E+07   0.899922804043E+01   0.400000000000E+01
       1094   0.465070668074E+07   0.318506923466E+07   0.898087816253E+01   0.399652777778E+01
       1023   0.464802663417E+07   0.318504373493E+07   0.907038345863E+01   0.400000000000E+01
       1093   0.464411657776E+07   0.319168224484E+07   0.898710173854E+01   0.400000000000E+01
       1091   0.464456864165E+07   0.319026263353E+07   0.898393450047E+01   0.400000000000E+01
       1200   0.463341604155E+07   0.320538939147E+07   0.898478806540E+01   0.400000000000E+01
       1142   0.463405437910E+07   0.320470988823E+07   0.898268252231E+01   0.400000000000E+01
       1199   0.463399715770E+07   0.320273183450E+07   0.898689115199E+01   0.400000000000E+01
       1141   0.463503730589E+07   0.320257879252E+07   0.898637720737E+01   0.400000000000E+01
       1193   0.463119188481E+07   0.320197962408E+07   0.899422338195E+01   0.400000000000E+01
       1195   0.463145863180E+07   0.320261221710E+07   0.899270541397E+01   0.400000000000E+01
       1241   0.463059631107E+07   0.320277790358E+07   0.899706728940E+01   0.400000000000E+01
       1063   0.463128445571E+07   0.320086376282E+07   0.899493495759E+01   0.400000000000E+01
       1247   0.463265275572E+07   0.320599703381E+07   0.898707418170E+01   0.400000000000E+01
        936   0.463045374550E+07   0.320007850021E+07   0.899736646592E+01   0.400000000000E+01
       1002   0.462997288384E+07   0.320110698940E+07   0.899696155186E+01   0.400000000000E+01
       1001   0.462967980047E+07   0.320081778808E+07   0.899744348095E+01   0.400000000000E+01
       1027   0.464384144490E+07   0.318980346714E+07   0.898589941415E+01   0.400000000000E+01
       1028   0.464317555572E+07   0.319171691991E+07   0.898758536224E+01   0.400000000000E+01
       1022   0.464711682179E+07   0.318506449217E+07   0.896937720910E+01   0.400000000000E+01
        954   0.464782142773E+07   0.318348406930E+07   0.896215433544E+01   0.399652777778E+01
        902   0.464232934745E+07   0.318952751628E+07   0.899101829637E+01   0.400000000000E+01
        852   0.464158089542E+07   0.319071157668E+07   0.898580561577E+01   0.400000000000E+01
        850   0.464162673527E+07   0.319007062306E+07   0.898857888186E+01   0.400000000000E+01
        904   0.465118255238E+07   0.318155077619E+07   0.903535809254E+01   0.400000000000E+01
        952   0.465005174197E+07   0.318244557230E+07   0.898656460145E+01   0.400000000000E+01
       1157   0.464730967205E+07   0.318805730075E+07   0.898537212288E+01   0.399652777778E+01
       1090   0.464559762376E+07   0.318853491529E+07   0.899206149205E+01   0.399652777778E+01
       1088   0.464703934373E+07   0.318655752943E+07   0.897630087213E+01   0.400000000000E+01
        955   0.464811122860E+07   0.318401382144E+07   0.899600127722E+01   0.399652777778E+01
        895   0.464872480421E+07   0.318329606000E+07   0.901539495109E+01   0.400000000000E+01
        844   0.464909971849E+07   0.318254546381E+07   0.900013064783E+01   0.399652777778E+01
        958   0.464391975278E+07   0.318730020313E+07   0.898044577144E+01   0.400000000000E+01
        900   0.464470603152E+07   0.318591865113E+07   0.897091723326E+01   0.400000000000E+01
        847   0.464472490710E+07   0.318471634691E+07   0.896271958890E+01   0.400000000000E+01
        898   0.464532088541E+07   0.318490150312E+07   0.896960086240E+01   0.400000000000E+01
       1307   0.462875639128E+07   0.320634106342E+07   0.899584510696E+01   0.400000000000E+01
       1308   0.463012244462E+07   0.320647242386E+07   0.899440640323E+01   0.400000000000E+01
       1212   0.464819216834E+07   0.318954392720E+07   0.898646478382E+01   0.400000000000E+01
       1211   0.464451672817E+07   0.319413423550E+07   0.898963925477E+01   0.400000000000E+01
       1089   0.464834853123E+07   0.318601587338E+07   0.899353943439E+01   0.399652777778E+01
       1156   0.464908467403E+07   0.318683108182E+07   0.900401038880E+01   0.400000000000E+01
       1073   0.463624488843E+07   0.319943834376E+07   0.898734850831E+01   0.400000000000E+01
       1140   0.463521434778E+07   0.320111126567E+07   0.898860040923E+01   0.400000000000E+01
       1066   0.463413564662E+07   0.319824587722E+07   0.898034131571E+01   0.400000000000E+01
       1067   0.463543839968E+07   0.319782396984E+07   0.897752374991E+01   0.400000000000E+01
       1245   0.463279425128E+07   0.320318139076E+07   0.898729478731E+01   0.400000000000E+01
       1197   0.463248325759E+07   0.320226043950E+07   0.898910990662E+01   0.400000000000E+01
       1074   0.463643152173E+07   0.320041381513E+07   0.898651898400E+01   0.400000000000E+01
       1137   0.463306383196E+07   0.320100377141E+07   0.899134557381E+01   0.400000000000E+01
       1136   0.463207841907E+07   0.320155735029E+07   0.899157284018E+01   0.400000000000E+01
       1131   0.463175830118E+07   0.320103823331E+07   0.899364980599E+01   0.400000000000E+01
       1075   0.463600675402E+07   0.320160654692E+07   0.898537835692E+01   0.400000000000E+01
       1244   0.463156620813E+07   0.320358188737E+07   0.899184454597E+01   0.400000000000E+01
       1282   0.463152391838E+07   0.320745158806E+07   0.898953214072E+01   0.400000000000E+01
       1309   0.463037130219E+07   0.320779075699E+07   0.899082887128E+01   0.400000000000E+01
       1312   0.463088432802E+07   0.320897149856E+07   0.899540292737E+01   0.400000000000E+01
       1277   0.462835458939E+07   0.320501435602E+07   0.899614067395E+01   0.400000000000E+01
       1132   0.463098439079E+07   0.320157265509E+07   0.899489827969E+01   0.400000000000E+01
       1133   0.463042421222E+07   0.320224673860E+07   0.899604090838E+01   0.400000000000E+01
       1242   0.463001822979E+07   0.320285356161E+07   0.899755245826E+01   0.400000000000E+01
       1240   0.462926692971E+07   0.320353425192E+07   0.899716183467E+01   0.400000000000E+01
       1069   0.463268310086E+07   0.320046250743E+07   0.899228032818E+01   0.400000000000E+01
        937   0.463065300008E+07   0.320014433392E+07   0.899740790566E+01   0.400000000000E+01
       1062   0.463221568638E+07   0.320005914766E+07   0.899517629586E+01   0.400000000000E+01
       1003   0.463167037770E+07   0.320007076370E+07   0.899514859429E+01   0.400000000000E+01
       1065   0.463297356651E+07   0.319940269061E+07   0.899175904938E+01   0.400000000000E+01
        903   0.464206403500E+07   0.319055194955E+07   0.899699157587E+01   0.400000000000E+01
        819   0.464102629524E+07   0.319106178109E+07   0.898333326264E+01   0.400000000000E+01
       1153   0.464225154147E+07   0.319548666345E+07   0.898715148207E+01   0.400000000000E+01
        963   0.464255671427E+07   0.319130634754E+07   0.898940993712E+01   0.400000000000E+01
        962   0.464287081181E+07   0.319003357829E+07   0.898837472232E+01   0.400000000000E+01
        818   0.464140528327E+07   0.319147777172E+07   0.897395177253E+01   0.400000000000E+01
        961   0.464336928983E+07   0.318875148829E+07   0.898028310897E+01   0.399652777778E+01
        894   0.464845638660E+07   0.318299262149E+07   0.901094491084E+01   0.400000000000E+01
        893   0.464970788221E+07   0.318226757625E+07   0.900137883393E+01   0.400000000000E+01
        897   0.464356454921E+07   0.318617957308E+07   0.897076524450E+01   0.400000000000E+01
        846   0.464428394891E+07   0.318442850249E+07   0.896646830200E+01   0.400000000000E+01
        901   0.464266642268E+07   0.318800355304E+07   0.897882544392E+01   0.400000000000E+01
        851   0.464178816591E+07   0.318922471515E+07   0.898155120573E+01   0.400000000000E+01
        817   0.464093077702E+07   0.319007709385E+07   0.897826969934E+01   0.400000000000E+01
        849   0.464133084725E+07   0.318868405319E+07   0.897200568851E+01   0.400000000000E+01
        848   0.464203987378E+07   0.318695931343E+07   0.897199469508E+01   0.400000000000E+01
        845   0.464313855679E+07   0.318540984228E+07   0.897019616137E+01   0.400000000000E+01
       1335   0.462703808942E+07   0.320850832544E+07   0.899524437360E+01   0.400000000000E+01
       1303   0.462743340750E+07   0.320668217010E+07   0.899707385794E+01   0.400000000000E+01
       1375   0.462660286906E+07   0.321076016638E+07   0.899379296658E+01   0.400000000000E+01
