         120          17
       1169   0.465623885433E+07   0.318452214252E+07   0.897962218120E+01   0.400000000000E+01
       1167   0.465454208064E+07   0.318493427253E+07   0.897840365942E+01   0.400000000000E+01
       1101   0.465575342005E+07   0.318283525206E+07   0.897616945142E+01   0.400000000000E+01
       1037   0.465545678455E+07   0.318172299318E+07   0.897876408839E+01   0.400000000000E+01
       1038   0.465690495993E+07   0.318075696182E+07   0.897638255376E+01   0.400000000000E+01
        978   0.465806296155E+07   0.317918084812E+07   0.897925391090E+01   0.400000000000E+01
        917   0.465862161237E+07   0.317820876372E+07   0.898102637329E+01   0.400000000000E+01
        979   0.465881987337E+07   0.317888058406E+07   0.898019238788E+01   0.400000000000E+01
       1099   0.466001509333E+07   0.317994712931E+07   0.898090718016E+01   0.400000000000E+01
       1168   0.465866474078E+07   0.318261439156E+07   0.897957194672E+01   0.400000000000E+01
       1100   0.465874618690E+07   0.318068135316E+07   0.897918850555E+01   0.400000000000E+01
       1102   0.465730890037E+07   0.318202431723E+07   0.897814192560E+01   0.400000000000E+01
       1261   0.465448471916E+07   0.319151881710E+07   0.898095057153E+01   0.400000000000E+01
       1220   0.465689950502E+07   0.318649692634E+07   0.897866544178E+01   0.400000000000E+01
       1260   0.465835874202E+07   0.318852962586E+07   0.897829610153E+01   0.400000000000E+01
       1501   0.461686326367E+07   0.322258733521E+07   0.901041487051E+01   0.400000000000E+01
       1461   0.461905698666E+07   0.322010554332E+07   0.900561367768E+01   0.400000000000E+01
       1502   0.461911887216E+07   0.322258707752E+07   0.900711764830E+01   0.400000000000E+01
        913   0.466046869962E+07   0.317643977127E+07   0.897975681759E+01   0.400000000000E+01
        859   0.465979295305E+07   0.317668429446E+07   0.898095176374E+01   0.400000000000E+01
        860   0.465991819100E+07   0.317597280625E+07   0.898150903259E+01   0.400000000000E+01
       1535   0.460821615159E+07   0.323080110778E+07   0.901674506395E+01   0.400000000000E+01
       1557   0.460723727775E+07   0.323214530408E+07   0.901669152151E+01   0.400000000000E+01
       1534   0.460749194985E+07   0.323110204810E+07   0.901689392995E+01   0.400000000000E+01
       1444   0.460901806243E+07   0.322845834878E+07   0.901303156972E+01   0.400000000000E+01
       1455   0.461013660410E+07   0.322742531153E+07   0.901282949603E+01   0.400000000000E+01
       1490   0.460957615602E+07   0.322880582646E+07   0.901347109092E+01   0.400000000000E+01
       1555   0.461594428225E+07   0.323004880614E+07   0.900934501751E+01   0.400000000000E+01
       1574   0.461243274946E+07   0.323328501966E+07   0.901395390983E+01   0.400000000000E+01
       1554   0.461294556971E+07   0.322970515958E+07   0.901319440002E+01   0.400000000000E+01
       1533   0.461929496965E+07   0.322583854692E+07   0.900331341638E+01   0.400000000000E+01
       1532   0.461597684231E+07   0.322614160874E+07   0.900862475116E+01   0.400000000000E+01
       1036   0.465951694865E+07   0.317898068690E+07   0.897945382994E+01   0.400000000000E+01
       1039   0.465819613605E+07   0.318008484971E+07   0.897929195527E+01   0.400000000000E+01
        972   0.466192922867E+07   0.317643500985E+07   0.897936571399E+01   0.400000000000E+01
       1031   0.466204165537E+07   0.317760468173E+07   0.897882378933E+01   0.400000000000E+01
       1035   0.466084671085E+07   0.317793722861E+07   0.897926880845E+01   0.400000000000E+01
        912   0.465985235466E+07   0.317719503995E+07   0.898019120690E+01   0.400000000000E+01
        973   0.465938454813E+07   0.317799624097E+07   0.898050906296E+01   0.400000000000E+01
        911   0.465925935669E+07   0.317739601850E+07   0.898087782962E+01   0.400000000000E+01
       1165   0.466088247739E+07   0.318092748527E+07   0.897973888818E+01   0.400000000000E+01
       1096   0.466124513981E+07   0.317896092965E+07   0.897921584935E+01   0.400000000000E+01
       1095   0.466223174912E+07   0.317877339171E+07   0.897908717617E+01   0.400000000000E+01
        858   0.465928206215E+07   0.317678492556E+07   0.898154858989E+01   0.400000000000E+01
        971   0.466108565954E+07   0.317640474641E+07   0.897959914241E+01   0.400000000000E+01
       1219   0.465377831103E+07   0.318801738590E+07   0.898098053269E+01   0.400000000000E+01
       1166   0.465260507831E+07   0.318622033952E+07   0.898052172427E+01   0.400000000000E+01
       1468   0.460561372704E+07   0.323138457014E+07   0.901685423216E+01   0.400000000000E+01
       1508   0.460550627044E+07   0.323205319678E+07   0.901659940747E+01   0.400000000000E+01
       1509   0.460496649058E+07   0.323220651580E+07   0.901868794553E+01   0.400000000000E+01
       1536   0.460598750877E+07   0.323214916343E+07   0.901623596710E+01   0.400000000000E+01
       1537   0.460490248489E+07   0.323313809166E+07   0.901758818968E+01   0.400000000000E+01
       1559   0.460586046511E+07   0.323332059711E+07   0.901601582155E+01   0.400000000000E+01
       1500   0.461470033822E+07   0.322441879024E+07   0.901240661643E+01   0.400000000000E+01
       1459   0.461538030348E+07   0.322179185197E+07   0.901133711392E+01   0.400000000000E+01
       1465   0.460825854942E+07   0.322948467096E+07   0.901693692369E+01   0.400000000000E+01
       1505   0.460816847077E+07   0.323015874906E+07   0.901698500348E+01   0.400000000000E+01
       1504   0.460764894310E+07   0.323036693533E+07   0.901774631989E+01   0.400000000000E+01
       1458   0.461383803205E+07   0.322331624106E+07   0.901257706513E+01   0.400000000000E+01
       1499   0.461270345731E+07   0.322549316427E+07   0.901304618819E+01   0.400000000000E+01
       1457   0.461239785602E+07   0.322424539501E+07   0.901306578949E+01   0.400000000000E+01
       1414   0.461631488670E+07   0.321989338668E+07   0.900981640731E+01   0.400000000000E+01
       1412   0.461508112463E+07   0.322043403407E+07   0.901110265476E+01   0.400000000000E+01
       1466   0.460878592238E+07   0.322932097313E+07   0.901523264310E+01   0.400000000000E+01
       1539   0.460449318590E+07   0.323442385535E+07   0.901840460030E+01   0.400000000000E+01
       1364   0.460885467642E+07   0.322719823922E+07   0.901240538865E+01   0.400000000000E+01
       1339   0.460838603648E+07   0.322700642814E+07   0.901502893989E+01   0.400000000000E+01
       1326   0.460908519828E+07   0.322633034493E+07   0.901283622462E+01   0.400000000000E+01
       1531   0.461312285736E+07   0.322710799400E+07   0.901324231512E+01   0.400000000000E+01
       1510   0.460686475539E+07   0.323106140168E+07   0.901626514131E+01   0.400000000000E+01
       1470   0.460671632363E+07   0.323057053023E+07   0.901607959443E+01   0.400000000000E+01
       1471   0.460741586734E+07   0.323000934731E+07   0.901589474800E+01   0.400000000000E+01
       1530   0.461117755922E+07   0.322917809614E+07   0.901259488156E+01   0.400000000000E+01
       1460   0.461730783029E+07   0.322036488165E+07   0.900853814982E+01   0.400000000000E+01
        974   0.466022099793E+07   0.317754759674E+07   0.897921494274E+01   0.400000000000E+01
        864   0.465872247734E+07   0.317745278380E+07   0.898121025415E+01   0.400000000000E+01
        976   0.465612600454E+07   0.318041470474E+07   0.897779782821E+01   0.400000000000E+01
        977   0.465702095602E+07   0.317953270657E+07   0.897486094364E+01   0.400000000000E+01
       1098   0.465403264108E+07   0.318354962849E+07   0.897435146433E+01   0.399652777778E+01
        966   0.466297814703E+07   0.317657812705E+07   0.897749506331E+01   0.400000000000E+01
       1170   0.466203863515E+07   0.318167642091E+07   0.897866913310E+01   0.400000000000E+01
       1218   0.465973165388E+07   0.318412785137E+07   0.897913555108E+01   0.400000000000E+01
       1221   0.466178881052E+07   0.318425362253E+07   0.897840071496E+01   0.400000000000E+01
       1262   0.466161529762E+07   0.318754932039E+07   0.897629770287E+01   0.400000000000E+01
       1293   0.465650333176E+07   0.319500890021E+07   0.898097492833E+01   0.400000000000E+01
       1259   0.465093534584E+07   0.319255619920E+07   0.898348427414E+01   0.400000000000E+01
       1395   0.460868428468E+07   0.322798716673E+07   0.901326944582E+01   0.400000000000E+01
       1420   0.460824546300E+07   0.322886094406E+07   0.901741263133E+01   0.400000000000E+01
       1377   0.460817764289E+07   0.322784190558E+07   0.901810894706E+01   0.400000000000E+01
       1423   0.460687004386E+07   0.322995373246E+07   0.901632415461E+01   0.400000000000E+01
       1421   0.460661786630E+07   0.322961879286E+07   0.901728369827E+01   0.400000000000E+01
       1379   0.460725952306E+07   0.322912124379E+07   0.901659360113E+01   0.400000000000E+01
       1378   0.460703925043E+07   0.322868467407E+07   0.901834096295E+01   0.400000000000E+01
       1469   0.460512338123E+07   0.323147489320E+07   0.901978446420E+01   0.400000000000E+01
       1422   0.460561288339E+07   0.323084568328E+07   0.901807504959E+01   0.400000000000E+01
       1507   0.460616118984E+07   0.323128219804E+07   0.901618733223E+01   0.400000000000E+01
       1467   0.460619302662E+07   0.323055196793E+07   0.901666473784E+01   0.400000000000E+01
       1506   0.460871082371E+07   0.322998106367E+07   0.901607646003E+01   0.400000000000E+01
       1577   0.460700088042E+07   0.323351963249E+07   0.901644188998E+01   0.400000000000E+01
       1560   0.460505477818E+07   0.323463599429E+07   0.901634998489E+01   0.400000000000E+01
       1538   0.460667484078E+07   0.323194379425E+07   0.901642158665E+01   0.400000000000E+01
       1525   0.460913244690E+07   0.323013509274E+07   0.901519949358E+01   0.400000000000E+01
       1464   0.460771581777E+07   0.322964988781E+07   0.902072227488E+01   0.400000000000E+01
       1558   0.460824279889E+07   0.323185840249E+07   0.901654265829E+01   0.400000000000E+01
       1524   0.461009201465E+07   0.322928289659E+07   0.901306949844E+01   0.400000000000E+01
       1551   0.461055727097E+07   0.323100751069E+07   0.901345450064E+01   0.400000000000E+01
       1571   0.460928737154E+07   0.323281275157E+07   0.901540725697E+01   0.400000000000E+01
       1550   0.460930162156E+07   0.323102511065E+07   0.901519524310E+01   0.400000000000E+01
       1498   0.461113571785E+07   0.322754653027E+07   0.901262059066E+01   0.400000000000E+01
       1572   0.461095596031E+07   0.323245984780E+07   0.901510889896E+01   0.400000000000E+01
       1456   0.461132362947E+07   0.322579863815E+07   0.901314945539E+01   0.400000000000E+01
       1411   0.461341052514E+07   0.322248893047E+07   0.901290574824E+01   0.400000000000E+01
       1413   0.461432599364E+07   0.322151371147E+07   0.901214720513E+01   0.400000000000E+01
       1408   0.461031689155E+07   0.322615831912E+07   0.901326136387E+01   0.400000000000E+01
       1407   0.460943068526E+07   0.322735321377E+07   0.901245272804E+01   0.400000000000E+01
       1409   0.461106892307E+07   0.322443852730E+07   0.901347101611E+01   0.400000000000E+01
       1366   0.460992142957E+07   0.322574960294E+07   0.901350755079E+01   0.400000000000E+01
       1365   0.460948271613E+07   0.322662208028E+07   0.901280144709E+01   0.400000000000E+01
       1410   0.461238416235E+07   0.322321387320E+07   0.901343346267E+01   0.400000000000E+01
       1424   0.460731931581E+07   0.322958010826E+07   0.901641371466E+01   0.400000000000E+01
