         113          17
       1389   0.460452190864E+07   0.326018645064E+07   0.902046143695E+01   0.400000000000E+01
       1390   0.460265273746E+07   0.325887048087E+07   0.901892523764E+01   0.400000000000E+01
       1439   0.460574779657E+07   0.325537324701E+07   0.901798808354E+01   0.400000000000E+01
       1494   0.462865566403E+07   0.322786021384E+07   0.900455535495E+01   0.400000000000E+01
       1527   0.462525045578E+07   0.322654661004E+07   0.900385071319E+01   0.400000000000E+01
       1493   0.463028422542E+07   0.322253007461E+07   0.900183301374E+01   0.400000000000E+01
       1520   0.460971085455E+07   0.324895142859E+07   0.902044170231E+01   0.400000000000E+01
       1486   0.460708783171E+07   0.325183269437E+07   0.901771799395E+01   0.400000000000E+01
       1521   0.460758514417E+07   0.324920634819E+07   0.901696249984E+01   0.400000000000E+01
       1495   0.462697427780E+07   0.323292163223E+07   0.900916163563E+01   0.400000000000E+01
       1496   0.462319743730E+07   0.323694493201E+07   0.901232517791E+01   0.400000000000E+01
       1528   0.462313207573E+07   0.323216498990E+07   0.900959502624E+01   0.400000000000E+01
        922   0.466711454502E+07   0.317624794042E+07   0.898418136520E+01   0.400000000000E+01
        921   0.466779433690E+07   0.317535449352E+07   0.898364686678E+01   0.400000000000E+01
        984   0.466769405542E+07   0.317614661576E+07   0.898396507440E+01   0.400000000000E+01
        924   0.466858032602E+07   0.317506999270E+07   0.898332416115E+01   0.400000000000E+01
        871   0.466840332504E+07   0.317432217181E+07   0.898343560083E+01   0.400000000000E+01
        923   0.466976314204E+07   0.317356217003E+07   0.898361249994E+01   0.400000000000E+01
        869   0.466723572984E+07   0.317565788256E+07   0.898410275785E+01   0.400000000000E+01
        821   0.466537419110E+07   0.317457937349E+07   0.897697384128E+01   0.400000000000E+01
        822   0.466479685460E+07   0.317463948362E+07   0.897785328027E+01   0.400000000000E+01
        794   0.466526387303E+07   0.317396844485E+07   0.897786267301E+01   0.400000000000E+01
        865   0.466489228754E+07   0.317523269293E+07   0.897701301863E+01   0.400000000000E+01
        986   0.466922540586E+07   0.317526358890E+07   0.898239394976E+01   0.400000000000E+01
        988   0.466825519485E+07   0.317630173920E+07   0.898271767346E+01   0.400000000000E+01
       1046   0.466896558196E+07   0.317677145939E+07   0.898262500131E+01   0.400000000000E+01
       1047   0.466778620023E+07   0.317742415457E+07   0.898183757948E+01   0.400000000000E+01
       1450   0.463320404298E+07   0.322411422953E+07   0.900271609532E+01   0.400000000000E+01
        760   0.466681243304E+07   0.317295084839E+07   0.897713628146E+01   0.400000000000E+01
        777   0.466643957699E+07   0.317360853965E+07   0.897680922972E+01   0.400000000000E+01
        775   0.466612732821E+07   0.317330001698E+07   0.897734708746E+01   0.400000000000E+01
       1555   0.461594428225E+07   0.323004880614E+07   0.900934501751E+01   0.400000000000E+01
       1533   0.461929496965E+07   0.322583854692E+07   0.900331341638E+01   0.400000000000E+01
       1552   0.461986760159E+07   0.323013008807E+07   0.901039005654E+01   0.400000000000E+01
       1526   0.462336802568E+07   0.322406919090E+07   0.899969207157E+01   0.400000000000E+01
       1584   0.461094377779E+07   0.324002449773E+07   0.901562952795E+01   0.400000000000E+01
       1567   0.460908547905E+07   0.324411655420E+07   0.901664921892E+01   0.400000000000E+01
       1585   0.460787631034E+07   0.324309106181E+07   0.901677546346E+01   0.400000000000E+01
       1476   0.461744948725E+07   0.324299648449E+07   0.901579194411E+01   0.400000000000E+01
       1513   0.461792509028E+07   0.324057546715E+07   0.901640139056E+01   0.400000000000E+01
       1497   0.461998326326E+07   0.324042286680E+07   0.901499583477E+01   0.400000000000E+01
       1516   0.461222148132E+07   0.324731949601E+07   0.901550073287E+01   0.400000000000E+01
       1484   0.461105134161E+07   0.324965340252E+07   0.901732712309E+01   0.400000000000E+01
       1403   0.463815732560E+07   0.322158686804E+07   0.900073661079E+01   0.400000000000E+01
       1451   0.463265823251E+07   0.322949010488E+07   0.900492316831E+01   0.400000000000E+01
       1546   0.460740756984E+07   0.324719292821E+07   0.901657408039E+01   0.400000000000E+01
       1547   0.460950117264E+07   0.324640074332E+07   0.901754059793E+01   0.400000000000E+01
       1477   0.461554055360E+07   0.324478512872E+07   0.901707824266E+01   0.400000000000E+01
       1514   0.461576949684E+07   0.324266581115E+07   0.901712010259E+01   0.400000000000E+01
       1544   0.461172976202E+07   0.324556220347E+07   0.901564898564E+01   0.400000000000E+01
       1565   0.461159240402E+07   0.324284093629E+07   0.901609401425E+01   0.400000000000E+01
       1543   0.461392424148E+07   0.324246023935E+07   0.901578739331E+01   0.400000000000E+01
       1529   0.461998297380E+07   0.323715815381E+07   0.901420119610E+01   0.400000000000E+01
       1515   0.461384566997E+07   0.324492843982E+07   0.901398875647E+01   0.400000000000E+01
       1440   0.460452727951E+07   0.325370923917E+07   0.901772527608E+01   0.400000000000E+01
       1483   0.460902588796E+07   0.325233133260E+07   0.901777660339E+01   0.400000000000E+01
       1324   0.461629947284E+07   0.325043981056E+07   0.901457944947E+01   0.400000000000E+01
       1363   0.461895141683E+07   0.324906135711E+07   0.901414763310E+01   0.400000000000E+01
       1325   0.461626036452E+07   0.325288657034E+07   0.901426332488E+01   0.400000000000E+01
       1362   0.461769190682E+07   0.324803052112E+07   0.901504123985E+01   0.400000000000E+01
       1361   0.461617771780E+07   0.324851496371E+07   0.901651492244E+01   0.400000000000E+01
       1404   0.461750617341E+07   0.324626988799E+07   0.901704025914E+01   0.400000000000E+01
        987   0.467036330700E+07   0.317470102315E+07   0.898048750458E+01   0.400000000000E+01
       1108   0.466791092805E+07   0.317832293943E+07   0.898081451950E+01   0.400000000000E+01
       1044   0.466725474831E+07   0.317716943905E+07   0.898274863518E+01   0.400000000000E+01
        985   0.466698138309E+07   0.317688656087E+07   0.898418954912E+01   0.400000000000E+01
        823   0.466552734037E+07   0.317510057984E+07   0.897612138264E+01   0.400000000000E+01
        824   0.466616993243E+07   0.317492094427E+07   0.897557825973E+01   0.400000000000E+01
        867   0.466565175710E+07   0.317572840929E+07   0.897526859421E+01   0.400000000000E+01
        827   0.466801937898E+07   0.317366525754E+07   0.898477740730E+01   0.400000000000E+01
        870   0.466910395410E+07   0.317310728086E+07   0.898365249204E+01   0.400000000000E+01
        868   0.466726626733E+07   0.317491498475E+07   0.898446714067E+01   0.400000000000E+01
        825   0.466723610929E+07   0.317354159992E+07   0.898521617398E+01   0.400000000000E+01
        826   0.466815136324E+07   0.317246913254E+07   0.898520616585E+01   0.400000000000E+01
        793   0.466583919689E+07   0.317398120156E+07   0.897705276509E+01   0.400000000000E+01
        795   0.466600068219E+07   0.317438678721E+07   0.897637579027E+01   0.400000000000E+01
        796   0.466659748123E+07   0.317408736611E+07   0.897583154244E+01   0.400000000000E+01
        759   0.466679693702E+07   0.317244648862E+07   0.897751944137E+01   0.400000000000E+01
        776   0.466615699517E+07   0.317262884076E+07   0.897782273405E+01   0.400000000000E+01
       1573   0.461469704338E+07   0.323497176079E+07   0.901561627271E+01   0.400000000000E+01
       1564   0.461423676569E+07   0.323907953478E+07   0.901647487634E+01   0.400000000000E+01
       1590   0.461065374680E+07   0.323698684748E+07   0.901594049781E+01   0.400000000000E+01
       1383   0.461487496885E+07   0.324778941078E+07   0.901937139415E+01   0.400000000000E+01
       1431   0.461528711825E+07   0.324646128231E+07   0.901851337743E+01   0.400000000000E+01
       1382   0.461600937236E+07   0.324709831628E+07   0.901828022147E+01   0.400000000000E+01
       1542   0.461654975333E+07   0.323951400933E+07   0.901732734304E+01   0.400000000000E+01
       1574   0.461243274946E+07   0.323328501966E+07   0.901395390983E+01   0.400000000000E+01
       1553   0.461817499053E+07   0.323528944699E+07   0.901341248778E+01   0.400000000000E+01
       1428   0.461678630283E+07   0.324522018147E+07   0.901743452373E+01   0.400000000000E+01
       1454   0.462216345023E+07   0.324109175725E+07   0.901516758967E+01   0.400000000000E+01
       1452   0.462714129776E+07   0.323738923040E+07   0.901356142199E+01   0.400000000000E+01
       1453   0.461897051256E+07   0.324352405122E+07   0.901604528651E+01   0.400000000000E+01
       1406   0.462234284027E+07   0.324423654444E+07   0.901598752906E+01   0.400000000000E+01
       1405   0.461953377831E+07   0.324549251853E+07   0.901569537899E+01   0.400000000000E+01
       1381   0.461506922181E+07   0.324863596291E+07   0.901750773697E+01   0.400000000000E+01
       1380   0.461405029233E+07   0.324989848403E+07   0.901693563925E+01   0.400000000000E+01
       1430   0.461435956200E+07   0.324834142296E+07   0.901474746767E+01   0.400000000000E+01
       1343   0.461480583090E+07   0.325045597936E+07   0.901600061618E+01   0.400000000000E+01
       1479   0.461399100703E+07   0.324667950498E+07   0.901468406982E+01   0.400000000000E+01
       1478   0.461315184723E+07   0.324857882067E+07   0.901301923615E+01   0.400000000000E+01
       1429   0.461315029752E+07   0.324986986712E+07   0.901373674257E+01   0.400000000000E+01
       1432   0.461442933641E+07   0.324759514778E+07   0.901488214977E+01   0.400000000000E+01
       1437   0.461160215620E+07   0.325100480973E+07   0.901536967823E+01   0.400000000000E+01
       1342   0.461408828580E+07   0.325307104334E+07   0.901541865320E+01   0.400000000000E+01
       1387   0.461278592017E+07   0.325189391611E+07   0.901470599388E+01   0.400000000000E+01
       1341   0.461321118268E+07   0.325720899656E+07   0.901539977422E+01   0.400000000000E+01
       1436   0.461064627494E+07   0.325330799567E+07   0.901467586732E+01   0.400000000000E+01
       1386   0.461144750028E+07   0.325508296103E+07   0.901893134712E+01   0.400000000000E+01
       1435   0.460821718628E+07   0.325600025289E+07   0.901716418930E+01   0.400000000000E+01
       1485   0.460547283273E+07   0.325142044895E+07   0.901702285290E+01   0.400000000000E+01
       1392   0.460304551633E+07   0.325619772358E+07   0.901820685470E+01   0.400000000000E+01
       1345   0.460887867436E+07   0.326311189168E+07   0.902251549263E+01   0.400000000000E+01
       1385   0.460888352532E+07   0.325884874010E+07   0.901985288131E+01   0.400000000000E+01
