         118          17
       1074   0.463643152173E+07   0.320041381513E+07   0.898651898400E+01   0.400000000000E+01
       1013   0.463726553191E+07   0.319996351200E+07   0.898471246307E+01   0.400000000000E+01
       1014   0.463690539152E+07   0.320093256009E+07   0.898411061450E+01   0.400000000000E+01
       1081   0.463568052716E+07   0.320444238203E+07   0.898951541097E+01   0.400000000000E+01
       1071   0.463519951960E+07   0.320429396694E+07   0.899084085473E+01   0.400000000000E+01
       1070   0.463571495144E+07   0.320362467648E+07   0.898972347747E+01   0.400000000000E+01
       1290   0.464245705023E+07   0.320196044459E+07   0.898917203813E+01   0.400000000000E+01
       1258   0.464025574724E+07   0.320223036318E+07   0.898813603842E+01   0.400000000000E+01
       1257   0.464196017013E+07   0.320014549567E+07   0.898986773061E+01   0.400000000000E+01
       1162   0.463867546851E+07   0.320100530325E+07   0.898917441880E+01   0.400000000000E+01
       1207   0.463824464961E+07   0.320232781871E+07   0.898946998781E+01   0.400000000000E+01
       1150   0.463775945843E+07   0.320206650308E+07   0.899517485825E+01   0.400000000000E+01
       1415   0.461760571784E+07   0.321884071909E+07   0.900862008255E+01   0.400000000000E+01
       1414   0.461631488670E+07   0.321989338668E+07   0.900981640731E+01   0.400000000000E+01
       1368   0.461689276474E+07   0.321855994909E+07   0.900932631364E+01   0.400000000000E+01
       1160   0.464083190133E+07   0.319837272033E+07   0.898885107912E+01   0.400000000000E+01
       1215   0.464041640506E+07   0.320020503142E+07   0.898793492086E+01   0.400000000000E+01
       1161   0.463995476635E+07   0.319938212201E+07   0.898929254303E+01   0.400000000000E+01
       1206   0.463680502509E+07   0.320442942272E+07   0.899578641820E+01   0.400000000000E+01
       1251   0.463635703807E+07   0.320565235121E+07   0.899796443053E+01   0.400000000000E+01
       1205   0.463610396515E+07   0.320507469090E+07   0.899973347290E+01   0.400000000000E+01
       1163   0.463936999976E+07   0.320038163071E+07   0.898768127442E+01   0.400000000000E+01
       1076   0.463583862354E+07   0.320267205199E+07   0.898342126946E+01   0.400000000000E+01
       1020   0.463631765014E+07   0.320294499547E+07   0.898736291725E+01   0.400000000000E+01
       1019   0.463661762797E+07   0.320199740011E+07   0.898129415010E+01   0.400000000000E+01
       1075   0.463600675402E+07   0.320160654692E+07   0.898537835692E+01   0.400000000000E+01
       1017   0.463504640881E+07   0.320493650148E+07   0.898876930463E+01   0.400000000000E+01
       1369   0.461771091308E+07   0.321789678262E+07   0.900881990930E+01   0.400000000000E+01
       1328   0.461736782830E+07   0.321759578386E+07   0.900938575029E+01   0.400000000000E+01
       1329   0.461815091054E+07   0.321702422475E+07   0.900904389522E+01   0.400000000000E+01
       1292   0.465077759585E+07   0.319739003002E+07   0.898420775512E+01   0.400000000000E+01
       1289   0.464756892606E+07   0.319639142180E+07   0.898626169241E+01   0.400000000000E+01
       1259   0.465093534584E+07   0.319255619920E+07   0.898348427414E+01   0.400000000000E+01
       1322   0.464748455171E+07   0.320357619690E+07   0.898839736353E+01   0.400000000000E+01
       1323   0.465160240310E+07   0.320214204316E+07   0.898665433968E+01   0.400000000000E+01
       1359   0.464648437519E+07   0.320956473689E+07   0.899228931876E+01   0.400000000000E+01
       1261   0.465448471916E+07   0.319151881710E+07   0.898095057153E+01   0.400000000000E+01
       1216   0.463925334115E+07   0.320159419253E+07   0.898773154172E+01   0.400000000000E+01
       1287   0.463865557988E+07   0.320471444183E+07   0.899003840967E+01   0.400000000000E+01
       1291   0.464030351309E+07   0.320425634669E+07   0.898916573099E+01   0.400000000000E+01
       1319   0.463865446173E+07   0.320706463028E+07   0.899129725729E+01   0.400000000000E+01
       1208   0.463760894715E+07   0.320350282688E+07   0.899131437008E+01   0.400000000000E+01
       1253   0.463862444043E+07   0.320318669861E+07   0.898851257823E+01   0.400000000000E+01
       1320   0.464559792376E+07   0.320147062726E+07   0.898835489588E+01   0.400000000000E+01
       1402   0.464010498139E+07   0.321393110925E+07   0.899677868301E+01   0.400000000000E+01
       1358   0.464344201442E+07   0.320743485058E+07   0.899210028377E+01   0.400000000000E+01
       1249   0.463456499978E+07   0.320788608214E+07   0.900103024840E+01   0.400000000000E+01
       1202   0.463414079258E+07   0.320767870054E+07   0.900176055628E+01   0.400000000000E+01
       1203   0.463484290760E+07   0.320695364794E+07   0.900122624742E+01   0.400000000000E+01
       1250   0.463558879461E+07   0.320686079117E+07   0.899981347691E+01   0.400000000000E+01
       1286   0.463693887879E+07   0.320657818490E+07   0.899372055470E+01   0.400000000000E+01
       1285   0.463540696613E+07   0.320819210408E+07   0.899955659904E+01   0.400000000000E+01
       1321   0.464175193424E+07   0.320531617599E+07   0.899128445592E+01   0.400000000000E+01
       1145   0.463421060937E+07   0.320706867696E+07   0.900186950767E+01   0.400000000000E+01
       1201   0.463368480730E+07   0.320774259323E+07   0.900255093239E+01   0.400000000000E+01
       1084   0.463694147095E+07   0.320256371347E+07   0.899156987422E+01   0.400000000000E+01
       1085   0.463666040837E+07   0.320331518855E+07   0.899414967886E+01   0.400000000000E+01
       1147   0.463470080151E+07   0.320647600318E+07   0.900193371888E+01   0.400000000000E+01
       1146   0.463480799361E+07   0.320583073365E+07   0.900203417486E+01   0.400000000000E+01
       1204   0.463542503222E+07   0.320597026660E+07   0.900107848334E+01   0.400000000000E+01
       1318   0.463639244741E+07   0.320876472402E+07   0.899476722981E+01   0.400000000000E+01
       1317   0.463464884357E+07   0.321001596060E+07   0.900022079575E+01   0.400000000000E+01
       1252   0.463750410571E+07   0.320469726343E+07   0.899227321004E+01   0.400000000000E+01
       1214   0.464163308189E+07   0.319891858374E+07   0.898926589303E+01   0.400000000000E+01
       1209   0.464223683706E+07   0.319749264127E+07   0.899025186584E+01   0.400000000000E+01
       1254   0.464331108453E+07   0.319770345229E+07   0.898846300112E+01   0.400000000000E+01
       1083   0.463727803457E+07   0.320187260260E+07   0.898787584270E+01   0.400000000000E+01
       1018   0.463734161194E+07   0.320129351981E+07   0.897885918158E+01   0.400000000000E+01
       1138   0.463514553178E+07   0.320348799707E+07   0.898577496780E+01   0.400000000000E+01
       1151   0.463733514436E+07   0.320292634205E+07   0.899350235216E+01   0.400000000000E+01
       1152   0.463687816508E+07   0.320370690392E+07   0.899475209764E+01   0.400000000000E+01
       1082   0.463611487449E+07   0.320372320141E+07   0.899259454366E+01   0.400000000000E+01
       1141   0.463503730589E+07   0.320257879252E+07   0.898637720737E+01   0.400000000000E+01
       1248   0.463350855479E+07   0.320869014682E+07   0.900274581849E+01   0.400000000000E+01
       1140   0.463521434778E+07   0.320111126567E+07   0.898860040923E+01   0.400000000000E+01
        951   0.463772878714E+07   0.320024143543E+07   0.898253680620E+01   0.400000000000E+01
       1327   0.461665066580E+07   0.321795482084E+07   0.901007863363E+01   0.400000000000E+01
       1295   0.461772013964E+07   0.321684720740E+07   0.900951729667E+01   0.400000000000E+01
       1449   0.463530257768E+07   0.321867013415E+07   0.900038088061E+01   0.400000000000E+01
       1403   0.463815732560E+07   0.322158686804E+07   0.900073661079E+01   0.400000000000E+01
       1293   0.465650333176E+07   0.319500890021E+07   0.898097492833E+01   0.400000000000E+01
       1288   0.464447052320E+07   0.319879507361E+07   0.898811037570E+01   0.400000000000E+01
       1360   0.464224126274E+07   0.321569948268E+07   0.899679378175E+01   0.400000000000E+01
       1357   0.463964008619E+07   0.320961601056E+07   0.899353954309E+01   0.400000000000E+01
       1401   0.463621450817E+07   0.321380039262E+07   0.899768960009E+01   0.400000000000E+01
       1356   0.463723342320E+07   0.321002926316E+07   0.899412326968E+01   0.400000000000E+01
       1283   0.463315900745E+07   0.320981585224E+07   0.899937618775E+01   0.400000000000E+01
       1284   0.463416099127E+07   0.320898865258E+07   0.900050309844E+01   0.400000000000E+01
       1316   0.463324875797E+07   0.321076114375E+07   0.899870717411E+01   0.400000000000E+01
       1255   0.464534414590E+07   0.319543025313E+07   0.898625001506E+01   0.400000000000E+01
       1148   0.463563761350E+07   0.320497420514E+07   0.900308726602E+01   0.400000000000E+01
       1149   0.463625076999E+07   0.320419108276E+07   0.899897811537E+01   0.400000000000E+01
       1143   0.463372902069E+07   0.320714424047E+07   0.900253061094E+01   0.400000000000E+01
       1144   0.463318219248E+07   0.320795515155E+07   0.900317875446E+01   0.400000000000E+01
       1080   0.463420504008E+07   0.320646442969E+07   0.900222680222E+01   0.400000000000E+01
       1078   0.463324196857E+07   0.320728137440E+07   0.900364549418E+01   0.400000000000E+01
       1077   0.463372250949E+07   0.320645547287E+07   0.900267743839E+01   0.400000000000E+01
       1154   0.464189125898E+07   0.319675565474E+07   0.898795791562E+01   0.400000000000E+01
       1210   0.464327652776E+07   0.319587785637E+07   0.899098466684E+01   0.400000000000E+01
        949   0.463766602409E+07   0.319914974971E+07   0.898493892937E+01   0.400000000000E+01
        950   0.463800185830E+07   0.319938999487E+07   0.898395145668E+01   0.400000000000E+01
        948   0.463777488933E+07   0.319845793786E+07   0.898672988391E+01   0.400000000000E+01
       1012   0.463707100851E+07   0.319929083928E+07   0.898556935079E+01   0.400000000000E+01
        892   0.463822336225E+07   0.319858524050E+07   0.898486583052E+01   0.400000000000E+01
       1073   0.463624488843E+07   0.319943834376E+07   0.898734850831E+01   0.400000000000E+01
       1139   0.463476577864E+07   0.320427975717E+07   0.898807802122E+01   0.400000000000E+01
       1072   0.463449892918E+07   0.320505290747E+07   0.899540142522E+01   0.400000000000E+01
       1079   0.463425278606E+07   0.320576529745E+07   0.900266855262E+01   0.400000000000E+01
       1015   0.463321216459E+07   0.320649160723E+07   0.900456667789E+01   0.400000000000E+01
       1016   0.463380001487E+07   0.320561788638E+07   0.900372145828E+01   0.400000000000E+01
       1367   0.461596300978E+07   0.321897340947E+07   0.901055124506E+01   0.400000000000E+01
       1412   0.461508112463E+07   0.322043403407E+07   0.901110265476E+01   0.400000000000E+01
       1297   0.461837044651E+07   0.321624664543E+07   0.900868061321E+01   0.400000000000E+01
       1294   0.461721896790E+07   0.321715153427E+07   0.901002551219E+01   0.400000000000E+01
       1330   0.461909207141E+07   0.321611892480E+07   0.900688987440E+01   0.400000000000E+01
       1370   0.461858597979E+07   0.321745065292E+07   0.900776255522E+01   0.400000000000E+01
       1460   0.461730783029E+07   0.322036488165E+07   0.900853814982E+01   0.400000000000E+01
       1416   0.461886021291E+07   0.321847588785E+07   0.900672372220E+01   0.400000000000E+01
