         103          17
        355   0.458598461835E+07   0.318895142205E+07   0.904374171004E+01   0.400000000000E+01
        340   0.458527857686E+07   0.318899769553E+07   0.904731810501E+01   0.400000000000E+01
        354   0.458589589574E+07   0.318782995792E+07   0.904608180327E+01   0.400000000000E+01
        332   0.459295539972E+07   0.317397982103E+07   0.902894770886E+01   0.400000000000E+01
        350   0.459369226030E+07   0.317507735214E+07   0.902623412020E+01   0.400000000000E+01
        349   0.459228471304E+07   0.317595876420E+07   0.902702524466E+01   0.400000000000E+01
        323   0.458473571843E+07   0.318913762308E+07   0.904465293358E+01   0.400000000000E+01
        324   0.458453645828E+07   0.318976116127E+07   0.904984673187E+01   0.400000000000E+01
        338   0.458503673448E+07   0.318834788522E+07   0.904589298392E+01   0.400000000000E+01
        299   0.458642548526E+07   0.317468681367E+07   0.903077371232E+01   0.400000000000E+01
        288   0.458583209569E+07   0.317410367667E+07   0.903318446135E+01   0.400000000000E+01
        289   0.458682838109E+07   0.317340202668E+07   0.903417955417E+01   0.400000000000E+01
        348   0.459144210689E+07   0.317523938198E+07   0.902826371920E+01   0.400000000000E+01
        330   0.459074706705E+07   0.317427425069E+07   0.902872525178E+01   0.400000000000E+01
        331   0.459208417150E+07   0.317333502554E+07   0.903052357575E+01   0.400000000000E+01
        333   0.458384849707E+07   0.318255335157E+07   0.903894644975E+01   0.400000000000E+01
        316   0.458176665317E+07   0.318471013415E+07   0.904388221275E+01   0.400000000000E+01
        315   0.458172774639E+07   0.318217942653E+07   0.903884382952E+01   0.400000000000E+01
        347   0.458989715798E+07   0.317639993147E+07   0.902833452045E+01   0.400000000000E+01
        304   0.458033372587E+07   0.318675398881E+07   0.904326301388E+01   0.400000000000E+01
        303   0.457998835413E+07   0.318523775139E+07   0.904469032222E+01   0.400000000000E+01
        342   0.458526663006E+07   0.319108882929E+07   0.904458661345E+01   0.400000000000E+01
        356   0.458617150381E+07   0.318983195960E+07   0.904267661031E+01   0.400000000000E+01
        357   0.458617286052E+07   0.319081340054E+07   0.904390680389E+01   0.400000000000E+01
        339   0.458498690486E+07   0.318988769695E+07   0.904662448841E+01   0.400000000000E+01
        363   0.459310777085E+07   0.317671495824E+07   0.902637083038E+01   0.400000000000E+01
        358   0.458667307101E+07   0.319125119297E+07   0.903911702973E+01   0.400000000000E+01
        375   0.458796401163E+07   0.318997832062E+07   0.903530958217E+01   0.400000000000E+01
        359   0.458708430400E+07   0.319195757983E+07   0.903643523767E+01   0.400000000000E+01
        302   0.457922000418E+07   0.318413634663E+07   0.904123198424E+01   0.400000000000E+01
       1651   0.457800604310E+07   0.318682239932E+07   0.904657997444E+01   0.400000000000E+01
        309   0.458531212247E+07   0.317706114696E+07   0.903297150658E+01   0.400000000000E+01
        310   0.458681946708E+07   0.317592644077E+07   0.902983643252E+01   0.400000000000E+01
        273   0.458652999650E+07   0.317273538227E+07   0.903319525352E+01   0.400000000000E+01
        361   0.459070339321E+07   0.317741783670E+07   0.902845813687E+01   0.400000000000E+01
        365   0.458724095216E+07   0.318378622704E+07   0.903725733392E+01   0.400000000000E+01
        351   0.458551139834E+07   0.318339835300E+07   0.903828214448E+01   0.400000000000E+01
       1653   0.458788044277E+07   0.318136110548E+07   0.903390078644E+01   0.400000000000E+01
        328   0.458801114782E+07   0.317606598465E+07   0.903031195873E+01   0.400000000000E+01
        329   0.458942130317E+07   0.317516318248E+07   0.902878863074E+01   0.400000000000E+01
        346   0.458820485200E+07   0.317748940930E+07   0.903115322201E+01   0.400000000000E+01
        364   0.459457296455E+07   0.317528945343E+07   0.902409299948E+01   0.400000000000E+01
        380   0.459385814963E+07   0.317729547872E+07   0.902559240412E+01   0.400000000000E+01
        370   0.459502277837E+07   0.317581812224E+07   0.902318168676E+01   0.400000000000E+01
        344   0.458611369250E+07   0.319141710966E+07   0.904176683850E+01   0.400000000000E+01
        343   0.458545959870E+07   0.319153241944E+07   0.904487029176E+01   0.400000000000E+01
        341   0.458534741096E+07   0.319023410437E+07   0.904269032055E+01   0.400000000000E+01
        322   0.458428911222E+07   0.319049836547E+07   0.905136450497E+01   0.400000000000E+01
        319   0.458326475731E+07   0.318778196299E+07   0.904918258112E+01   0.400000000000E+01
        307   0.458209673576E+07   0.318891901205E+07   0.904602206872E+01   0.400000000000E+01
        318   0.458245591856E+07   0.318730498409E+07   0.904708382362E+01   0.400000000000E+01
        281   0.457672015543E+07   0.318798164869E+07   0.905029094199E+01   0.400000000000E+01
        280   0.457648045496E+07   0.318714399008E+07   0.904680047148E+01   0.400000000000E+01
        345   0.458644159877E+07   0.318027728053E+07   0.903447534599E+01   0.400000000000E+01
        327   0.458651219559E+07   0.317786126191E+07   0.903393753388E+01   0.400000000000E+01
        372   0.458724052000E+07   0.318835216728E+07   0.904109362247E+01   0.400000000000E+01
        373   0.458718944471E+07   0.318963490083E+07   0.904026985088E+01   0.400000000000E+01
        353   0.458546853128E+07   0.318708656297E+07   0.904370864004E+01   0.400000000000E+01
        366   0.458690227668E+07   0.318595912669E+07   0.903953268605E+01   0.400000000000E+01
        389   0.458887200363E+07   0.318765928470E+07   0.903468017098E+01   0.400000000000E+01
        321   0.458415562086E+07   0.318912066437E+07   0.904373357950E+01   0.400000000000E+01
        326   0.458444728800E+07   0.317983540211E+07   0.903676272257E+01   0.400000000000E+01
        360   0.458891596668E+07   0.317890217010E+07   0.903069501245E+01   0.400000000000E+01
        378   0.459028529383E+07   0.317984554366E+07   0.903014745380E+01   0.400000000000E+01
        362   0.459172308076E+07   0.317778004576E+07   0.902712298060E+01   0.400000000000E+01
        301   0.457992427267E+07   0.318104537624E+07   0.903496876897E+01   0.400000000000E+01
        308   0.458287978913E+07   0.317876828519E+07   0.903355892413E+01   0.400000000000E+01
        325   0.458447408593E+07   0.319101237836E+07   0.904664267942E+01   0.400000000000E+01
        314   0.459152305854E+07   0.317262898597E+07   0.903115708486E+01   0.400000000000E+01
        313   0.459027028311E+07   0.317307082207E+07   0.902872471812E+01   0.400000000000E+01
        379   0.459223965013E+07   0.317891229697E+07   0.902628633262E+01   0.400000000000E+01
        298   0.458475258526E+07   0.317595146902E+07   0.903279397782E+01   0.400000000000E+01
        287   0.458475588087E+07   0.317457283744E+07   0.903468022439E+01   0.400000000000E+01
        311   0.458795046617E+07   0.317499303904E+07   0.902885696377E+01   0.400000000000E+01
        312   0.458908566875E+07   0.317422421882E+07   0.902865631271E+01   0.400000000000E+01
        272   0.458576510832E+07   0.317323603898E+07   0.903345043277E+01   0.400000000000E+01
        300   0.458726109248E+07   0.317454457188E+07   0.902958468812E+01   0.400000000000E+01
       1654   0.458912238665E+07   0.318214160581E+07   0.903370591267E+01   0.400000000000E+01
        397   0.459329779958E+07   0.317967677830E+07   0.902642675555E+01   0.400000000000E+01
        412   0.459333111962E+07   0.318244162675E+07   0.902761904301E+01   0.400000000000E+01
        398   0.459042631731E+07   0.318464839434E+07   0.903254849608E+01   0.400000000000E+01
        396   0.459122445077E+07   0.318168038413E+07   0.903034039460E+01   0.400000000000E+01
        352   0.458560375419E+07   0.318555129291E+07   0.904084453994E+01   0.400000000000E+01
        334   0.458324603825E+07   0.318507799533E+07   0.904500378634E+01   0.400000000000E+01
        317   0.458146972325E+07   0.318692771446E+07   0.904505415590E+01   0.400000000000E+01
        336   0.458435590627E+07   0.318731713741E+07   0.904691718763E+01   0.400000000000E+01
        335   0.458411096260E+07   0.318597603921E+07   0.904583756912E+01   0.400000000000E+01
        382   0.458826413974E+07   0.318630136680E+07   0.903675935643E+01   0.400000000000E+01
        367   0.458687409235E+07   0.318745815851E+07   0.904153752141E+01   0.400000000000E+01
        391   0.458958434490E+07   0.318876790735E+07   0.903304698932E+01   0.400000000000E+01
        381   0.458885289726E+07   0.318415020180E+07   0.903584147852E+01   0.400000000000E+01
        405   0.459125629389E+07   0.318606541595E+07   0.903149601849E+01   0.400000000000E+01
        337   0.458448720574E+07   0.318817591908E+07   0.904494014450E+01   0.400000000000E+01
        297   0.458329841680E+07   0.317626057396E+07   0.903273846283E+01   0.400000000000E+01
        320   0.458329088458E+07   0.318917594834E+07   0.904938950798E+01   0.400000000000E+01
        282   0.457696513824E+07   0.318877752060E+07   0.904814424117E+01   0.400000000000E+01
        306   0.458089845732E+07   0.318903773550E+07   0.905077169091E+01   0.400000000000E+01
        283   0.457788056355E+07   0.318868194185E+07   0.904525899766E+01   0.400000000000E+01
        294   0.457900940821E+07   0.318717592796E+07   0.904551939477E+01   0.400000000000E+01
        295   0.457920918101E+07   0.318831828052E+07   0.904347183661E+01   0.400000000000E+01
        305   0.458014540545E+07   0.318847165582E+07   0.904366552986E+01   0.400000000000E+01
        293   0.457759201206E+07   0.318565502666E+07   0.904295242108E+01   0.400000000000E+01
        376   0.458836240947E+07   0.319082691677E+07   0.903560463760E+01   0.400000000000E+01
