         109          17
        629   0.461869262832E+07   0.318177107465E+07   0.898334579640E+01   0.400000000000E+01
        609   0.461606312089E+07   0.318323567471E+07   0.898548957255E+01   0.400000000000E+01
        600   0.461771607854E+07   0.318018424336E+07   0.898669227702E+01   0.400000000000E+01
        535   0.461583614639E+07   0.317628363820E+07   0.899512147351E+01   0.400000000000E+01
        513   0.461536194138E+07   0.317529394330E+07   0.900437269859E+01   0.400000000000E+01
        514   0.461622538316E+07   0.317501939237E+07   0.899914336408E+01   0.400000000000E+01
        602   0.462346843555E+07   0.317539816016E+07   0.897979405617E+01   0.400000000000E+01
        630   0.462288013289E+07   0.317737152588E+07   0.897850066982E+01   0.400000000000E+01
        601   0.462247084728E+07   0.317607908203E+07   0.897773882419E+01   0.400000000000E+01
        607   0.462661950553E+07   0.317387368668E+07   0.897207202930E+01   0.400000000000E+01
        606   0.462535867456E+07   0.317521629873E+07   0.897538736278E+01   0.400000000000E+01
        584   0.462527982225E+07   0.317372293701E+07   0.897948663929E+01   0.400000000000E+01
        531   0.462112303315E+07   0.317506754891E+07   0.897722746805E+01   0.400000000000E+01
        533   0.462096030569E+07   0.317565413172E+07   0.897729779487E+01   0.400000000000E+01
        511   0.462048012512E+07   0.317552982608E+07   0.898225575149E+01   0.400000000000E+01
        638   0.461619873383E+07   0.319112537279E+07   0.896866939362E+01   0.400000000000E+01
        667   0.461907719159E+07   0.318718966341E+07   0.896892089940E+01   0.400000000000E+01
        668   0.461855126722E+07   0.319115418787E+07   0.896877216340E+01   0.400000000000E+01
        576   0.462221988369E+07   0.317512431733E+07   0.897978625437E+01   0.400000000000E+01
        560   0.462146797528E+07   0.317567791683E+07   0.897879710207E+01   0.400000000000E+01
        554   0.462160153638E+07   0.317499925308E+07   0.897933803858E+01   0.400000000000E+01
        664   0.462265251439E+07   0.318014867503E+07   0.897407316303E+01   0.400000000000E+01
        631   0.462094862467E+07   0.317983467533E+07   0.897873249158E+01   0.400000000000E+01
        639   0.461725612751E+07   0.319399287337E+07   0.897318849046E+01   0.400000000000E+01
        616   0.461599046556E+07   0.319574100637E+07   0.897023864318E+01   0.400000000000E+01
        637   0.461596358746E+07   0.319384700686E+07   0.897100630777E+01   0.400000000000E+01
        636   0.461556379629E+07   0.318887964562E+07   0.897254004599E+01   0.400000000000E+01
        610   0.461415485261E+07   0.318694998527E+07   0.898025886469E+01   0.400000000000E+01
        635   0.461737748493E+07   0.318521359520E+07   0.897760949567E+01   0.400000000000E+01
        590   0.461389119409E+07   0.319724443488E+07   0.898148785081E+01   0.400000000000E+01
        612   0.461417976470E+07   0.319562531097E+07   0.898125912449E+01   0.400000000000E+01
        613   0.461495761100E+07   0.319593962455E+07   0.897615461939E+01   0.400000000000E+01
        603   0.461977362805E+07   0.317887074714E+07   0.898327933740E+01   0.400000000000E+01
        605   0.462426664416E+07   0.317552593176E+07   0.897821214153E+01   0.400000000000E+01
        583   0.462432571528E+07   0.317443346334E+07   0.897930237401E+01   0.400000000000E+01
        581   0.462157969449E+07   0.317633214035E+07   0.897452820556E+01   0.400000000000E+01
        578   0.462396040431E+07   0.317396171136E+07   0.897986938200E+01   0.400000000000E+01
        579   0.461896399631E+07   0.317794449485E+07   0.898717565517E+01   0.400000000000E+01
        575   0.461778352610E+07   0.317815842711E+07   0.899407352542E+01   0.400000000000E+01
        557   0.461903427716E+07   0.317651988153E+07   0.899606394954E+01   0.400000000000E+01
        577   0.462303965056E+07   0.317486315856E+07   0.897938584852E+01   0.400000000000E+01
        556   0.462299029392E+07   0.317399209604E+07   0.898163875314E+01   0.400000000000E+01
        604   0.462146033635E+07   0.317768205497E+07   0.897701573237E+01   0.400000000000E+01
        582   0.462079196674E+07   0.317725598847E+07   0.898321931561E+01   0.400000000000E+01
        632   0.462430195330E+07   0.317732257959E+07   0.897323467965E+01   0.400000000000E+01
        665   0.462478949793E+07   0.317925694089E+07   0.896888112813E+01   0.400000000000E+01
        534   0.461463380481E+07   0.317698939343E+07   0.900022559545E+01   0.400000000000E+01
        494   0.461348858233E+07   0.317596414485E+07   0.900011521868E+01   0.400000000000E+01
        512   0.461450517644E+07   0.317562889365E+07   0.900024443962E+01   0.400000000000E+01
        518   0.461340874506E+07   0.317744971639E+07   0.900371755474E+01   0.400000000000E+01
        594   0.461291230522E+07   0.319449173359E+07   0.898342859689E+01   0.400000000000E+01
        615   0.461440021538E+07   0.319375531250E+07   0.897568663717E+01   0.400000000000E+01
        593   0.461311512034E+07   0.319571209976E+07   0.898713955463E+01   0.400000000000E+01
        552   0.461750054769E+07   0.317703645516E+07   0.899747916057E+01   0.400000000000E+01
        553   0.461848795171E+07   0.317648061756E+07   0.899349607275E+01   0.400000000000E+01
        580   0.462008398187E+07   0.317716941635E+07   0.898864969914E+01   0.400000000000E+01
        559   0.462045990187E+07   0.317611735711E+07   0.898286317732E+01   0.400000000000E+01
        561   0.462087149350E+07   0.317638215508E+07   0.897763829013E+01   0.400000000000E+01
        585   0.461543283633E+07   0.318074500855E+07   0.899297825448E+01   0.400000000000E+01
        562   0.462482159087E+07   0.317335900835E+07   0.898023430906E+01   0.400000000000E+01
        587   0.461070529221E+07   0.318904237966E+07   0.898948045374E+01   0.400000000000E+01
        586   0.461305631150E+07   0.318464861618E+07   0.899110141098E+01   0.400000000000E+01
        570   0.461077363945E+07   0.319609182401E+07   0.899276325039E+01   0.400000000000E+01
        591   0.461169094177E+07   0.319466846900E+07   0.898565333880E+01   0.400000000000E+01
        574   0.461192601706E+07   0.319598269403E+07   0.898940338302E+01   0.400000000000E+01
        569   0.460809911376E+07   0.319500305850E+07   0.900088349227E+01   0.400000000000E+01
        568   0.460826390839E+07   0.319264622861E+07   0.899465123563E+01   0.400000000000E+01
        588   0.460992163273E+07   0.319273098961E+07   0.898892947358E+01   0.400000000000E+01
        663   0.462032495630E+07   0.318305255600E+07   0.897547480963E+01   0.400000000000E+01
        537   0.461198013318E+07   0.317973246246E+07   0.900240465291E+01   0.400000000000E+01
        538   0.461357997349E+07   0.317884179933E+07   0.900077408509E+01   0.400000000000E+01
        565   0.461267993538E+07   0.318172823852E+07   0.899753216420E+01   0.400000000000E+01
        546   0.460736858521E+07   0.319714760506E+07   0.900514438112E+01   0.400000000000E+01
        571   0.460890864259E+07   0.319574609690E+07   0.899982461365E+01   0.400000000000E+01
        547   0.460799488629E+07   0.319721296955E+07   0.900227638169E+01   0.400000000000E+01
        551   0.461154983769E+07   0.319709096087E+07   0.899179940094E+01   0.400000000000E+01
        550   0.461066983274E+07   0.319709396141E+07   0.899188989617E+01   0.400000000000E+01
        692   0.462174750008E+07   0.318771287065E+07   0.896166681446E+01   0.400000000000E+01
        690   0.462298884343E+07   0.318338684715E+07   0.896677154533E+01   0.400000000000E+01
        555   0.462213640174E+07   0.317419845927E+07   0.898088971759E+01   0.400000000000E+01
        633   0.462606543975E+07   0.317618669445E+07   0.897192197635E+01   0.400000000000E+01
        532   0.462153403084E+07   0.317441358959E+07   0.897800787788E+01   0.400000000000E+01
        510   0.462098851350E+07   0.317472181327E+07   0.897892663024E+01   0.400000000000E+01
        536   0.461674076819E+07   0.317660927345E+07   0.899632667216E+01   0.400000000000E+01
        530   0.461809522121E+07   0.317577489073E+07   0.900171900289E+01   0.400000000000E+01
        558   0.461969403081E+07   0.317655415297E+07   0.899543151067E+01   0.400000000000E+01
        515   0.461700686658E+07   0.317504575450E+07   0.899096291654E+01   0.400000000000E+01
        516   0.461772895117E+07   0.317518922333E+07   0.899972570422E+01   0.400000000000E+01
        563   0.461501563039E+07   0.317856979083E+07   0.899952910346E+01   0.400000000000E+01
        564   0.461641420256E+07   0.317832405454E+07   0.900007274050E+01   0.400000000000E+01
        540   0.461031660844E+07   0.318242683173E+07   0.900661307317E+01   0.400000000000E+01
        517   0.461221817457E+07   0.317770959004E+07   0.900468452683E+01   0.400000000000E+01
        566   0.460975480026E+07   0.318607108716E+07   0.900062095795E+01   0.400000000000E+01
        611   0.461248779629E+07   0.319052188169E+07   0.898067982571E+01   0.400000000000E+01
        592   0.461106778106E+07   0.319361784781E+07   0.898492560961E+01   0.400000000000E+01
        572   0.461003734098E+07   0.319574427160E+07   0.899504564484E+01   0.400000000000E+01
        614   0.461349385517E+07   0.319231100497E+07   0.897693087345E+01   0.400000000000E+01
        549   0.460959478441E+07   0.319711581330E+07   0.899775472257E+01   0.400000000000E+01
        548   0.460869674667E+07   0.319745313060E+07   0.900134685376E+01   0.400000000000E+01
        589   0.461310737077E+07   0.319711793756E+07   0.898680908093E+01   0.400000000000E+01
        573   0.461226629055E+07   0.319709159061E+07   0.899261168840E+01   0.400000000000E+01
        598   0.461700146483E+07   0.319690584292E+07   0.897911318199E+01   0.400000000000E+01
        597   0.461615190947E+07   0.319691141836E+07   0.896475234070E+01   0.400000000000E+01
        617   0.461722915352E+07   0.319549910146E+07   0.897231785207E+01   0.400000000000E+01
        596   0.461548901786E+07   0.319705636122E+07   0.896914507908E+01   0.400000000000E+01
        595   0.461471411427E+07   0.319719707312E+07   0.897437166551E+01   0.400000000000E+01
        640   0.461870571470E+07   0.319369010501E+07   0.897267261648E+01   0.400000000000E+01
        545   0.460692140955E+07   0.319632491482E+07   0.900477146470E+01   0.400000000000E+01
        529   0.460635778154E+07   0.319740223965E+07   0.900956660553E+01   0.400000000000E+01
