         120          17
       1213   0.464621249239E+07   0.319227662972E+07   0.898633144339E+01   0.400000000000E+01
       1158   0.464591219533E+07   0.319031567495E+07   0.899219267456E+01   0.400000000000E+01
       1212   0.464819216834E+07   0.318954392720E+07   0.898646478382E+01   0.400000000000E+01
       1210   0.464327652776E+07   0.319587785637E+07   0.899098466684E+01   0.400000000000E+01
       1211   0.464451672817E+07   0.319413423550E+07   0.898963925477E+01   0.400000000000E+01
       1255   0.464534414590E+07   0.319543025313E+07   0.898625001506E+01   0.400000000000E+01
       1240   0.462926692971E+07   0.320353425192E+07   0.899716183467E+01   0.400000000000E+01
       1194   0.462979215505E+07   0.320254108384E+07   0.899804426398E+01   0.400000000000E+01
       1242   0.463001822979E+07   0.320285356161E+07   0.899755245826E+01   0.400000000000E+01
        999   0.462681979966E+07   0.320205413823E+07   0.899712908090E+01   0.400000000000E+01
        997   0.462775947605E+07   0.320100645337E+07   0.899757534986E+01   0.400000000000E+01
       1056   0.462767048172E+07   0.320182336263E+07   0.899663992950E+01   0.400000000000E+01
       1239   0.462855664648E+07   0.320366131332E+07   0.899785143423E+01   0.400000000000E+01
       1192   0.462943878898E+07   0.320249819478E+07   0.899835135816E+01   0.400000000000E+01
       1094   0.465070668074E+07   0.318506923466E+07   0.898087816253E+01   0.399652777778E+01
       1097   0.465222708520E+07   0.318462184057E+07   0.898020405840E+01   0.400000000000E+01
       1164   0.465049658286E+07   0.318700237006E+07   0.897803669807E+01   0.399652777778E+01
       1289   0.464756892606E+07   0.319639142180E+07   0.898626169241E+01   0.400000000000E+01
       1256   0.464810920496E+07   0.319255407283E+07   0.898345820917E+01   0.400000000000E+01
       1259   0.465093534584E+07   0.319255619920E+07   0.898348427414E+01   0.400000000000E+01
       1288   0.464447052320E+07   0.319879507361E+07   0.898811037570E+01   0.400000000000E+01
       1275   0.462536622070E+07   0.320808855112E+07   0.899767350997E+01   0.400000000000E+01
       1235   0.462575399938E+07   0.320722476391E+07   0.899788062035E+01   0.400000000000E+01
       1273   0.462635348646E+07   0.320701018846E+07   0.899814835818E+01   0.400000000000E+01
       1238   0.462757718504E+07   0.320457745248E+07   0.899784118861E+01   0.400000000000E+01
       1231   0.462663779920E+07   0.320535984256E+07   0.899744583324E+01   0.400000000000E+01
       1189   0.462680886736E+07   0.320438207412E+07   0.899738978911E+01   0.400000000000E+01
       1130   0.462914051768E+07   0.320226735943E+07   0.899673674023E+01   0.400000000000E+01
       1129   0.462861838314E+07   0.320232068672E+07   0.899716197742E+01   0.400000000000E+01
       1060   0.462934677677E+07   0.320163283990E+07   0.899696772999E+01   0.400000000000E+01
       1127   0.462802294761E+07   0.320229283899E+07   0.899687577267E+01   0.400000000000E+01
       1057   0.462849976370E+07   0.320109404979E+07   0.899678604559E+01   0.400000000000E+01
        998   0.462862482056E+07   0.320021788258E+07   0.899805369506E+01   0.400000000000E+01
       1153   0.464225154147E+07   0.319548666345E+07   0.898715148207E+01   0.400000000000E+01
       1155   0.464326474232E+07   0.319424821121E+07   0.898974104357E+01   0.400000000000E+01
        874   0.462420115607E+07   0.320385048564E+07   0.900020056773E+01   0.400000000000E+01
        928   0.462502836043E+07   0.320342181724E+07   0.899880815531E+01   0.400000000000E+01
        929   0.462451197368E+07   0.320428459433E+07   0.899947633269E+01   0.400000000000E+01
        832   0.462577026099E+07   0.320070213660E+07   0.899997552269E+01   0.400000000000E+01
        878   0.462636627633E+07   0.320072352494E+07   0.899921452737E+01   0.400000000000E+01
        877   0.462564735450E+07   0.320149686049E+07   0.899957501070E+01   0.400000000000E+01
        932   0.462820598155E+07   0.320010800937E+07   0.899809446590E+01   0.400000000000E+01
        933   0.462879283584E+07   0.319936255925E+07   0.899848867749E+01   0.400000000000E+01
        879   0.462733794253E+07   0.320002545512E+07   0.899856163421E+01   0.400000000000E+01
        931   0.462764527243E+07   0.320040179340E+07   0.899824014693E+01   0.400000000000E+01
        935   0.462698232333E+07   0.320101369678E+07   0.899824739098E+01   0.400000000000E+01
        934   0.462618978806E+07   0.320177083002E+07   0.899863156947E+01   0.400000000000E+01
        994   0.462582953722E+07   0.320289276381E+07   0.899797242845E+01   0.400000000000E+01
        995   0.462530623758E+07   0.320410103089E+07   0.899833577349E+01   0.400000000000E+01
        798   0.462355693588E+07   0.320318269922E+07   0.900227263281E+01   0.400000000000E+01
        797   0.462370092048E+07   0.320249292876E+07   0.900279411532E+01   0.400000000000E+01
        828   0.462445174654E+07   0.320227901010E+07   0.900120101202E+01   0.400000000000E+01
        996   0.462551605349E+07   0.320479718671E+07   0.899791754468E+01   0.400000000000E+01
        993   0.462497578857E+07   0.320502754664E+07   0.899862246559E+01   0.400000000000E+01
        927   0.462541685222E+07   0.320244561377E+07   0.899915091095E+01   0.400000000000E+01
        872   0.462503755073E+07   0.320210408308E+07   0.900016558288E+01   0.400000000000E+01
       1184   0.462593258137E+07   0.320605732727E+07   0.899790510159E+01   0.400000000000E+01
       1188   0.462561928591E+07   0.320682091698E+07   0.899818230113E+01   0.400000000000E+01
       1124   0.462531443766E+07   0.320641208974E+07   0.900249964168E+01   0.400000000000E+01
       1053   0.462503239512E+07   0.320557113558E+07   0.899845757971E+01   0.400000000000E+01
        992   0.462443521224E+07   0.320574529561E+07   0.899879679649E+01   0.400000000000E+01
       1051   0.462383536310E+07   0.320660231104E+07   0.899873966458E+01   0.400000000000E+01
       1052   0.462442183999E+07   0.320631424586E+07   0.899867585827E+01   0.400000000000E+01
       1121   0.462403447857E+07   0.320708895725E+07   0.899961563059E+01   0.400000000000E+01
       1123   0.462482393980E+07   0.320642038302E+07   0.899860109604E+01   0.400000000000E+01
       1125   0.462647851397E+07   0.320382477237E+07   0.899696875987E+01   0.400000000000E+01
       1058   0.462708231556E+07   0.320276135917E+07   0.899658806317E+01   0.400000000000E+01
       1128   0.462726414530E+07   0.320334891112E+07   0.899708503289E+01   0.400000000000E+01
       1187   0.462512536524E+07   0.320665719217E+07   0.899882713073E+01   0.400000000000E+01
       1186   0.462436712628E+07   0.320737070293E+07   0.899959887472E+01   0.400000000000E+01
       1219   0.465377831103E+07   0.318801738590E+07   0.898098053269E+01   0.400000000000E+01
       1217   0.465062037540E+07   0.318933673150E+07   0.898399621237E+01   0.400000000000E+01
       1166   0.465260507831E+07   0.318622033952E+07   0.898052172427E+01   0.400000000000E+01
       1156   0.464908467403E+07   0.318683108182E+07   0.900401038880E+01   0.400000000000E+01
       1087   0.464966392518E+07   0.318493678086E+07   0.899460639519E+01   0.399652777778E+01
       1157   0.464730967205E+07   0.318805730075E+07   0.898537212288E+01   0.399652777778E+01
       1254   0.464331108453E+07   0.319770345229E+07   0.898846300112E+01   0.400000000000E+01
       1159   0.464437803849E+07   0.319268951715E+07   0.898931604182E+01   0.400000000000E+01
       1209   0.464223683706E+07   0.319749264127E+07   0.899025186584E+01   0.400000000000E+01
       1154   0.464189125898E+07   0.319675565474E+07   0.898795791562E+01   0.400000000000E+01
       1089   0.464834853123E+07   0.318601587338E+07   0.899353943439E+01   0.399652777778E+01
       1190   0.462787437565E+07   0.320341090800E+07   0.899751234466E+01   0.400000000000E+01
       1234   0.462513049339E+07   0.320754527187E+07   0.899931359534E+01   0.400000000000E+01
       1278   0.462964234836E+07   0.320423350716E+07   0.899562842493E+01   0.400000000000E+01
       1277   0.462835458939E+07   0.320501435602E+07   0.899614067395E+01   0.400000000000E+01
       1191   0.462873777773E+07   0.320285833813E+07   0.899808932832E+01   0.400000000000E+01
       1304   0.462635997463E+07   0.320788359281E+07   0.899760830793E+01   0.400000000000E+01
       1055   0.462590539981E+07   0.320415851261E+07   0.899705125758E+01   0.400000000000E+01
       1272   0.462714664342E+07   0.320580158506E+07   0.899724596999E+01   0.400000000000E+01
       1061   0.462963056976E+07   0.320206239384E+07   0.899655560902E+01   0.400000000000E+01
       1002   0.462997288384E+07   0.320110698940E+07   0.899696155186E+01   0.400000000000E+01
       1059   0.462893607382E+07   0.320143921765E+07   0.899725123931E+01   0.400000000000E+01
       1000   0.462930993999E+07   0.320055167730E+07   0.899801944413E+01   0.400000000000E+01
       1001   0.462967980047E+07   0.320081778808E+07   0.899744348095E+01   0.400000000000E+01
        876   0.462806697129E+07   0.319965107128E+07   0.899834057613E+01   0.400000000000E+01
        831   0.462505463498E+07   0.320138092159E+07   0.900049882147E+01   0.400000000000E+01
        936   0.463045374550E+07   0.320007850021E+07   0.899736646592E+01   0.400000000000E+01
       1054   0.462622900903E+07   0.320327481658E+07   0.899724324323E+01   0.400000000000E+01
        799   0.462513341839E+07   0.320070832107E+07   0.900100103405E+01   0.400000000000E+01
        873   0.462470726883E+07   0.320289557395E+07   0.900016843458E+01   0.400000000000E+01
        829   0.462412128209E+07   0.320313144368E+07   0.900108153380E+01   0.400000000000E+01
        830   0.462362847023E+07   0.320383341956E+07   0.900135999556E+01   0.400000000000E+01
        930   0.462454004668E+07   0.320498462077E+07   0.899914892276E+01   0.400000000000E+01
       1126   0.462599138010E+07   0.320457523206E+07   0.899931201870E+01   0.400000000000E+01
       1120   0.462523777646E+07   0.320589316729E+07   0.900357523717E+01   0.400000000000E+01
       1183   0.462593196795E+07   0.320539632370E+07   0.899818112923E+01   0.400000000000E+01
        925   0.462402198162E+07   0.320512148052E+07   0.899995727086E+01   0.400000000000E+01
        990   0.462393356741E+07   0.320583077998E+07   0.899930216195E+01   0.400000000000E+01
        875   0.462385855237E+07   0.320466180237E+07   0.900031499699E+01   0.400000000000E+01
        991   0.462333157877E+07   0.320655666982E+07   0.899984629959E+01   0.400000000000E+01
        926   0.462346130230E+07   0.320577194326E+07   0.900033698501E+01   0.400000000000E+01
       1119   0.462559917971E+07   0.320511121822E+07   0.900095057455E+01   0.400000000000E+01
       1122   0.462372486158E+07   0.320788727609E+07   0.899959931053E+01   0.400000000000E+01
       1232   0.462629565604E+07   0.320631034816E+07   0.899767769834E+01   0.400000000000E+01
       1303   0.462743340750E+07   0.320668217010E+07   0.899707385794E+01   0.400000000000E+01
       1307   0.462875639128E+07   0.320634106342E+07   0.899584510696E+01   0.400000000000E+01
       1306   0.462551016981E+07   0.320910426237E+07   0.899651642111E+01   0.400000000000E+01
       1237   0.462453268050E+07   0.320818002979E+07   0.900034308474E+01   0.400000000000E+01
       1276   0.462459130955E+07   0.320907677808E+07   0.899930976174E+01   0.400000000000E+01
       1335   0.462703808942E+07   0.320850832544E+07   0.899524437360E+01   0.400000000000E+01
