         110          17
        179   0.456545624188E+07   0.318082398986E+07   0.906390503558E+01   0.400000000000E+01
        197   0.456789360560E+07   0.317837240406E+07   0.906032481335E+01   0.400000000000E+01
        198   0.456730837696E+07   0.318096446312E+07   0.906323122546E+01   0.400000000000E+01
        201   0.456828702646E+07   0.318213289497E+07   0.906602925064E+01   0.400000000000E+01
        215   0.456981999478E+07   0.317891101446E+07   0.905747703973E+01   0.400000000000E+01
        216   0.457197267003E+07   0.317623143486E+07   0.905335047847E+01   0.400000000000E+01
        204   0.457354749310E+07   0.317382734415E+07   0.905267898153E+01   0.400000000000E+01
        219   0.457377353748E+07   0.317553113258E+07   0.905021189520E+01   0.400000000000E+01
        182   0.456847180766E+07   0.317572956112E+07   0.906025840981E+01   0.400000000000E+01
        178   0.456591740513E+07   0.317797984512E+07   0.906300990940E+01   0.400000000000E+01
        180   0.456560435753E+07   0.318279633459E+07   0.906308779973E+01   0.400000000000E+01
        142   0.456328301229E+07   0.317651555729E+07   0.906592657387E+01   0.400000000000E+01
        158   0.456533854970E+07   0.317599652092E+07   0.906394657851E+01   0.400000000000E+01
        157   0.456367161000E+07   0.317844773321E+07   0.906593089970E+01   0.400000000000E+01
        124   0.456405428201E+07   0.317439330555E+07   0.906581026892E+01   0.400000000000E+01
        143   0.456510772261E+07   0.317452405813E+07   0.906495600022E+01   0.400000000000E+01
        135   0.456615949943E+07   0.317276197389E+07   0.906452150636E+01   0.400000000000E+01
        136   0.456737137936E+07   0.317157076616E+07   0.906226129935E+01   0.400000000000E+01
        152   0.456682600658E+07   0.317345683214E+07   0.906357344915E+01   0.400000000000E+01
        127   0.456052664780E+07   0.318260029763E+07   0.906758950414E+01   0.400000000000E+01
        110   0.455944672091E+07   0.318308435470E+07   0.906821297074E+01   0.400000000000E+01
        126   0.456003599649E+07   0.318148432210E+07   0.906832871263E+01   0.400000000000E+01
        149   0.456353794791E+07   0.318467558919E+07   0.906602522384E+01   0.400000000000E+01
        161   0.456427145553E+07   0.318324549271E+07   0.906311723918E+01   0.400000000000E+01
        162   0.456446193819E+07   0.318443779377E+07   0.906398861659E+01   0.400000000000E+01
        132   0.456311005989E+07   0.318628088313E+07   0.906763909569E+01   0.400000000000E+01
        113   0.456238135725E+07   0.318705836685E+07   0.906944054630E+01   0.400000000000E+01
        114   0.456254814519E+07   0.318629568567E+07   0.906772869669E+01   0.400000000000E+01
        175   0.457383929223E+07   0.317128380270E+07   0.905623531650E+01   0.400000000000E+01
        189   0.457429742857E+07   0.317215323980E+07   0.904928897499E+01   0.400000000000E+01
        188   0.457307566919E+07   0.317255588177E+07   0.905259939568E+01   0.400000000000E+01
        116   0.456660360840E+07   0.317147587650E+07   0.906425599027E+01   0.400000000000E+01
        154   0.456983812354E+07   0.317165557264E+07   0.905992921997E+01   0.400000000000E+01
        163   0.457073047001E+07   0.317175708778E+07   0.905771006049E+01   0.400000000000E+01
        165   0.456919453832E+07   0.317339656977E+07   0.905969670314E+01   0.400000000000E+01
        139   0.457016610400E+07   0.317058639643E+07   0.906028484651E+01   0.400000000000E+01
        138   0.456928074432E+07   0.317112772403E+07   0.906071037565E+01   0.400000000000E+01
        119   0.457008282791E+07   0.316988928774E+07   0.906065597262E+01   0.400000000000E+01
        137   0.456821929358E+07   0.317164008438E+07   0.906135976604E+01   0.400000000000E+01
        117   0.456824211510E+07   0.317045020528E+07   0.906088154644E+01   0.400000000000E+01
        153   0.456840128754E+07   0.317275881036E+07   0.906137298888E+01   0.400000000000E+01
        181   0.457048296540E+07   0.317340705828E+07   0.905833108755E+01   0.400000000000E+01
        115   0.456563187167E+07   0.317226440250E+07   0.906458064598E+01   0.400000000000E+01
        125   0.456512880936E+07   0.317334775652E+07   0.906492330546E+01   0.400000000000E+01
        104   0.456463163440E+07   0.317296222950E+07   0.906538533649E+01   0.400000000000E+01
        200   0.457214984825E+07   0.317432023888E+07   0.905473138466E+01   0.400000000000E+01
        199   0.457032645598E+07   0.317580973267E+07   0.905788156443E+01   0.400000000000E+01
        108   0.455867170690E+07   0.318310750807E+07   0.906869196679E+01   0.400000000000E+01
         94   0.455869486700E+07   0.318412065128E+07   0.906849951404E+01   0.400000000000E+01
        148   0.456286675043E+07   0.318431566049E+07   0.906719545062E+01   0.400000000000E+01
        160   0.456350529906E+07   0.318265497874E+07   0.906446563988E+01   0.400000000000E+01
        107   0.455857295124E+07   0.318206771703E+07   0.906951884176E+01   0.400000000000E+01
       1649   0.456035566393E+07   0.318397683052E+07   0.906740553925E+01   0.400000000000E+01
        109   0.455948261625E+07   0.318397438144E+07   0.906832130155E+01   0.400000000000E+01
        105   0.455939851499E+07   0.318480265444E+07   0.906667125548E+01   0.400000000000E+01
         92   0.455802842387E+07   0.318415323260E+07   0.906874161747E+01   0.400000000000E+01
         73   0.455786005514E+07   0.318498862212E+07   0.906728568732E+01   0.400000000000E+01
         72   0.455717323362E+07   0.318496359606E+07   0.906860410954E+01   0.400000000000E+01
        106   0.455982758144E+07   0.318499471097E+07   0.906665345031E+01   0.400000000000E+01
         93   0.455856038431E+07   0.318508714091E+07   0.906745319008E+01   0.400000000000E+01
        140   0.456368233104E+07   0.318641949385E+07   0.906364963102E+01   0.400000000000E+01
        150   0.456371157094E+07   0.318551456858E+07   0.906481844927E+01   0.400000000000E+01
        131   0.456252776721E+07   0.318549915076E+07   0.906686822874E+01   0.400000000000E+01
        145   0.456187689893E+07   0.318072027851E+07   0.906723576505E+01   0.400000000000E+01
        159   0.456357637427E+07   0.318071283401E+07   0.906714206078E+01   0.400000000000E+01
        146   0.456203845543E+07   0.318412652502E+07   0.906769315908E+01   0.400000000000E+01
        129   0.456122996436E+07   0.318387149194E+07   0.906755302710E+01   0.400000000000E+01
        144   0.456162495356E+07   0.318242013935E+07   0.906724170292E+01   0.400000000000E+01
        167   0.456532540192E+07   0.318449348206E+07   0.906523019229E+01   0.400000000000E+01
        133   0.456310199825E+07   0.318561817064E+07   0.906602766586E+01   0.400000000000E+01
        171   0.456709945599E+07   0.318524692080E+07   0.906369078621E+01   0.400000000000E+01
       1647   0.456692144467E+07   0.318438977580E+07   0.906724852302E+01   0.400000000000E+01
        185   0.456797098388E+07   0.318383522332E+07   0.906770819077E+01   0.400000000000E+01
        168   0.456503216762E+07   0.318567693689E+07   0.906663209426E+01   0.400000000000E+01
       1648   0.456596545762E+07   0.318515624486E+07   0.906767641208E+01   0.400000000000E+01
        169   0.456539050436E+07   0.318642543812E+07   0.906931877667E+01   0.400000000000E+01
        156   0.456424692823E+07   0.318570132754E+07   0.906368123768E+01   0.400000000000E+01
        170   0.456640139553E+07   0.318606590111E+07   0.906462350789E+01   0.400000000000E+01
        118   0.456921721568E+07   0.317014693861E+07   0.906109848842E+01   0.400000000000E+01
        174   0.457302536578E+07   0.317091232465E+07   0.905435707229E+01   0.400000000000E+01
        183   0.457183114631E+07   0.317303087280E+07   0.905462706513E+01   0.400000000000E+01
        190   0.457502244082E+07   0.317241088711E+07   0.905202005490E+01   0.400000000000E+01
        205   0.457471876772E+07   0.317372036170E+07   0.905179380699E+01   0.400000000000E+01
        151   0.457099075382E+07   0.317033210089E+07   0.905947024213E+01   0.400000000000E+01
        134   0.457077176771E+07   0.316980577137E+07   0.906063109875E+01   0.400000000000E+01
        155   0.457184583999E+07   0.317050956500E+07   0.905786371068E+01   0.400000000000E+01
        166   0.457201530044E+07   0.317126882761E+07   0.905560723788E+01   0.400000000000E+01
        164   0.456727605107E+07   0.317498907698E+07   0.906090454592E+01   0.400000000000E+01
        206   0.457581962559E+07   0.317246190600E+07   0.904827405582E+01   0.400000000000E+01
         97   0.456586916774E+07   0.317129749797E+07   0.906501625908E+01   0.400000000000E+01
         96   0.456514250722E+07   0.317201112438E+07   0.906543884384E+01   0.400000000000E+01
        141   0.456160818756E+07   0.317906520921E+07   0.906701601567E+01   0.400000000000E+01
        235   0.457231544525E+07   0.317834403030E+07   0.905193721042E+01   0.400000000000E+01
        121   0.455975855168E+07   0.317991677272E+07   0.906843860268E+01   0.400000000000E+01
        147   0.456241382961E+07   0.318276289246E+07   0.906753759254E+01   0.400000000000E+01
        130   0.456157343421E+07   0.318556807211E+07   0.906680985422E+01   0.400000000000E+01
         95   0.455973865697E+07   0.318575153621E+07   0.906662238486E+01   0.400000000000E+01
         89   0.455929737659E+07   0.318553811882E+07   0.906643742300E+01   0.400000000000E+01
         88   0.455879377495E+07   0.318554046484E+07   0.906654668996E+01   0.400000000000E+01
         91   0.455757977151E+07   0.318379510642E+07   0.906932133590E+01   0.400000000000E+01
        122   0.456111757527E+07   0.317732588704E+07   0.906714237092E+01   0.400000000000E+01
        123   0.456273674152E+07   0.317512986369E+07   0.906591038752E+01   0.400000000000E+01
        111   0.456032125798E+07   0.318504937007E+07   0.906605094947E+01   0.400000000000E+01
         74   0.455908076313E+07   0.318625491231E+07   0.906774908536E+01   0.400000000000E+01
        112   0.456183555907E+07   0.318656379940E+07   0.907243960392E+01   0.400000000000E+01
        128   0.456083731971E+07   0.318502544671E+07   0.906597714569E+01   0.400000000000E+01
        120   0.456290355933E+07   0.318698398518E+07   0.906716766588E+01   0.400000000000E+01
        184   0.456660147927E+07   0.318333472559E+07   0.906498573434E+01   0.400000000000E+01
        217   0.457028583235E+07   0.318093230206E+07   0.905792198786E+01   0.400000000000E+01
        202   0.456918425062E+07   0.318300438837E+07   0.906496727985E+01   0.400000000000E+01
