         108          17
        122   0.456111757527E+07   0.317732588704E+07   0.906714237092E+01   0.400000000000E+01
        102   0.456162788486E+07   0.317519823206E+07   0.906672041096E+01   0.400000000000E+01
        123   0.456273674152E+07   0.317512986369E+07   0.906591038752E+01   0.400000000000E+01
         47   0.455550052678E+07   0.317776538479E+07   0.907179133356E+01   0.400000000000E+01
         39   0.455428105567E+07   0.317781697684E+07   0.907262912041E+01   0.400000000000E+01
         40   0.455537806328E+07   0.317612992141E+07   0.907163446373E+01   0.400000000000E+01
          8   0.454660663406E+07   0.318356116435E+07   0.907583386178E+01   0.400000000000E+01
          1   0.454616222211E+07   0.318354828786E+07   0.907774896282E+01   0.400000000000E+01
          7   0.454668446845E+07   0.318288627145E+07   0.907683274350E+01   0.400000000000E+01
         64   0.455976779603E+07   0.317428602146E+07   0.906832656045E+01   0.400000000000E+01
         81   0.455936470314E+07   0.317566546716E+07   0.906923065071E+01   0.400000000000E+01
         63   0.455840797376E+07   0.317550267103E+07   0.906995694870E+01   0.400000000000E+01
         24   0.455132556773E+07   0.317954800145E+07   0.907380391683E+01   0.400000000000E+01
         25   0.455252611021E+07   0.317763292421E+07   0.907244585496E+01   0.400000000000E+01
         34   0.455289435925E+07   0.317878702102E+07   0.907326372465E+01   0.400000000000E+01
          5   0.454756721239E+07   0.318001273760E+07   0.907689833817E+01   0.400000000000E+01
         10   0.454749894872E+07   0.318089655520E+07   0.907739624436E+01   0.400000000000E+01
          3   0.454685221323E+07   0.318059843515E+07   0.907764482629E+01   0.400000000000E+01
         20   0.454966525631E+07   0.318015678381E+07   0.907422520213E+01   0.400000000000E+01
         23   0.455027029132E+07   0.318158195794E+07   0.907366518795E+01   0.400000000000E+01
         19   0.454861986274E+07   0.318219646696E+07   0.907444950248E+01   0.400000000000E+01
         44   0.455414447856E+07   0.318243030829E+07   0.907211881498E+01   0.400000000000E+01
         37   0.455349900266E+07   0.318369058078E+07   0.907210694003E+01   0.400000000000E+01
         36   0.455307348976E+07   0.318285414983E+07   0.907305353860E+01   0.400000000000E+01
         33   0.455192846813E+07   0.318084245496E+07   0.907285886436E+01   0.400000000000E+01
         42   0.455381447169E+07   0.317968968479E+07   0.907340405540E+01   0.400000000000E+01
         58   0.455544010320E+07   0.317949860996E+07   0.907237339607E+01   0.400000000000E+01
         59   0.455542765173E+07   0.318133970018E+07   0.907182565814E+01   0.400000000000E+01
         60   0.455561765587E+07   0.318279148394E+07   0.907173090408E+01   0.400000000000E+01
         45   0.455454401482E+07   0.318332919537E+07   0.907144414732E+01   0.400000000000E+01
         55   0.455598902989E+07   0.318524171150E+07   0.906880284047E+01   0.400000000000E+01
         54   0.455555788756E+07   0.318496801667E+07   0.906959046294E+01   0.400000000000E+01
         56   0.455630838939E+07   0.318456499398E+07   0.906921981831E+01   0.400000000000E+01
        103   0.456369595335E+07   0.317345699735E+07   0.906560980458E+01   0.400000000000E+01
        124   0.456405428201E+07   0.317439330555E+07   0.906581026892E+01   0.400000000000E+01
         50   0.455939624025E+07   0.317369949652E+07   0.906814824277E+01   0.400000000000E+01
         82   0.456251946722E+07   0.317303729136E+07   0.906545880420E+01   0.400000000000E+01
         68   0.456178168644E+07   0.317332944505E+07   0.906685924020E+01   0.400000000000E+01
         65   0.456226365623E+07   0.317263925355E+07   0.906700963661E+01   0.400000000000E+01
         80   0.455838621953E+07   0.317726714607E+07   0.906950653430E+01   0.400000000000E+01
        100   0.456007583666E+07   0.317634601850E+07   0.906855556913E+01   0.400000000000E+01
         99   0.455887467874E+07   0.317877984933E+07   0.906956414744E+01   0.400000000000E+01
         31   0.455379970789E+07   0.317666917424E+07   0.907182829965E+01   0.400000000000E+01
         83   0.456316363032E+07   0.317249594434E+07   0.906546155322E+01   0.400000000000E+01
         66   0.456288971719E+07   0.317215458550E+07   0.906573982199E+01   0.400000000000E+01
        101   0.456278579446E+07   0.317366876980E+07   0.906519322026E+01   0.400000000000E+01
         85   0.456199078833E+07   0.317391718400E+07   0.906595493835E+01   0.400000000000E+01
         86   0.456352334303E+07   0.317261381051E+07   0.906545849641E+01   0.400000000000E+01
         87   0.456443990520E+07   0.317215414539E+07   0.906569231257E+01   0.400000000000E+01
         69   0.455641759659E+07   0.318379794959E+07   0.907041237135E+01   0.400000000000E+01
         43   0.455409304137E+07   0.318120967494E+07   0.907327232097E+01   0.400000000000E+01
         41   0.455655341485E+07   0.317404503328E+07   0.907140468049E+01   0.400000000000E+01
         48   0.455690894593E+07   0.317568808089E+07   0.907121331195E+01   0.400000000000E+01
         61   0.456059253219E+07   0.317356079471E+07   0.906851064622E+01   0.400000000000E+01
         79   0.456033589363E+07   0.317469519733E+07   0.906873174651E+01   0.400000000000E+01
         38   0.455366293011E+07   0.318453468210E+07   0.907091210537E+01   0.400000000000E+01
        107   0.455857295124E+07   0.318206771703E+07   0.906951884176E+01   0.400000000000E+01
        121   0.455975855168E+07   0.317991677272E+07   0.906843860268E+01   0.400000000000E+01
        126   0.456003599649E+07   0.318148432210E+07   0.906832871263E+01   0.400000000000E+01
         12   0.454809804963E+07   0.317906081482E+07   0.907684500816E+01   0.400000000000E+01
         17   0.454932866727E+07   0.317861230951E+07   0.907559532105E+01   0.400000000000E+01
         11   0.454825348371E+07   0.317970689157E+07   0.907675696088E+01   0.400000000000E+01
         29   0.455277406312E+07   0.318404725195E+07   0.907286271810E+01   0.400000000000E+01
         28   0.455217110895E+07   0.318400735435E+07   0.907282503443E+01   0.400000000000E+01
         16   0.454864601771E+07   0.318015641583E+07   0.907658297597E+01   0.400000000000E+01
         15   0.454813929883E+07   0.318138095727E+07   0.907712127006E+01   0.400000000000E+01
         13   0.454742087633E+07   0.318251721213E+07   0.907720268466E+01   0.400000000000E+01
         14   0.454721970261E+07   0.318345828760E+07   0.907496259462E+01   0.400000000000E+01
          4   0.454639112671E+07   0.318180024918E+07   0.907848674491E+01   0.400000000000E+01
          9   0.454702928255E+07   0.318200676971E+07   0.907796231527E+01   0.400000000000E+01
          2   0.454611158386E+07   0.318291289011E+07   0.907836369426E+01   0.400000000000E+01
         22   0.454920963995E+07   0.318341368351E+07   0.907415544023E+01   0.400000000000E+01
         30   0.455315051020E+07   0.318469386894E+07   0.907145017746E+01   0.400000000000E+01
         78   0.455701566503E+07   0.318087370733E+07   0.907118858293E+01   0.400000000000E+01
         76   0.455675938286E+07   0.318245203297E+07   0.907060339009E+01   0.400000000000E+01
         91   0.455757977151E+07   0.318379510642E+07   0.906932133590E+01   0.400000000000E+01
        108   0.455867170690E+07   0.318310750807E+07   0.906869196679E+01   0.400000000000E+01
         90   0.455738048151E+07   0.318285548458E+07   0.907022228825E+01   0.400000000000E+01
         96   0.456514250722E+07   0.317201112438E+07   0.906543884384E+01   0.400000000000E+01
        115   0.456563187167E+07   0.317226440250E+07   0.906458064598E+01   0.400000000000E+01
        104   0.456463163440E+07   0.317296222950E+07   0.906538533649E+01   0.400000000000E+01
         75   0.456513472639E+07   0.317131676314E+07   0.906562717194E+01   0.400000000000E+01
         97   0.456586916774E+07   0.317129749797E+07   0.906501625908E+01   0.400000000000E+01
         67   0.456116517145E+07   0.317353168322E+07   0.906773054336E+01   0.400000000000E+01
         84   0.456113437971E+07   0.317455890701E+07   0.906752142759E+01   0.400000000000E+01
         53   0.456177223235E+07   0.317241921096E+07   0.906738859482E+01   0.400000000000E+01
        125   0.456512880936E+07   0.317334775652E+07   0.906492330546E+01   0.400000000000E+01
         98   0.455811991092E+07   0.318107067985E+07   0.906999774537E+01   0.400000000000E+01
        141   0.456160818756E+07   0.317906520921E+07   0.906701601567E+01   0.400000000000E+01
         62   0.455697484518E+07   0.317744396210E+07   0.907108885500E+01   0.400000000000E+01
         57   0.455575004453E+07   0.318379424220E+07   0.907084211442E+01   0.400000000000E+01
         46   0.455470883021E+07   0.318465190976E+07   0.907049804838E+01   0.400000000000E+01
         77   0.455702807952E+07   0.317924508081E+07   0.907134861718E+01   0.400000000000E+01
        142   0.456328301229E+07   0.317651555729E+07   0.906592657387E+01   0.400000000000E+01
         52   0.456115768410E+07   0.317276234746E+07   0.906728600174E+01   0.400000000000E+01
         51   0.456042046824E+07   0.317276485986E+07   0.906798387664E+01   0.400000000000E+01
         49   0.455839160914E+07   0.317404660676E+07   0.906976005311E+01   0.400000000000E+01
         32   0.455495565023E+07   0.317505626720E+07   0.907132006588E+01   0.400000000000E+01
         21   0.455096100064E+07   0.317809430563E+07   0.907301472212E+01   0.400000000000E+01
         27   0.455190039814E+07   0.318324376391E+07   0.907252947098E+01   0.400000000000E+01
         35   0.455260884551E+07   0.318176246421E+07   0.907302826739E+01   0.400000000000E+01
         26   0.455078740067E+07   0.318321930072E+07   0.907258742772E+01   0.400000000000E+01
          6   0.454732152291E+07   0.317952756752E+07   0.907728350784E+01   0.400000000000E+01
         18   0.454808985885E+07   0.318349426676E+07   0.907325599138E+01   0.400000000000E+01
         71   0.455691420401E+07   0.318398840228E+07   0.906949196325E+01   0.400000000000E+01
         70   0.455671054855E+07   0.318494250216E+07   0.906838964245E+01   0.400000000000E+01
         72   0.455717323362E+07   0.318496359606E+07   0.906860410954E+01   0.400000000000E+01
         92   0.455802842387E+07   0.318415323260E+07   0.906874161747E+01   0.400000000000E+01
