         108          17
        266   0.458049498803E+07   0.317404184832E+07   0.903856801845E+01   0.400000000000E+01
        247   0.458050358076E+07   0.317225330237E+07   0.904197700702E+01   0.400000000000E+01
        248   0.458161576404E+07   0.317225583822E+07   0.904020132494E+01   0.400000000000E+01
        276   0.457513459671E+07   0.318387854460E+07   0.904580567321E+01   0.400000000000E+01
        291   0.457732644624E+07   0.318223296248E+07   0.903814003507E+01   0.400000000000E+01
        278   0.457612065493E+07   0.318447856826E+07   0.904540135465E+01   0.400000000000E+01
        263   0.457462019636E+07   0.318552879217E+07   0.904804562417E+01   0.400000000000E+01
        244   0.457364687758E+07   0.318640870583E+07   0.904637813167E+01   0.400000000000E+01
        260   0.457337515398E+07   0.318556917281E+07   0.904983069782E+01   0.400000000000E+01
        245   0.457421797213E+07   0.318679057163E+07   0.905151545779E+01   0.400000000000E+01
        292   0.457783736883E+07   0.318376153360E+07   0.903895750716E+01   0.400000000000E+01
        302   0.457922000418E+07   0.318413634663E+07   0.904123198424E+01   0.400000000000E+01
        293   0.457759201206E+07   0.318565502666E+07   0.904295242108E+01   0.400000000000E+01
        271   0.458502579245E+07   0.317345282134E+07   0.903440036843E+01   0.400000000000E+01
        269   0.458492890881E+07   0.317272853962E+07   0.903482704236E+01   0.400000000000E+01
        254   0.458571943572E+07   0.317255235275E+07   0.903319040031E+01   0.400000000000E+01
        243   0.457222310462E+07   0.318547202886E+07   0.905732552551E+01   0.400000000000E+01
        224   0.457140378403E+07   0.318652681632E+07   0.905863494329E+01   0.400000000000E+01
        223   0.457064756536E+07   0.318638724168E+07   0.906158297389E+01   0.400000000000E+01
        258   0.457398342865E+07   0.317927570987E+07   0.904519264789E+01   0.400000000000E+01
        236   0.457190192094E+07   0.318065733273E+07   0.905298324245E+01   0.400000000000E+01
        235   0.457231544525E+07   0.317834403030E+07   0.905193721042E+01   0.400000000000E+01
        191   0.456894640034E+07   0.318539866994E+07   0.906571467173E+01   0.400000000000E+01
        176   0.456828849956E+07   0.318610882880E+07   0.907029863878E+01   0.400000000000E+01
        187   0.456840531959E+07   0.318527571255E+07   0.906986091375E+01   0.400000000000E+01
        186   0.456818934233E+07   0.318462128561E+07   0.907059152935E+01   0.400000000000E+01
        172   0.456759546202E+07   0.318570294907E+07   0.907449099548E+01   0.400000000000E+01
        250   0.458469021750E+07   0.317126871610E+07   0.903681514513E+01   0.400000000000E+01
        251   0.458516003284E+07   0.317172992608E+07   0.903584954584E+01   0.400000000000E+01
        268   0.458411351462E+07   0.317277055541E+07   0.903652744222E+01   0.400000000000E+01
        252   0.458574332586E+07   0.317189741578E+07   0.903432196299E+01   0.400000000000E+01
        233   0.458630146254E+07   0.317168410173E+07   0.903346880299E+01   0.400000000000E+01
        211   0.457997420877E+07   0.317040383476E+07   0.904287706752E+01   0.400000000000E+01
        214   0.457941305657E+07   0.317116702059E+07   0.903954900315E+01   0.400000000000E+01
        196   0.457968745792E+07   0.317034324279E+07   0.904293830413E+01   0.400000000000E+01
        253   0.458341873691E+07   0.317248866180E+07   0.903781932210E+01   0.400000000000E+01
        232   0.458401130477E+07   0.317125659187E+07   0.903717399042E+01   0.400000000000E+01
        255   0.458649790069E+07   0.317212842889E+07   0.903349849385E+01   0.400000000000E+01
        297   0.458329841680E+07   0.317626057396E+07   0.903273846283E+01   0.400000000000E+01
        286   0.458230412065E+07   0.317574524840E+07   0.903427962495E+01   0.400000000000E+01
        285   0.458388385852E+07   0.317421235459E+07   0.903471767805E+01   0.400000000000E+01
        272   0.458576510832E+07   0.317323603898E+07   0.903345043277E+01   0.400000000000E+01
        257   0.457937869278E+07   0.317389556744E+07   0.904040773814E+01   0.400000000000E+01
       1656   0.457932979566E+07   0.317223330021E+07   0.904256114030E+01   0.400000000000E+01
        259   0.457634457384E+07   0.317684941385E+07   0.904123680695E+01   0.400000000000E+01
        237   0.457471474396E+07   0.317650010785E+07   0.904618134665E+01   0.400000000000E+01
        238   0.457655312909E+07   0.317477925769E+07   0.904516347724E+01   0.400000000000E+01
        274   0.457851585897E+07   0.317641553729E+07   0.903785666873E+01   0.400000000000E+01
        256   0.457795653309E+07   0.317460007218E+07   0.904204684235E+01   0.400000000000E+01
        275   0.457623616538E+07   0.317916909977E+07   0.904040543993E+01   0.400000000000E+01
        277   0.457589785160E+07   0.318160774113E+07   0.904143595726E+01   0.400000000000E+01
        261   0.457393622639E+07   0.318177164379E+07   0.904637359878E+01   0.400000000000E+01
        203   0.456917414071E+07   0.318421752150E+07   0.906778322863E+01   0.400000000000E+01
        205   0.457471876772E+07   0.317372036170E+07   0.905179380699E+01   0.400000000000E+01
        206   0.457581962559E+07   0.317246190600E+07   0.904827405582E+01   0.400000000000E+01
        220   0.457565119752E+07   0.317403905870E+07   0.904867056642E+01   0.400000000000E+01
        290   0.457857054976E+07   0.317921059993E+07   0.903554981757E+01   0.400000000000E+01
        262   0.457377715546E+07   0.318374474932E+07   0.904986624277E+01   0.400000000000E+01
        210   0.456987198466E+07   0.318603642972E+07   0.906625111629E+01   0.400000000000E+01
        192   0.456939574239E+07   0.318565964739E+07   0.906321348178E+01   0.400000000000E+01
        209   0.457015367351E+07   0.318503598611E+07   0.906132495698E+01   0.400000000000E+01
        208   0.456985886239E+07   0.318442945838E+07   0.906211327600E+01   0.400000000000E+01
        239   0.457266942476E+07   0.318711036623E+07   0.904497404747E+01   0.400000000000E+01
        240   0.457187846755E+07   0.318701459472E+07   0.905562686235E+01   0.400000000000E+01
        242   0.457201843114E+07   0.318432122474E+07   0.905764280477E+01   0.400000000000E+01
        222   0.457075691229E+07   0.318523353223E+07   0.906066573422E+01   0.400000000000E+01
       1650   0.457098900559E+07   0.318383609743E+07   0.905702469776E+01   0.400000000000E+01
        279   0.457651968255E+07   0.318564634335E+07   0.904688726489E+01   0.400000000000E+01
        264   0.457533346585E+07   0.318609804380E+07   0.905215117181E+01   0.400000000000E+01
        226   0.457358377750E+07   0.318762860992E+07   0.905433120130E+01   0.400000000000E+01
        225   0.457330264339E+07   0.318731101870E+07   0.905396492997E+01   0.400000000000E+01
        173   0.456788638770E+07   0.318601311329E+07   0.907226961386E+01   0.400000000000E+01
        217   0.457028583235E+07   0.318093230206E+07   0.905792198786E+01   0.400000000000E+01
        202   0.456918425062E+07   0.318300438837E+07   0.906496727985E+01   0.400000000000E+01
        201   0.456828702646E+07   0.318213289497E+07   0.906602925064E+01   0.400000000000E+01
        273   0.458652999650E+07   0.317273538227E+07   0.903319525352E+01   0.400000000000E+01
        270   0.458269915621E+07   0.317409415140E+07   0.903615059938E+01   0.400000000000E+01
        249   0.458275281018E+07   0.317199542525E+07   0.903919634002E+01   0.400000000000E+01
        231   0.458319182436E+07   0.317088314326E+07   0.903929722685E+01   0.400000000000E+01
        287   0.458475588087E+07   0.317457283744E+07   0.903468022439E+01   0.400000000000E+01
        230   0.458252611090E+07   0.317088158099E+07   0.903917974960E+01   0.400000000000E+01
        284   0.458068674153E+07   0.317598272678E+07   0.903598012093E+01   0.400000000000E+01
        228   0.458053325090E+07   0.317070244048E+07   0.904301984423E+01   0.400000000000E+01
        229   0.458161143201E+07   0.317082463528E+07   0.904136272518E+01   0.400000000000E+01
        213   0.457873110976E+07   0.317175160139E+07   0.904398880908E+01   0.400000000000E+01
        194   0.457860564896E+07   0.317126038514E+07   0.904389389960E+01   0.400000000000E+01
        195   0.457909187059E+07   0.317073134170E+07   0.904080367000E+01   0.400000000000E+01
        221   0.457701738179E+07   0.317311033275E+07   0.904624519194E+01   0.400000000000E+01
        234   0.457797204061E+07   0.317311527333E+07   0.904453958264E+01   0.400000000000E+01
        212   0.457801334517E+07   0.317186605864E+07   0.904839850618E+01   0.400000000000E+01
        296   0.458113954853E+07   0.317805210247E+07   0.903386891171E+01   0.400000000000E+01
        267   0.458192218383E+07   0.317352588809E+07   0.903743259399E+01   0.400000000000E+01
        298   0.458475258526E+07   0.317595146902E+07   0.903279397782E+01   0.400000000000E+01
        301   0.457992427267E+07   0.318104537624E+07   0.903496876897E+01   0.400000000000E+01
        219   0.457377353748E+07   0.317553113258E+07   0.905021189520E+01   0.400000000000E+01
        207   0.457682770818E+07   0.317206541590E+07   0.904561491642E+01   0.400000000000E+01
        308   0.458287978913E+07   0.317876828519E+07   0.903355892413E+01   0.400000000000E+01
        241   0.457226710999E+07   0.318211792140E+07   0.905145818343E+01   0.400000000000E+01
        218   0.457053111360E+07   0.318270384718E+07   0.905662780578E+01   0.400000000000E+01
        171   0.456709945599E+07   0.318524692080E+07   0.906369078621E+01   0.400000000000E+01
        185   0.456797098388E+07   0.318383522332E+07   0.906770819077E+01   0.400000000000E+01
        215   0.456981999478E+07   0.317891101446E+07   0.905747703973E+01   0.400000000000E+01
        193   0.456902424137E+07   0.318653156074E+07   0.906184015396E+01   0.400000000000E+01
        177   0.456862083461E+07   0.318643873836E+07   0.906650545469E+01   0.400000000000E+01
        265   0.457568489086E+07   0.318703970647E+07   0.905102728027E+01   0.400000000000E+01
        246   0.457472934036E+07   0.318727888466E+07   0.905072387520E+01   0.400000000000E+01
        280   0.457648045496E+07   0.318714399008E+07   0.904680047148E+01   0.400000000000E+01
        227   0.457406463331E+07   0.318756852296E+07   0.904979155739E+01   0.400000000000E+01
