         116          17
        437   0.460771850819E+07   0.317759540259E+07   0.904422588578E+01   0.399652777778E+01
        458   0.460685999522E+07   0.317800765004E+07   0.901521550132E+01   0.400000000000E+01
        436   0.460757769810E+07   0.317709747511E+07   0.902914458360E+01   0.399652777778E+01
        849   0.464133084725E+07   0.318868405319E+07   0.897200568851E+01   0.400000000000E+01
        817   0.464093077702E+07   0.319007709385E+07   0.897826969934E+01   0.400000000000E+01
        816   0.464012021305E+07   0.319015034421E+07   0.896377835446E+01   0.400000000000E+01
        752   0.463757096730E+07   0.318287591282E+07   0.895798284568E+01   0.400000000000E+01
        764   0.463795480017E+07   0.318378216484E+07   0.896307550023E+01   0.400000000000E+01
        768   0.463632772206E+07   0.318527081637E+07   0.896202985403E+01   0.400000000000E+01
        753   0.463581641033E+07   0.318412703848E+07   0.896366840626E+01   0.400000000000E+01
        740   0.463688110917E+07   0.318232840691E+07   0.896128248269E+01   0.400000000000E+01
        848   0.464203987378E+07   0.318695931343E+07   0.897199469508E+01   0.400000000000E+01
        813   0.464088329503E+07   0.318642581727E+07   0.896921441839E+01   0.400000000000E+01
        814   0.464224794097E+07   0.318527759585E+07   0.896923901319E+01   0.400000000000E+01
        751   0.463443783683E+07   0.318442857053E+07   0.896273131006E+01   0.400000000000E+01
        767   0.463400758662E+07   0.318685317243E+07   0.896815521933E+01   0.400000000000E+01
        769   0.463299464477E+07   0.318948563092E+07   0.897559228509E+01   0.400000000000E+01
        754   0.463123101790E+07   0.318921004234E+07   0.897459209887E+01   0.400000000000E+01
        435   0.460695441426E+07   0.317700216475E+07   0.910836812592E+01   0.399652777778E+01
        720   0.462714578225E+07   0.319533276380E+07   0.897868552400E+01   0.400000000000E+01
        719   0.462665137222E+07   0.319487075832E+07   0.898070556085E+01   0.400000000000E+01
        731   0.462783474288E+07   0.319337852098E+07   0.897819233595E+01   0.400000000000E+01
        732   0.462816580304E+07   0.319453160896E+07   0.897533001500E+01   0.400000000000E+01
        815   0.464039619150E+07   0.318842070045E+07   0.897068278123E+01   0.400000000000E+01
        838   0.463893139981E+07   0.319012125678E+07   0.896722395378E+01   0.400000000000E+01
        807   0.463900719148E+07   0.318828103850E+07   0.896760061176E+01   0.400000000000E+01
        784   0.463893254934E+07   0.318527717585E+07   0.896314991254E+01   0.400000000000E+01
        805   0.463744601904E+07   0.318791132252E+07   0.896340017513E+01   0.400000000000E+01
        783   0.463746919422E+07   0.318574344512E+07   0.896525681404E+01   0.400000000000E+01
        750   0.463251610674E+07   0.318610315983E+07   0.896494302638E+01   0.400000000000E+01
        837   0.463709571814E+07   0.319057400051E+07   0.896635248982E+01   0.400000000000E+01
        839   0.463935604355E+07   0.319142393246E+07   0.896121017058E+01   0.400000000000E+01
        885   0.463851320447E+07   0.319284522244E+07   0.896455112291E+01   0.400000000000E+01
        884   0.463775793251E+07   0.319201843574E+07   0.896024844413E+01   0.400000000000E+01
        789   0.464183945855E+07   0.318455136605E+07   0.896794528319E+01   0.400000000000E+01
        790   0.464289306983E+07   0.318350601125E+07   0.896425966222E+01   0.400000000000E+01
        765   0.463902630361E+07   0.318358567503E+07   0.896136378306E+01   0.400000000000E+01
        766   0.464010953377E+07   0.318329888988E+07   0.896035433797E+01   0.400000000000E+01
        942   0.463746995515E+07   0.319435343683E+07   0.896988555945E+01   0.400000000000E+01
        941   0.463690420841E+07   0.319385731234E+07   0.897132534664E+01   0.400000000000E+01
        747   0.463923174273E+07   0.318184604738E+07   0.895954719711E+01   0.400000000000E+01
        787   0.463954160678E+07   0.318626940545E+07   0.896629309695E+01   0.400000000000E+01
        785   0.463533959176E+07   0.318807783811E+07   0.896119019870E+01   0.400000000000E+01
        788   0.464089433365E+07   0.318480598683E+07   0.896718753892E+01   0.400000000000E+01
        772   0.464025488810E+07   0.318432401965E+07   0.896521609784E+01   0.400000000000E+01
        773   0.464119930647E+07   0.318358184479E+07   0.896385574294E+01   0.400000000000E+01
        806   0.463553208758E+07   0.319020450739E+07   0.896037927383E+01   0.400000000000E+01
        786   0.463356663810E+07   0.319101342360E+07   0.897524134803E+01   0.400000000000E+01
        730   0.462713017071E+07   0.319225936194E+07   0.897500664192E+01   0.400000000000E+01
        718   0.462666902539E+07   0.319384068018E+07   0.897809064136E+01   0.400000000000E+01
        755   0.463099264921E+07   0.319167579565E+07   0.897920573731E+01   0.400000000000E+01
        770   0.463215846878E+07   0.319156720693E+07   0.898792814744E+01   0.400000000000E+01
        756   0.463089094257E+07   0.319344205306E+07   0.897873885299E+01   0.400000000000E+01
        739   0.463587164041E+07   0.318259712823E+07   0.896111832385E+01   0.400000000000E+01
        473   0.460596771527E+07   0.317965690644E+07   0.901856789115E+01   0.400000000000E+01
        483   0.460420457849E+07   0.318182871249E+07   0.902793134757E+01   0.399652777778E+01
        467   0.460454504553E+07   0.317998309993E+07   0.901843694901E+01   0.400000000000E+01
        447   0.460278123343E+07   0.317961583941E+07   0.902539880223E+01   0.400000000000E+01
        431   0.460176546080E+07   0.317961240646E+07   0.902429015365E+01   0.400000000000E+01
        430   0.460297222267E+07   0.317816349523E+07   0.902193814290E+01   0.400000000000E+01
        457   0.460590867973E+07   0.317844545219E+07   0.910551803263E+01   0.400000000000E+01
        446   0.460022394550E+07   0.318139116885E+07   0.902502597311E+01   0.400000000000E+01
        428   0.460090609449E+07   0.317922954740E+07   0.902331894663E+01   0.400000000000E+01
        434   0.460587609994E+07   0.317744219460E+07   0.902636022996E+01   0.400000000000E+01
        450   0.460501463758E+07   0.317856432734E+07   0.903238317014E+01   0.400000000000E+01
        417   0.460223313970E+07   0.317813556279E+07   0.902072228069E+01   0.400000000000E+01
        682   0.462549340204E+07   0.319558263565E+07   0.897702725940E+01   0.400000000000E+01
        703   0.462599992299E+07   0.319545277199E+07   0.897693840690E+01   0.400000000000E+01
        683   0.462527510349E+07   0.319629557748E+07   0.897767655122E+01   0.400000000000E+01
        698   0.462509319177E+07   0.319522018399E+07   0.897661934378E+01   0.400000000000E+01
        678   0.462414967810E+07   0.319603974767E+07   0.897762041777E+01   0.400000000000E+01
        699   0.462461061926E+07   0.319499009902E+07   0.897629424807E+01   0.400000000000E+01
        836   0.463514551424E+07   0.319234812983E+07   0.896440149864E+01   0.400000000000E+01
        803   0.463404787946E+07   0.319205991694E+07   0.897244193981E+01   0.400000000000E+01
        845   0.464313855679E+07   0.318540984228E+07   0.897019616137E+01   0.400000000000E+01
        883   0.463588048698E+07   0.319325898845E+07   0.896281549134E+01   0.400000000000E+01
        851   0.464178816591E+07   0.318922471515E+07   0.898155120573E+01   0.400000000000E+01
        901   0.464266642268E+07   0.318800355304E+07   0.897882544392E+01   0.400000000000E+01
        774   0.464195907013E+07   0.318330341318E+07   0.896394743465E+01   0.400000000000E+01
        812   0.464326036801E+07   0.318423598849E+07   0.896440800413E+01   0.400000000000E+01
        846   0.464428394891E+07   0.318442850249E+07   0.896646830200E+01   0.400000000000E+01
        897   0.464356454921E+07   0.318617957308E+07   0.897076524450E+01   0.400000000000E+01
        757   0.464110803470E+07   0.318286986146E+07   0.896298300840E+01   0.400000000000E+01
        749   0.464115874811E+07   0.318189970678E+07   0.895976182072E+01   0.400000000000E+01
        758   0.464200849836E+07   0.318250682233E+07   0.896217939135E+01   0.400000000000E+01
        745   0.464187525314E+07   0.318193934810E+07   0.896203507209E+01   0.400000000000E+01
        748   0.464008041876E+07   0.318191632605E+07   0.895888485829E+01   0.400000000000E+01
        738   0.463869354491E+07   0.318140388673E+07   0.895621685624E+01   0.400000000000E+01
        737   0.463816287638E+07   0.318103704715E+07   0.895836639422E+01   0.400000000000E+01
        725   0.463687302077E+07   0.318107914591E+07   0.895800849706E+01   0.400000000000E+01
        726   0.463739189666E+07   0.318118597193E+07   0.895973075691E+01   0.400000000000E+01
        744   0.463013433122E+07   0.319338129921E+07   0.897195772623E+01   0.400000000000E+01
        780   0.463269321949E+07   0.319284747630E+07   0.898051648683E+01   0.400000000000E+01
        743   0.462944136964E+07   0.319243547817E+07   0.897563732664E+01   0.400000000000E+01
        733   0.462896195969E+07   0.319442517310E+07   0.897436203250E+01   0.400000000000E+01
        771   0.463206853704E+07   0.319273571105E+07   0.898879147401E+01   0.400000000000E+01
        742   0.462897321614E+07   0.319064231150E+07   0.897403084777E+01   0.400000000000E+01
        716   0.462567650696E+07   0.319383421241E+07   0.897484020845E+01   0.400000000000E+01
        702   0.462589513215E+07   0.319477451285E+07   0.897737294626E+01   0.400000000000E+01
        717   0.462584161098E+07   0.319211678019E+07   0.897108704170E+01   0.400000000000E+01
        433   0.460472148842E+07   0.317782839217E+07   0.901586746993E+01   0.400000000000E+01
        449   0.460388243727E+07   0.317930121886E+07   0.902667514126E+01   0.400000000000E+01
        459   0.460719892773E+07   0.317847564685E+07   0.904026994175E+01   0.400000000000E+01
        474   0.460711856959E+07   0.317944998682E+07   0.903449388064E+01   0.400000000000E+01
        432   0.460378986365E+07   0.317800511824E+07   0.902117620222E+01   0.400000000000E+01
        466   0.460264979671E+07   0.318152208951E+07   0.902034269930E+01   0.400000000000E+01
        448   0.460155451502E+07   0.318114664116E+07   0.902437352646E+01   0.400000000000E+01
        482   0.460201756559E+07   0.318412346730E+07   0.902474967327E+01   0.400000000000E+01
        415   0.460183294860E+07   0.317725496911E+07   0.902000684725E+01   0.400000000000E+01
        465   0.460014243413E+07   0.318350111132E+07   0.902606873993E+01   0.400000000000E+01
        495   0.460585442088E+07   0.318152403375E+07   0.902449411154E+01   0.400000000000E+01
        701   0.462450196379E+07   0.319406854692E+07   0.897357594565E+01   0.400000000000E+01
        677   0.462494763096E+07   0.319599187499E+07   0.897725278474E+01   0.400000000000E+01
        684   0.462574976208E+07   0.319632521347E+07   0.897642755787E+01   0.400000000000E+01
        656   0.462518388521E+07   0.319698707491E+07   0.897693543930E+01   0.400000000000E+01
        657   0.462547637633E+07   0.319730785521E+07   0.897670432446E+01   0.400000000000E+01
