         106          17
        741   0.463001795539E+07   0.318728553607E+07   0.896947751957E+01   0.400000000000E+01
        750   0.463251610674E+07   0.318610315983E+07   0.896494302638E+01   0.400000000000E+01
        754   0.463123101790E+07   0.318921004234E+07   0.897459209887E+01   0.400000000000E+01
        679   0.462233777128E+07   0.319435869975E+07   0.897331225833E+01   0.400000000000E+01
        650   0.462094209961E+07   0.319483505759E+07   0.897553319363E+01   0.400000000000E+01
        676   0.462174764828E+07   0.319266754129E+07   0.896888047406E+01   0.400000000000E+01
        644   0.463411086824E+07   0.317417353579E+07   0.896457386843E+01   0.400000000000E+01
        672   0.463291531443E+07   0.317563723705E+07   0.896339392045E+01   0.400000000000E+01
        643   0.463350599702E+07   0.317374384420E+07   0.896592175062E+01   0.400000000000E+01
        727   0.462780363713E+07   0.318651562580E+07   0.896219315743E+01   0.400000000000E+01
        729   0.462768109438E+07   0.318957030388E+07   0.896867656710E+01   0.400000000000E+01
        686   0.463486036721E+07   0.317779255351E+07   0.896058661718E+01   0.400000000000E+01
        675   0.463454569642E+07   0.317676200066E+07   0.896207922525E+01   0.400000000000E+01
        659   0.463579431272E+07   0.317580147128E+07   0.896042593505E+01   0.400000000000E+01
        742   0.462897321614E+07   0.319064231150E+07   0.897403084777E+01   0.400000000000E+01
        751   0.463443783683E+07   0.318442857053E+07   0.896273131006E+01   0.400000000000E+01
        736   0.463494269979E+07   0.318267524856E+07   0.896129960262E+01   0.400000000000E+01
        739   0.463587164041E+07   0.318259712823E+07   0.896111832385E+01   0.400000000000E+01
        662   0.463605180110E+07   0.317903197810E+07   0.896002538247E+01   0.400000000000E+01
        688   0.463586333143E+07   0.317971940900E+07   0.896110921448E+01   0.400000000000E+01
        687   0.463525198886E+07   0.317958086625E+07   0.895706805833E+01   0.400000000000E+01
        728   0.463051956435E+07   0.318400127409E+07   0.896281650101E+01   0.400000000000E+01
        723   0.463472853518E+07   0.318174215858E+07   0.896245986932E+01   0.400000000000E+01
        735   0.463370183043E+07   0.318362281433E+07   0.896307469830E+01   0.400000000000E+01
        722   0.463355775895E+07   0.318239478479E+07   0.896276650088E+01   0.400000000000E+01
        706   0.463426925131E+07   0.318089447999E+07   0.895867545858E+01   0.400000000000E+01
        642   0.462852007888E+07   0.317589273566E+07   0.896878831903E+01   0.400000000000E+01
        619   0.462937901957E+07   0.317413772367E+07   0.896875837392E+01   0.400000000000E+01
        641   0.462994815725E+07   0.317500855224E+07   0.896519738428E+01   0.400000000000E+01
        660   0.463624241524E+07   0.317641200095E+07   0.896121677666E+01   0.400000000000E+01
        622   0.463283993108E+07   0.317332284770E+07   0.896690134786E+01   0.400000000000E+01
        645   0.463122527756E+07   0.317473706149E+07   0.896489171264E+01   0.400000000000E+01
        621   0.463208123180E+07   0.317309412477E+07   0.896639854392E+01   0.400000000000E+01
        690   0.462298884343E+07   0.318338684715E+07   0.896677154533E+01   0.400000000000E+01
        691   0.462602768221E+07   0.318081709329E+07   0.896520426801E+01   0.400000000000E+01
        711   0.462565782990E+07   0.318470995430E+07   0.896094017145E+01   0.400000000000E+01
        715   0.462577837046E+07   0.319009474274E+07   0.896508997077E+01   0.400000000000E+01
        717   0.462584161098E+07   0.319211678019E+07   0.897108704170E+01   0.400000000000E+01
        623   0.461838310904E+07   0.319550456550E+07   0.898529642353E+01   0.400000000000E+01
        599   0.461797206952E+07   0.319677071969E+07   0.898180297830E+01   0.400000000000E+01
        598   0.461700146483E+07   0.319690584292E+07   0.897911318199E+01   0.400000000000E+01
        649   0.461984589692E+07   0.319458750068E+07   0.897374244911E+01   0.400000000000E+01
        624   0.461898125843E+07   0.319646042907E+07   0.898479860953E+01   0.400000000000E+01
        697   0.462366967102E+07   0.319143988924E+07   0.896687330374E+01   0.400000000000E+01
        712   0.462527685250E+07   0.318839830858E+07   0.896182051411E+01   0.400000000000E+01
        700   0.462421246718E+07   0.319282908472E+07   0.896977893351E+01   0.400000000000E+01
        693   0.462307774285E+07   0.318929783880E+07   0.896103906629E+01   0.400000000000E+01
        730   0.462713017071E+07   0.319225936194E+07   0.897500664192E+01   0.400000000000E+01
        640   0.461870571470E+07   0.319369010501E+07   0.897267261648E+01   0.400000000000E+01
        669   0.462061151061E+07   0.319159108300E+07   0.896426751422E+01   0.400000000000E+01
        680   0.462369353754E+07   0.319570401469E+07   0.897520904801E+01   0.400000000000E+01
        655   0.462265800915E+07   0.319645711354E+07   0.897103579096E+01   0.400000000000E+01
        681   0.462315996846E+07   0.319498900925E+07   0.897187929716E+01   0.400000000000E+01
        725   0.463687302077E+07   0.318107914591E+07   0.895800849706E+01   0.400000000000E+01
        724   0.463582182805E+07   0.318138222874E+07   0.896097133507E+01   0.400000000000E+01
        710   0.463650323174E+07   0.318063617878E+07   0.896063612826E+01   0.400000000000E+01
        685   0.463520653735E+07   0.317867194441E+07   0.896008034400E+01   0.400000000000E+01
        704   0.463433121343E+07   0.317966257163E+07   0.895801098931E+01   0.400000000000E+01
        734   0.463211766262E+07   0.318422566544E+07   0.896372959607E+01   0.400000000000E+01
        714   0.463164430711E+07   0.318085733318E+07   0.896237827950E+01   0.400000000000E+01
        713   0.462919815165E+07   0.318238679645E+07   0.896067791727E+01   0.400000000000E+01
        620   0.463086122514E+07   0.317331976999E+07   0.896151715111E+01   0.400000000000E+01
        670   0.462955881120E+07   0.317682285683E+07   0.896564210272E+01   0.400000000000E+01
        671   0.462787411294E+07   0.317822555628E+07   0.896702016252E+01   0.400000000000E+01
        721   0.463279806292E+07   0.318169129172E+07   0.896130994086E+01   0.400000000000E+01
        708   0.463568968528E+07   0.318055378128E+07   0.896249300900E+01   0.400000000000E+01
        709   0.463632063611E+07   0.318018258384E+07   0.896264729261E+01   0.400000000000E+01
        689   0.463635853416E+07   0.317956959244E+07   0.896202688302E+01   0.400000000000E+01
        674   0.463349489536E+07   0.317658104638E+07   0.896303576610E+01   0.400000000000E+01
        696   0.463324433675E+07   0.317829983527E+07   0.896286622650E+01   0.400000000000E+01
        695   0.463137861495E+07   0.317866078797E+07   0.896266068267E+01   0.400000000000E+01
        694   0.462858886703E+07   0.318006995852E+07   0.896247364046E+01   0.400000000000E+01
        666   0.462677298199E+07   0.317765796787E+07   0.896841007342E+01   0.400000000000E+01
        665   0.462478949793E+07   0.317925694089E+07   0.896888112813E+01   0.400000000000E+01
        633   0.462606543975E+07   0.317618669445E+07   0.897192197635E+01   0.400000000000E+01
        607   0.462661950553E+07   0.317387368668E+07   0.897207202930E+01   0.400000000000E+01
        608   0.462750584624E+07   0.317415459704E+07   0.897001910595E+01   0.400000000000E+01
        634   0.462744538085E+07   0.317570716453E+07   0.897108742299E+01   0.400000000000E+01
        618   0.462842964889E+07   0.317424360989E+07   0.896892326349E+01   0.400000000000E+01
        673   0.463091557611E+07   0.317695144923E+07   0.896412382131E+01   0.400000000000E+01
        617   0.461722915352E+07   0.319549910146E+07   0.897231785207E+01   0.400000000000E+01
        668   0.461855126722E+07   0.319115418787E+07   0.896877216340E+01   0.400000000000E+01
        716   0.462567650696E+07   0.319383421241E+07   0.897484020845E+01   0.400000000000E+01
        701   0.462450196379E+07   0.319406854692E+07   0.897357594565E+01   0.400000000000E+01
        654   0.462171476050E+07   0.319650621486E+07   0.897340581865E+01   0.400000000000E+01
        707   0.463514982156E+07   0.318047702289E+07   0.895951881509E+01   0.400000000000E+01
        705   0.463338470755E+07   0.317962363392E+07   0.896133690975E+01   0.400000000000E+01
        692   0.462174750008E+07   0.318771287065E+07   0.896166681446E+01   0.400000000000E+01
        648   0.463482967622E+07   0.317537596645E+07   0.896365194876E+01   0.400000000000E+01
        646   0.463223756411E+07   0.317493054040E+07   0.896493572710E+01   0.400000000000E+01
        647   0.463449583293E+07   0.317461545342E+07   0.896387802084E+01   0.400000000000E+01
        658   0.463577593094E+07   0.317773147754E+07   0.896233823986E+01   0.400000000000E+01
        661   0.463583027547E+07   0.317858004531E+07   0.896014986982E+01   0.400000000000E+01
        628   0.463645697175E+07   0.317838361538E+07   0.896034352102E+01   0.400000000000E+01
        627   0.463639855971E+07   0.317786451649E+07   0.896012271109E+01   0.400000000000E+01
        626   0.463642736491E+07   0.317714637851E+07   0.896114398282E+01   0.400000000000E+01
        632   0.462430195330E+07   0.317732257959E+07   0.897323467965E+01   0.400000000000E+01
        606   0.462535867456E+07   0.317521629873E+07   0.897538736278E+01   0.400000000000E+01
        664   0.462265251439E+07   0.318014867503E+07   0.897407316303E+01   0.400000000000E+01
        667   0.461907719159E+07   0.318718966341E+07   0.896892089940E+01   0.400000000000E+01
        699   0.462461061926E+07   0.319499009902E+07   0.897629424807E+01   0.400000000000E+01
        651   0.462086337424E+07   0.319645820541E+07   0.898265007753E+01   0.400000000000E+01
        625   0.461986260451E+07   0.319639199969E+07   0.897072074320E+01   0.400000000000E+01
        652   0.462321475715E+07   0.319645926915E+07   0.897534030300E+01   0.400000000000E+01
        653   0.462345472272E+07   0.319675766202E+07   0.897462890760E+01   0.400000000000E+01
        678   0.462414967810E+07   0.319603974767E+07   0.897762041777E+01   0.400000000000E+01
