         116          17
       1317   0.463464884357E+07   0.321001596060E+07   0.900022079575E+01   0.400000000000E+01
       1355   0.463516879552E+07   0.321149691715E+07   0.899634931406E+01   0.400000000000E+01
       1354   0.463336984392E+07   0.321221801454E+07   0.899912728792E+01   0.400000000000E+01
       1118   0.461989410215E+07   0.321222661467E+07   0.900505624785E+01   0.400000000000E+01
       1116   0.461985708741E+07   0.321160102956E+07   0.900517855867E+01   0.400000000000E+01
       1182   0.462050369661E+07   0.321162428549E+07   0.900498503669E+01   0.400000000000E+01
       1493   0.463028422542E+07   0.322253007461E+07   0.900183301374E+01   0.400000000000E+01
       1448   0.463202777748E+07   0.321762761912E+07   0.899844495437E+01   0.400000000000E+01
       1449   0.463530257768E+07   0.321867013415E+07   0.900038088061E+01   0.400000000000E+01
       1450   0.463320404298E+07   0.322411422953E+07   0.900271609532E+01   0.400000000000E+01
       1351   0.462992449617E+07   0.321165430041E+07   0.899246871815E+01   0.400000000000E+01
       1352   0.463081466370E+07   0.321206279474E+07   0.899846121735E+01   0.400000000000E+01
       1397   0.462906619546E+07   0.321358141689E+07   0.899592007989E+01   0.400000000000E+01
       1356   0.463723342320E+07   0.321002926316E+07   0.899412326968E+01   0.400000000000E+01
       1318   0.463639244741E+07   0.320876472402E+07   0.899476722981E+01   0.400000000000E+01
       1396   0.462807544396E+07   0.321269272462E+07   0.899394469592E+01   0.400000000000E+01
       1445   0.462680648476E+07   0.321534197647E+07   0.899738485964E+01   0.400000000000E+01
       1312   0.463088432802E+07   0.320897149856E+07   0.899540292737E+01   0.400000000000E+01
       1350   0.462948138092E+07   0.321071966296E+07   0.899636070087E+01   0.400000000000E+01
       1338   0.462943588469E+07   0.320941382160E+07   0.899486453708E+01   0.400000000000E+01
       1265   0.461946680814E+07   0.321437642286E+07   0.900561939923E+01   0.400000000000E+01
       1266   0.461986599466E+07   0.321356791201E+07   0.900605259166E+01   0.400000000000E+01
       1299   0.462037381748E+07   0.321383742013E+07   0.900485905315E+01   0.400000000000E+01
       1177   0.462147035411E+07   0.321005920164E+07   0.900477678474E+01   0.400000000000E+01
       1179   0.462228658344E+07   0.320945630691E+07   0.900382013389E+01   0.400000000000E+01
       1226   0.462168947195E+07   0.321045146114E+07   0.900460143499E+01   0.400000000000E+01
       1229   0.461982710432E+07   0.321294017104E+07   0.900669244048E+01   0.400000000000E+01
       1225   0.461929011940E+07   0.321374929471E+07   0.900624573037E+01   0.400000000000E+01
       1178   0.462302556639E+07   0.320874754574E+07   0.900315651465E+01   0.400000000000E+01
       1227   0.462285800587E+07   0.320941050490E+07   0.900331625425E+01   0.400000000000E+01
       1181   0.462097216315E+07   0.321081299276E+07   0.900500287436E+01   0.400000000000E+01
       1376   0.462791656674E+07   0.321098619407E+07   0.899472191561E+01   0.400000000000E+01
       1419   0.462581903390E+07   0.321366526980E+07   0.900181242582E+01   0.400000000000E+01
       1300   0.462227659573E+07   0.321139559010E+07   0.900350742555E+01   0.400000000000E+01
       1270   0.462147151542E+07   0.321174299346E+07   0.900456439583E+01   0.400000000000E+01
       1267   0.462189510631E+07   0.321089059583E+07   0.900409503857E+01   0.400000000000E+01
       1230   0.462109900386E+07   0.321142713459E+07   0.900472637991E+01   0.400000000000E+01
       1302   0.462326586978E+07   0.321105037676E+07   0.900282638170E+01   0.400000000000E+01
       1334   0.462382762957E+07   0.321173455864E+07   0.900110439710E+01   0.400000000000E+01
       1333   0.462246419319E+07   0.321238490862E+07   0.900295045492E+01   0.400000000000E+01
       1269   0.462046159321E+07   0.321272106041E+07   0.900606833098E+01   0.400000000000E+01
       1180   0.461901832346E+07   0.321328653631E+07   0.900735571297E+01   0.400000000000E+01
       1330   0.461909207141E+07   0.321611892480E+07   0.900688987440E+01   0.400000000000E+01
       1296   0.461880552051E+07   0.321536609584E+07   0.900726389569E+01   0.400000000000E+01
       1298   0.461960064592E+07   0.321499442392E+07   0.900513542238E+01   0.400000000000E+01
       1331   0.462030278990E+07   0.321513265207E+07   0.900290160988E+01   0.400000000000E+01
       1263   0.461890458520E+07   0.321451942695E+07   0.900633249445E+01   0.400000000000E+01
       1502   0.461911887216E+07   0.322258707752E+07   0.900711764830E+01   0.400000000000E+01
       1503   0.462233902295E+07   0.322124101747E+07   0.899972579698E+01   0.400000000000E+01
       1533   0.461929496965E+07   0.322583854692E+07   0.900331341638E+01   0.400000000000E+01
       1418   0.462310002646E+07   0.321556928407E+07   0.900144309817E+01   0.400000000000E+01
       1372   0.462139849573E+07   0.321539621164E+07   0.900004473889E+01   0.400000000000E+01
       1373   0.462282041416E+07   0.321360524528E+07   0.900048849104E+01   0.400000000000E+01
       1371   0.461980031926E+07   0.321666464931E+07   0.900416018461E+01   0.400000000000E+01
       1233   0.462316816216E+07   0.320969115523E+07   0.900316925061E+01   0.400000000000E+01
       1271   0.462298400005E+07   0.321049250912E+07   0.900327414169E+01   0.400000000000E+01
       1268   0.462255876718E+07   0.321033165825E+07   0.900368466500E+01   0.400000000000E+01
       1417   0.462068878608E+07   0.321751788113E+07   0.900152875334E+01   0.400000000000E+01
       1332   0.462143126063E+07   0.321383425340E+07   0.900239499077E+01   0.400000000000E+01
       1313   0.463084832438E+07   0.321016593468E+07   0.899648590119E+01   0.400000000000E+01
       1398   0.463024696034E+07   0.321417783458E+07   0.899834971279E+01   0.400000000000E+01
       1463   0.462426755253E+07   0.321729082854E+07   0.899908235066E+01   0.400000000000E+01
       1374   0.462460101999E+07   0.321269981079E+07   0.899867347857E+01   0.400000000000E+01
       1316   0.463324875797E+07   0.321076114375E+07   0.899870717411E+01   0.400000000000E+01
       1353   0.463192000366E+07   0.321240057000E+07   0.899834091641E+01   0.400000000000E+01
       1315   0.463207019713E+07   0.321082790650E+07   0.899930675475E+01   0.400000000000E+01
       1399   0.463167598026E+07   0.321465077371E+07   0.899918145039E+01   0.400000000000E+01
       1401   0.463621450817E+07   0.321380039262E+07   0.899768960009E+01   0.400000000000E+01
       1314   0.463093637379E+07   0.321122225083E+07   0.899412204577E+01   0.400000000000E+01
       1491   0.462593989706E+07   0.321902344331E+07   0.899716469865E+01   0.400000000000E+01
       1447   0.462931034218E+07   0.321720620628E+07   0.899995952404E+01   0.400000000000E+01
       1492   0.462773733512E+07   0.322119263727E+07   0.900045912125E+01   0.400000000000E+01
       1446   0.462824545016E+07   0.321591654102E+07   0.899760460765E+01   0.400000000000E+01
       1400   0.463366567195E+07   0.321404651071E+07   0.899746336766E+01   0.400000000000E+01
       1526   0.462336802568E+07   0.322406919090E+07   0.899969207157E+01   0.400000000000E+01
       1527   0.462525045578E+07   0.322654661004E+07   0.900385071319E+01   0.400000000000E+01
       1403   0.463815732560E+07   0.322158686804E+07   0.900073661079E+01   0.400000000000E+01
       1284   0.463416099127E+07   0.320898865258E+07   0.900050309844E+01   0.400000000000E+01
       1335   0.462703808942E+07   0.320850832544E+07   0.899524437360E+01   0.400000000000E+01
       1375   0.462660286906E+07   0.321076016638E+07   0.899379296658E+01   0.400000000000E+01
       1336   0.462539618423E+07   0.321047790664E+07   0.899642165792E+01   0.400000000000E+01
       1117   0.462041391581E+07   0.321100740096E+07   0.900537047838E+01   0.400000000000E+01
       1050   0.461923078915E+07   0.321225082367E+07   0.900555012827E+01   0.400000000000E+01
       1048   0.461924079253E+07   0.321150829025E+07   0.900567772320E+01   0.400000000000E+01
       1174   0.461824955844E+07   0.321365279694E+07   0.900919841492E+01   0.400000000000E+01
       1224   0.461790468150E+07   0.321454667301E+07   0.900914755326E+01   0.400000000000E+01
       1175   0.461750526290E+07   0.321422755342E+07   0.900972152142E+01   0.400000000000E+01
       1111   0.461676161556E+07   0.321470275695E+07   0.900969878987E+01   0.400000000000E+01
       1176   0.461707348698E+07   0.321516398706E+07   0.900945942949E+01   0.400000000000E+01
       1110   0.461756755257E+07   0.321345509653E+07   0.900949346966E+01   0.400000000000E+01
       1109   0.461832930236E+07   0.321285026356E+07   0.900952239596E+01   0.400000000000E+01
       1112   0.461632016521E+07   0.321565327203E+07   0.900991617874E+01   0.400000000000E+01
       1223   0.461858636542E+07   0.321415491504E+07   0.900765423015E+01   0.400000000000E+01
       1264   0.461827965670E+07   0.321512108544E+07   0.900913290310E+01   0.400000000000E+01
       1301   0.462134713798E+07   0.321269246737E+07   0.900445713871E+01   0.400000000000E+01
       1049   0.461993352961E+07   0.321079600040E+07   0.900530151280E+01   0.400000000000E+01
       1115   0.462073328882E+07   0.321023595211E+07   0.900527536673E+01   0.400000000000E+01
        989   0.461866857145E+07   0.321215987611E+07   0.900624912897E+01   0.400000000000E+01
       1113   0.462209155417E+07   0.320910663451E+07   0.900428694109E+01   0.400000000000E+01
       1114   0.462273089545E+07   0.320845019449E+07   0.900327046530E+01   0.400000000000E+01
       1228   0.462227951454E+07   0.321004887805E+07   0.900414583551E+01   0.400000000000E+01
       1237   0.462453268050E+07   0.320818002979E+07   0.900034308474E+01   0.400000000000E+01
       1276   0.462459130955E+07   0.320907677808E+07   0.899930976174E+01   0.400000000000E+01
       1236   0.462388498771E+07   0.320906791121E+07   0.900304095525E+01   0.400000000000E+01
       1306   0.462551016981E+07   0.320910426237E+07   0.899651642111E+01   0.400000000000E+01
       1305   0.462438823122E+07   0.321021636718E+07   0.899991515067E+01   0.400000000000E+01
       1274   0.462371844815E+07   0.320991818565E+07   0.900340891854E+01   0.400000000000E+01
       1185   0.462358061820E+07   0.320884351721E+07   0.900254366166E+01   0.400000000000E+01
       1297   0.461837044651E+07   0.321624664543E+07   0.900868061321E+01   0.400000000000E+01
       1416   0.461886021291E+07   0.321847588785E+07   0.900672372220E+01   0.400000000000E+01
       1370   0.461858597979E+07   0.321745065292E+07   0.900776255522E+01   0.400000000000E+01
       1461   0.461905698666E+07   0.322010554332E+07   0.900561367768E+01   0.400000000000E+01
       1460   0.461730783029E+07   0.322036488165E+07   0.900853814982E+01   0.400000000000E+01
       1462   0.462150137229E+07   0.321898616199E+07   0.900258351375E+01   0.400000000000E+01
       1283   0.463315900745E+07   0.320981585224E+07   0.899937618775E+01   0.400000000000E+01
       1402   0.464010498139E+07   0.321393110925E+07   0.899677868301E+01   0.400000000000E+01
