         853           2
        629   0.461869262832E+07   0.318177107465E+07   0.288231166875E-01  -0.965632046657E-02  -0.271574581032E-01
        609   0.461606312089E+07   0.318323567471E+07   0.237409709291E-01  -0.242903919882E-02  -0.236163813746E-01
        600   0.461771607854E+07   0.318018424336E+07   0.683846853934E-01  -0.113729150368E-01  -0.674323512857E-01
        535   0.461583614639E+07   0.317628363820E+07   0.152225313858E+00  -0.512551880303E-01  -0.143336847598E+00
        513   0.461536194138E+07   0.317529394330E+07   0.127597407220E+00  -0.574660430379E-01  -0.113924326756E+00
        514   0.461622538316E+07   0.317501939237E+07   0.171899781447E+00  -0.667231205364E-01  -0.158422094569E+00
       1592   0.460629004765E+07   0.323548360635E+07   0.634569018459E-02   0.591612716799E-03  -0.631805178137E-02
       1578   0.460580072650E+07   0.323460091788E+07   0.108183630368E-01   0.468578580754E-02  -0.975091740101E-02
       1577   0.460700088042E+07   0.323351963249E+07   0.359573627121E-01   0.219950951964E-01  -0.284455219764E-01
        453   0.459719425163E+07   0.319317890036E+07   0.283961186009E+00  -0.689302572684E-01   0.275467919716E+00
        469   0.459832161216E+07   0.319231128249E+07   0.162815221610E+00  -0.321038161126E-01   0.159618737556E+00
        454   0.459759738095E+07   0.319375633136E+07   0.274745659859E+00  -0.575335510759E-01   0.268654179406E+00
        122   0.456111757527E+07   0.317732588704E+07   0.425805594571E-02  -0.339930369955E-02  -0.256432735723E-02
        102   0.456162788486E+07   0.317519823206E+07   0.112281588490E-01  -0.541858772643E-02  -0.983414755779E-02
        123   0.456273674152E+07   0.317512986369E+07   0.119742260143E-01  -0.890223149758E-02  -0.800826841493E-02
        437   0.460771850819E+07   0.317759540259E+07   0.359417231970E-01  -0.112533687022E-01  -0.341345742499E-01
        458   0.460685999522E+07   0.317800765004E+07   0.258209629580E-01  -0.441495596992E-02  -0.254407211348E-01
        436   0.460757769810E+07   0.317709747511E+07   0.539727278456E-01  -0.253193215006E-01  -0.476653680343E-01
        414   0.459776047068E+07   0.317964491753E+07   0.174199984639E-01  -0.443220788395E-02  -0.168467171804E-01
        413   0.459611491969E+07   0.317974489056E+07   0.170507854312E-01  -0.417313819651E-02  -0.165322170750E-01
        402   0.459809267633E+07   0.317773987149E+07   0.260448886091E-01  -0.246405006314E-02  -0.259280674164E-01
       1611   0.460317132819E+07   0.323884200186E+07   0.289339233458E-01   0.287200356402E-01   0.351161971237E-02
       1600   0.460362880806E+07   0.323730075826E+07   0.168861041516E-01   0.154976217111E-01   0.670553761595E-02
       1605   0.460421540906E+07   0.323780071651E+07   0.233311223385E-01   0.868792932731E-02   0.216532019244E-01
        179   0.456545624188E+07   0.318082398986E+07   0.592842973926E-02  -0.533610298395E-03   0.590436611524E-02
        197   0.456789360560E+07   0.317837240406E+07   0.629894183481E-02  -0.308953869273E-02  -0.548920931505E-02
        198   0.456730837696E+07   0.318096446312E+07   0.867926711933E-02  -0.101048429367E-02   0.862024357086E-02
        502   0.460189348034E+07   0.318976383514E+07   0.256317542787E-01  -0.543897479847E-02   0.250480414513E-01
        504   0.460174050937E+07   0.319216610711E+07   0.709032305504E-01  -0.921150102925E-02   0.703023210944E-01
        486   0.460035032951E+07   0.319216162870E+07   0.108555754945E+00  -0.101848466534E-01   0.108076920896E+00
        266   0.458049498803E+07   0.317404184832E+07   0.202044789525E-01  -0.420758845091E-02  -0.197615072595E-01
        247   0.458050358076E+07   0.317225330237E+07   0.512442759564E-01  -0.180595705449E-01  -0.479565191609E-01
        248   0.458161576404E+07   0.317225583822E+07   0.404878912291E-01  -0.819790912364E-02  -0.396492575236E-01
        355   0.458598461835E+07   0.318895142205E+07   0.234529002103E+00  -0.365873394358E-01   0.231657547730E+00
        340   0.458527857686E+07   0.318899769553E+07   0.280302377185E+00  -0.837179487804E-01   0.267508369416E+00
        354   0.458589589574E+07   0.318782995792E+07   0.108372009593E+00  -0.166239551180E-01   0.107089385933E+00
        276   0.457513459671E+07   0.318387854460E+07   0.455962212024E-01   0.158313075083E-01   0.427596198593E-01
        291   0.457732644624E+07   0.318223296248E+07   0.163202887543E-01   0.693498767241E-02   0.147735497091E-01
        278   0.457612065493E+07   0.318447856826E+07   0.688225640229E-01   0.189949597290E-01   0.661493524048E-01
        263   0.457462019636E+07   0.318552879217E+07   0.259374079988E+00   0.847899260340E-01   0.245123605173E+00
        244   0.457364687758E+07   0.318640870583E+07   0.354222349184E+00   0.875392197880E-01   0.343235134653E+00
        260   0.457337515398E+07   0.318556917281E+07   0.201526613303E+00   0.695248661103E-01   0.189154087616E+00
        527   0.460539399726E+07   0.319596555232E+07   0.347824271720E+00   0.130698257932E+00   0.322334747383E+00
        509   0.460465881231E+07   0.319756099026E+07   0.459187537242E+00   0.246894210969E+00   0.387164619960E+00
        508   0.460413917789E+07   0.319670584120E+07   0.431606021053E+00   0.236033971174E+00   0.361347093335E+00
        468   0.459798231903E+07   0.319139059336E+07   0.126880357320E+00  -0.173298352612E-01   0.125691295973E+00
       1560   0.460505477818E+07   0.323463599429E+07   0.203137511574E-01  -0.164162093721E-01   0.119648048850E-01
       1575   0.460473013628E+07   0.323560751348E+07   0.196140908350E-01  -0.543845186965E-02   0.188450471091E-01
       1389   0.460452190864E+07   0.326018645064E+07   0.279356449766E-02  -0.279353789805E-02   0.121907650032E-04
       1390   0.460265273746E+07   0.325887048087E+07   0.279359572623E-02  -0.279359355571E-02   0.348240512912E-05
       1439   0.460574779657E+07   0.325537324701E+07   0.653373620500E-02  -0.312264752945E-03   0.652626995462E-02
        526   0.460456043888E+07   0.319500273947E+07   0.889760400441E-01   0.336409595909E-01   0.823712421889E-01
        542   0.460523072810E+07   0.319236030222E+07   0.271726081407E-01   0.859896164290E-02   0.257761225135E-01
        543   0.460631957072E+07   0.319357937689E+07   0.422764048703E-01   0.144351397604E-01   0.397356407882E-01
        332   0.459295539972E+07   0.317397982103E+07   0.238610092006E-01   0.329285928766E-03  -0.238587369918E-01
        350   0.459369226030E+07   0.317507735214E+07   0.347037185778E-01  -0.344650499809E-02  -0.345321543843E-01
        349   0.459228471304E+07   0.317595876420E+07   0.290681740320E-01  -0.712884359762E-02  -0.281804600835E-01
        323   0.458473571843E+07   0.318913762308E+07   0.249073417493E+00  -0.955062446613E-01   0.230035050660E+00
        324   0.458453645828E+07   0.318976116127E+07   0.291616177427E+00  -0.211285234673E+00   0.200993891814E+00
        435   0.460695441426E+07   0.317700216475E+07   0.575664545684E-01  -0.301039513736E-01  -0.490677980275E-01
        400   0.459743097918E+07   0.317709255419E+07   0.300867686911E-01  -0.227802430687E-02  -0.300004042561E-01
        399   0.459611516537E+07   0.317773632398E+07   0.204905839283E-01  -0.659497026331E-02  -0.194002679607E-01
        338   0.458503673448E+07   0.318834788522E+07   0.235397596365E+00  -0.554050148442E-02   0.235332384549E+00
        392   0.459029051414E+07   0.319059591643E+07   0.678727402409E-01   0.169978453755E-01   0.657098327528E-01
        406   0.459121909603E+07   0.318843754137E+07   0.168850610409E-01   0.571771707683E-02   0.158875107485E-01
        407   0.459142929592E+07   0.319019180624E+07   0.420748009587E-01   0.761407101466E-02   0.413801256439E-01
        299   0.458642548526E+07   0.317468681367E+07   0.298311687877E-01   0.786349734523E-02  -0.287761019031E-01
        288   0.458583209569E+07   0.317410367667E+07   0.428614992074E-01   0.147941251018E-01  -0.402273784478E-01
        289   0.458682838109E+07   0.317340202668E+07   0.321547597001E-01   0.175449575668E-01  -0.269462991031E-01
        348   0.459144210689E+07   0.317523938198E+07   0.203958302559E-01  -0.716534486535E-02  -0.190957514853E-01
        330   0.459074706705E+07   0.317427425069E+07   0.153216882800E-01  -0.835990696567E-02  -0.128400189749E-01
        331   0.459208417150E+07   0.317333502554E+07   0.131925408138E-01  -0.153310747584E-02  -0.131031566651E-01
        245   0.457421797213E+07   0.318679057163E+07   0.318219514561E+00   0.108124874603E+00   0.299286937469E+00
        333   0.458384849707E+07   0.318255335157E+07   0.899525640272E-02  -0.507593528108E-02  -0.742627219896E-02
        316   0.458176665317E+07   0.318471013415E+07   0.307133689487E-01   0.778270623119E-02   0.297109494277E-01
        315   0.458172774639E+07   0.318217942653E+07   0.748450907040E-02   0.429107039577E-02   0.613225822055E-02
        292   0.457783736883E+07   0.318376153360E+07   0.322908179241E-01   0.100415656517E-01   0.306898009356E-01
        302   0.457922000418E+07   0.318413634663E+07   0.274712170020E-01   0.721346459272E-02   0.265072384857E-01
        293   0.457759201206E+07   0.318565502666E+07   0.103769977832E+00   0.147939090521E-01   0.102710021683E+00
        347   0.458989715798E+07   0.317639993147E+07   0.262254070617E-01  -0.134280355211E-01  -0.225268692364E-01
        201   0.456828702646E+07   0.318213289497E+07   0.212443417500E-01   0.138995298609E-02   0.211988227759E-01
        215   0.456981999478E+07   0.317891101446E+07   0.737495853283E-02  -0.369810771723E-02  -0.638075329979E-02
        271   0.458502579245E+07   0.317345282134E+07   0.647659311572E-01   0.883169127480E-02  -0.641609465944E-01
        269   0.458492890881E+07   0.317272853962E+07   0.770173865468E-01   0.104666222007E-01  -0.763028679029E-01
        254   0.458571943572E+07   0.317255235275E+07   0.603851094028E-01  -0.109373673804E-02  -0.603752033333E-01
        216   0.457197267003E+07   0.317623143486E+07   0.210793936683E-01  -0.126848739860E-01  -0.168355222486E-01
        204   0.457354749310E+07   0.317382734415E+07   0.690793871291E-01  -0.264093530555E-01  -0.638318713287E-01
        219   0.457377353748E+07   0.317553113258E+07   0.289531426444E-01  -0.175927826075E-01  -0.229951836069E-01
        182   0.456847180766E+07   0.317572956112E+07   0.890118289778E-02  -0.482307152014E-02  -0.748124575799E-02
        178   0.456591740513E+07   0.317797984512E+07   0.552936252199E-02  -0.267212890225E-02  -0.484082400314E-02
        180   0.456560435753E+07   0.318279633459E+07   0.155901244977E-01   0.388436933292E-02   0.150984653769E-01
         47   0.455550052678E+07   0.317776538479E+07   0.303624424116E-02  -0.226580343143E-02  -0.202111699367E-02
         39   0.455428105567E+07   0.317781697684E+07   0.264365677558E-02  -0.189476396545E-02  -0.184358093457E-02
         40   0.455537806328E+07   0.317612992141E+07   0.427162364472E-02  -0.390065828783E-02  -0.174115866128E-02
        304   0.458033372587E+07   0.318675398881E+07   0.143374932972E+00   0.396157998636E-01   0.137793177646E+00
        303   0.457998835413E+07   0.318523775139E+07   0.413144487589E-01   0.138849683906E-01   0.389113264879E-01
          8   0.454660663406E+07   0.318356116435E+07   0.107370507918E-01   0.467750686009E-02   0.966463601381E-02
          1   0.454616222211E+07   0.318354828786E+07   0.145040360482E-01  -0.201667735104E-02   0.143631498686E-01
          7   0.454668446845E+07   0.318288627145E+07   0.958787674756E-02   0.373663643918E-03   0.958059267517E-02
        243   0.457222310462E+07   0.318547202886E+07   0.155837215422E+00   0.217817697404E-01   0.154307460018E+00
        224   0.457140378403E+07   0.318652681632E+07   0.172081753747E+00   0.109496012740E-01   0.171733037604E+00
        223   0.457064756536E+07   0.318638724168E+07   0.164450852882E+00   0.184878224377E-01   0.163408333433E+00
        142   0.456328301229E+07   0.317651555729E+07   0.587379447258E-02  -0.506775609987E-02  -0.296973224692E-02
        158   0.456533854970E+07   0.317599652092E+07   0.572268637428E-02  -0.385854564770E-02  -0.422619980869E-02
        157   0.456367161000E+07   0.317844773321E+07   0.461007693509E-02  -0.330919436306E-02  -0.320967942557E-02
         64   0.455976779603E+07   0.317428602146E+07   0.994611205517E-02  -0.635843325328E-02  -0.764823323242E-02
         81   0.455936470314E+07   0.317566546716E+07   0.709495375226E-02  -0.523332334129E-02  -0.479068842154E-02
         63   0.455840797376E+07   0.317550267103E+07   0.828211801018E-02  -0.409521869053E-02  -0.719879591399E-02
         24   0.455132556773E+07   0.317954800145E+07   0.112867656819E-02  -0.477300067019E-03  -0.102278807267E-02
         25   0.455252611021E+07   0.317763292421E+07   0.513865705126E-02  -0.378047474122E-02  -0.348048948015E-02
         34   0.455289435925E+07   0.317878702102E+07   0.200455098685E-02  -0.130821648863E-02  -0.151881344403E-02
        124   0.456405428201E+07   0.317439330555E+07   0.140188715234E-01  -0.102076335327E-01  -0.960900496683E-02
        143   0.456510772261E+07   0.317452405813E+07   0.925270679239E-02  -0.644182347508E-02  -0.664194951064E-02
          5   0.454756721239E+07   0.318001273760E+07   0.101798136039E-01  -0.101571514870E-01  -0.678880459487E-03
         10   0.454749894872E+07   0.318089655520E+07   0.936696096404E-02  -0.915182141938E-02   0.199602665552E-02
          3   0.454685221323E+07   0.318059843515E+07   0.113697725610E-01  -0.105214244481E-01   0.430944957876E-02
       1620   0.460370232365E+07   0.324082368599E+07   0.149874167354E-01   0.106023864451E-01   0.105930194972E-01
       1625   0.460251583794E+07   0.324265805583E+07   0.693291847652E-02   0.655606370587E-02   0.225463684143E-02
       1623   0.460226754926E+07   0.324167418186E+07   0.298692451470E-01   0.284162494228E-01  -0.920263953397E-02
         20   0.454966525631E+07   0.318015678381E+07   0.636061664522E-03   0.364839485770E-03  -0.521024558632E-03
         23   0.455027029132E+07   0.318158195794E+07   0.183360057053E-02   0.736477077105E-04   0.183212092052E-02
         19   0.454861986274E+07   0.318219646696E+07   0.432281219321E-02  -0.751983954118E-03   0.425690326300E-02
        258   0.457398342865E+07   0.317927570987E+07   0.676016597265E-02  -0.248689588863E-02  -0.628611110440E-02
        236   0.457190192094E+07   0.318065733273E+07   0.959424048417E-02  -0.394975331064E-02   0.874350611901E-02
        235   0.457231544525E+07   0.317834403030E+07   0.981124697044E-02  -0.917444016971E-02  -0.347709860190E-02
         44   0.455414447856E+07   0.318243030829E+07   0.421808251256E-02   0.354060263476E-03   0.420319657077E-02
         37   0.455349900266E+07   0.318369058078E+07   0.155465021579E-01   0.123001254328E-02   0.154977675324E-01
         36   0.455307348976E+07   0.318285414983E+07   0.102553951129E-01   0.743517532648E-04   0.102551255837E-01
         33   0.455192846813E+07   0.318084245496E+07   0.143976442894E-02  -0.143123411230E-02  -0.156494493924E-03
         42   0.455381447169E+07   0.317968968479E+07   0.211352312501E-02  -0.174175602631E-02  -0.119719085562E-02
         58   0.455544010320E+07   0.317949860996E+07   0.199560020326E-02  -0.136925341024E-02  -0.145174559404E-02
         59   0.455542765173E+07   0.318133970018E+07   0.252285902523E-02  -0.416047995328E-03   0.248831704707E-02
         60   0.455561765587E+07   0.318279148394E+07   0.543437167669E-02  -0.820500029465E-03   0.537207364265E-02
         45   0.455454401482E+07   0.318332919537E+07   0.121170696811E-01   0.146453370192E-02   0.120282383869E-01
        135   0.456615949943E+07   0.317276197389E+07   0.150139479145E-01  -0.701318289818E-02  -0.132753115826E-01
        136   0.456737137936E+07   0.317157076616E+07   0.189087192955E-01  -0.129519436993E-01  -0.137763137234E-01
        152   0.456682600658E+07   0.317345683214E+07   0.136894101797E-01  -0.707687488401E-02  -0.117182674891E-01
        191   0.456894640034E+07   0.318539866994E+07   0.190957422297E+00   0.276874486185E-01   0.188939520269E+00
        176   0.456828849956E+07   0.318610882880E+07   0.238670672376E+00   0.197746553076E-01   0.237850063822E+00
        187   0.456840531959E+07   0.318527571255E+07   0.250371157287E+00   0.206729435667E-01   0.249516223532E+00
        342   0.458526663006E+07   0.319108882929E+07   0.310833932673E+00  -0.476094383928E-02   0.310797469608E+00
        356   0.458617150381E+07   0.318983195960E+07   0.300010037597E+00   0.850050238402E-02   0.299889586545E+00
        357   0.458617286052E+07   0.319081340054E+07   0.305040923394E+00   0.598590179957E-01   0.299110118367E+00
        186   0.456818934233E+07   0.318462128561E+07   0.218547520209E+00   0.233115744854E-01   0.217300688182E+00
        172   0.456759546202E+07   0.318570294907E+07   0.280179873236E+00  -0.774396088222E-02   0.280072834163E+00
        127   0.456052664780E+07   0.318260029763E+07   0.899369186407E-02   0.520271413119E-03   0.897863079776E-02
        110   0.455944672091E+07   0.318308435470E+07   0.133349344854E-01   0.164874362457E-02   0.132326158484E-01
        126   0.456003599649E+07   0.318148432210E+07   0.435095891629E-02  -0.812162129556E-03   0.427448665532E-02
        339   0.458498690486E+07   0.318988769695E+07   0.265472455558E+00  -0.916123751561E-01   0.249164197625E+00
       1535   0.460821615159E+07   0.323080110778E+07   0.125263044865E+00   0.115440028581E+00  -0.486254070428E-01
       1557   0.460723727775E+07   0.323214530408E+07   0.780083836514E-01   0.675014952736E-01  -0.391005889436E-01
       1534   0.460749194985E+07   0.323110204810E+07   0.117948145799E+00   0.113657812294E+00  -0.315224808988E-01
       1444   0.460901806243E+07   0.322845834878E+07   0.428998726733E-01   0.420531628645E-01   0.848118909590E-02
       1455   0.461013660410E+07   0.322742531153E+07   0.284662487318E-01   0.257149100791E-01   0.122094519323E-01
       1490   0.460957615602E+07   0.322880582646E+07   0.338671543870E-01   0.299240652919E-01   0.158598380407E-01
        470   0.459892806813E+07   0.319289780612E+07   0.264177386284E+00  -0.283819324833E-01   0.262648352997E+00
        455   0.459791584456E+07   0.319457103554E+07   0.323013644753E+00  -0.569213761659E-01   0.317958757753E+00
        363   0.459310777085E+07   0.317671495824E+07   0.371046618916E-01  -0.865012436378E-02  -0.360822848858E-01
        358   0.458667307101E+07   0.319125119297E+07   0.224225493884E+00   0.465140102201E-01   0.219347940407E+00
        375   0.458796401163E+07   0.318997832062E+07   0.105831322141E+00   0.436915252465E-02   0.105741095381E+00
        359   0.458708430400E+07   0.319195757983E+07   0.213727513272E+00   0.262415290222E-02   0.213711402950E+00
        636   0.461556379629E+07   0.318887964562E+07   0.943583876453E-02   0.622493003644E-02   0.709121281810E-02
        610   0.461415485261E+07   0.318694998527E+07   0.103046031320E-01   0.173597976807E-02  -0.101573234641E-01
        635   0.461737748493E+07   0.318521359520E+07   0.153554921595E-01  -0.200410785150E-02  -0.152241482908E-01
       1593   0.460507499421E+07   0.323669758735E+07   0.973807834622E-02  -0.419371016100E-02   0.878879769722E-02
       1606   0.460542931055E+07   0.323746405666E+07   0.117907020080E-01  -0.247514997735E-02   0.115279784191E-01
       1555   0.461594428225E+07   0.323004880614E+07   0.242884194536E-01   0.212952042429E-01  -0.116808217094E-01
       1574   0.461243274946E+07   0.323328501966E+07   0.346012461045E-01   0.311750415594E-01  -0.150120956482E-01
       1554   0.461294556971E+07   0.322970515958E+07   0.596879765765E-01   0.555427733774E-01  -0.218553168207E-01
       1558   0.460824279889E+07   0.323185840249E+07   0.661712881113E-01   0.349386833312E-01  -0.561954426745E-01
       1570   0.460842424486E+07   0.323252335238E+07   0.462780687267E-01   0.354088023499E-01  -0.297972542563E-01
       1520   0.460971085455E+07   0.324895142859E+07   0.497386264415E-02   0.248095391799E-02   0.431093693525E-02
       1486   0.460708783171E+07   0.325183269437E+07   0.619220532457E-02   0.254232956965E-02   0.564623477557E-02
       1521   0.460758514417E+07   0.324920634819E+07   0.671896692345E-02   0.306115974604E-02   0.598112176165E-02
       1495   0.462697427780E+07   0.323292163223E+07   0.460456477228E-02  -0.362349756386E-02   0.284117619074E-02
       1496   0.462319743730E+07   0.323694493201E+07   0.450274343995E-02  -0.363437285260E-02   0.265820098079E-02
       1528   0.462313207573E+07   0.323216498990E+07   0.393185358049E-02  -0.674056836082E-03   0.387364427383E-02
       1603   0.460703371603E+07   0.323660904619E+07   0.578079231823E-02   0.920679532213E-04   0.578005911030E-02
         55   0.455598902989E+07   0.318524171150E+07   0.318004800587E-01   0.106677649091E-01   0.299577923721E-01
         54   0.455555788756E+07   0.318496801667E+07   0.330068092177E-01   0.478711621603E-02   0.326578164161E-01
         56   0.455630838939E+07   0.318456499398E+07   0.325363995932E-01   0.102387213122E-01   0.308834241038E-01
       1645   0.459937704076E+07   0.324681153998E+07   0.702078445985E-02  -0.561472939726E-02  -0.421500038283E-02
       1643   0.459926544613E+07   0.324621781874E+07   0.658889009401E-02  -0.211907031172E-02  -0.623883111528E-02
       1642   0.459976081606E+07   0.324603098142E+07   0.408286337381E-02  -0.395955216590E-02  -0.995851381817E-03
       1348   0.460116087776E+07   0.325781721082E+07   0.340958817181E-02   0.214968038493E-03  -0.340280476133E-02
       1392   0.460304551633E+07   0.325619772358E+07   0.406822903774E-02   0.242208413720E-03  -0.406101250772E-02
       1433   0.460259646854E+07   0.325240491243E+07   0.382329758678E-02   0.333163836532E-02  -0.187557730842E-02
       1388   0.460190969256E+07   0.325381442779E+07   0.411944929812E-02   0.325606329741E-02  -0.252347267134E-02
       1384   0.460149636806E+07   0.325304341548E+07   0.454048899133E-02  -0.773929512218E-03   0.447404441088E-02
        579   0.461896399631E+07   0.317794449485E+07   0.145563376239E+00  -0.401185644181E-01  -0.139925684887E+00
        575   0.461778352610E+07   0.317815842711E+07   0.133529351098E+00  -0.152593430312E-01  -0.132654589272E+00
        557   0.461903427716E+07   0.317651988153E+07   0.135815363577E+00  -0.309732970658E-01  -0.132236408951E+00
        519   0.460661758624E+07   0.318313009321E+07   0.219144738866E-01  -0.999812015395E-02  -0.195008143192E-01
        501   0.460408711621E+07   0.318428384485E+07   0.176865135358E-01  -0.116481677030E-01  -0.133091303327E-01
        495   0.460585442088E+07   0.318152403375E+07   0.217049083271E-01  -0.972097439567E-02  -0.194063315000E-01
        534   0.461463380481E+07   0.317698939343E+07   0.114109857068E+00  -0.307478657843E-01  -0.109889163387E+00
        479   0.460893068638E+07   0.317873216535E+07   0.404394499906E-01  -0.156569024385E-01  -0.372855269719E-01
        497   0.461007139083E+07   0.317831812581E+07   0.525945968557E-01  -0.316282509620E-01  -0.420219628229E-01
        499   0.460870841825E+07   0.318044220355E+07   0.268800332418E-01  -0.107732955895E-01  -0.246266581010E-01
        541   0.460600862419E+07   0.318891799183E+07   0.938354083721E-02  -0.197937961135E-02   0.917239854115E-02
        566   0.460975480026E+07   0.318607108716E+07   0.119575535272E-01  -0.114739271633E-02  -0.119023769185E-01
        567   0.460777880276E+07   0.319025871917E+07   0.156225399109E-01   0.555986796361E-02   0.145997130621E-01
        473   0.460596771527E+07   0.317965690644E+07   0.186885927483E-01  -0.622866834932E-02  -0.176200791572E-01
        483   0.460420457849E+07   0.318182871249E+07   0.183157099944E-01  -0.111093588824E-01  -0.145618466488E-01
        467   0.460454504553E+07   0.317998309993E+07   0.210362644502E-01  -0.142211813190E-01  -0.155010458973E-01
        494   0.461348858233E+07   0.317596414485E+07   0.102678472768E+00  -0.415671321317E-01  -0.938884566729E-01
        512   0.461450517644E+07   0.317562889365E+07   0.940753796561E-01  -0.464740603795E-01  -0.817944910693E-01
        518   0.461340874506E+07   0.317744971639E+07   0.433307754781E-01  -0.140176812905E-01  -0.410007404174E-01
        594   0.461291230522E+07   0.319449173359E+07   0.996921830343E-01   0.367264858180E-01   0.926806160835E-01
        615   0.461440021538E+07   0.319375531250E+07   0.466449383185E-01   0.192093906340E-01   0.425058770314E-01
        593   0.461311512034E+07   0.319571209976E+07   0.261570608978E+00   0.794895802762E-01   0.249199899897E+00
        552   0.461750054769E+07   0.317703645516E+07   0.128332057713E+00  -0.465639350292E-02  -0.128247553725E+00
        553   0.461848795171E+07   0.317648061756E+07   0.128566800166E+00  -0.811805999128E-02  -0.128310245916E+00
        585   0.461543283633E+07   0.318074500855E+07   0.316204955030E-01  -0.426455917654E-02  -0.313316017925E-01
        447   0.460278123343E+07   0.317961583941E+07   0.184192028449E-01  -0.639222101761E-02  -0.172744477164E-01
        431   0.460176546080E+07   0.317961240646E+07   0.166157754423E-01  -0.408944225398E-02  -0.161046718563E-01
        430   0.460297222267E+07   0.317816349523E+07   0.622839214637E-01  -0.240054532824E-01  -0.574719504245E-01
        475   0.460812428012E+07   0.317876084729E+07   0.301009051011E-01  -0.671950270981E-02  -0.293413150905E-01
        460   0.460805615561E+07   0.317795508723E+07   0.343892918726E-01  -0.625245822944E-02  -0.338161228053E-01
        461   0.460893620545E+07   0.317753813448E+07   0.716235227170E-01  -0.111773054037E-01  -0.707460023627E-01
        457   0.460590867973E+07   0.317844545219E+07   0.274980771918E-01  -0.122045797527E-01  -0.246412759878E-01
        446   0.460022394550E+07   0.318139116885E+07   0.144509262499E-01  -0.503865113363E-02  -0.135440490340E-01
        428   0.460090609449E+07   0.317922954740E+07   0.144516704661E-01  -0.232661340867E-02  -0.142631570596E-01
        434   0.460587609994E+07   0.317744219460E+07   0.630518239900E-01  -0.407921306998E-01  -0.480784211621E-01
        387   0.459890860002E+07   0.317579624604E+07   0.443029276896E-01   0.182854975031E-03  -0.443025503321E-01
        450   0.460501463758E+07   0.317856432734E+07   0.513902987941E-01  -0.274082463962E-01  -0.434712645276E-01
        417   0.460223313970E+07   0.317813556279E+07   0.419838971773E-01  -0.430863904880E-02  -0.417622227826E-01
        385   0.459849296750E+07   0.317525725028E+07   0.377716158265E-01   0.180218704246E-02  -0.377285976947E-01
        384   0.459727932930E+07   0.317594953719E+07   0.357581737716E-01  -0.918384679694E-02  -0.345587029486E-01
        369   0.459807188658E+07   0.317470190358E+07   0.313542972112E-01  -0.289485753122E-02  -0.312203740126E-01
       1651   0.457800604310E+07   0.318682239932E+07   0.120714988427E+00   0.916507377005E-02   0.120366564517E+00
        412   0.459333111962E+07   0.318244162675E+07   0.105157506719E-01  -0.352615324515E-02  -0.990692966997E-02
        397   0.459329779958E+07   0.317967677830E+07   0.197939063102E-01  -0.826654917510E-02  -0.179850741381E-01
        401   0.459477395773E+07   0.317946573584E+07   0.185289222077E-01  -0.726969889277E-02  -0.170432519253E-01
        383   0.459626960500E+07   0.317639506687E+07   0.387303228011E-01  -0.207344906270E-01  -0.327126703697E-01
        368   0.459705538821E+07   0.317478676612E+07   0.316628460138E-01  -0.193778167199E-01  -0.250406876276E-01
        422   0.459406329520E+07   0.318887071672E+07   0.258927283894E-01   0.570966833571E-02   0.252553572722E-01
        409   0.459334677891E+07   0.319072836682E+07   0.164579891538E+00   0.582316221769E-01   0.153933813301E+00
        408   0.459244585234E+07   0.319043639396E+07   0.626141041663E-01   0.171520905239E-01   0.602190321345E-01
        250   0.458469021750E+07   0.317126871610E+07   0.777465953732E-01  -0.508819585746E-02  -0.775799159257E-01
        251   0.458516003284E+07   0.317172992608E+07   0.779516729550E-01   0.272069412113E-02  -0.779041792202E-01
        268   0.458411351462E+07   0.317277055541E+07   0.786112116566E-01   0.142912905863E-01  -0.773012393918E-01
        252   0.458574332586E+07   0.317189741578E+07   0.639623910567E-01  -0.147992808671E-01  -0.622267527315E-01
        233   0.458630146254E+07   0.317168410173E+07   0.470346973672E-01  -0.915014446584E-02  -0.461360771271E-01
        211   0.457997420877E+07   0.317040383476E+07   0.119240004454E+00   0.301232083774E-01   0.115372314613E+00
        214   0.457941305657E+07   0.317116702059E+07   0.131691553598E+00   0.838791833305E-01   0.101523139691E+00
        196   0.457968745792E+07   0.317034324279E+07   0.130274625047E+00   0.629666128256E-01   0.114046848271E+00
        149   0.456353794791E+07   0.318467558919E+07   0.544111000660E-01   0.154993550964E-01   0.521568576698E-01
        161   0.456427145553E+07   0.318324549271E+07   0.135935706576E-01   0.434098887828E-02   0.128818080556E-01
        162   0.456446193819E+07   0.318443779377E+07   0.363629098865E-01   0.150059835948E-01   0.331222232310E-01
        253   0.458341873691E+07   0.317248866180E+07   0.767747973817E-01   0.310093454855E-02  -0.767121484377E-01
        232   0.458401130477E+07   0.317125659187E+07   0.840910596554E-01  -0.130480567536E-01  -0.830725859049E-01
        255   0.458649790069E+07   0.317212842889E+07   0.422052987701E-01   0.118305682855E-01  -0.405132681762E-01
        297   0.458329841680E+07   0.317626057396E+07   0.351477767771E-01   0.164544716877E-01  -0.310582770586E-01
        286   0.458230412065E+07   0.317574524840E+07   0.343638823590E-01   0.133962201443E-01  -0.316451844145E-01
        285   0.458388385852E+07   0.317421235459E+07   0.632198614754E-01   0.178605551502E-01  -0.606444676347E-01
        309   0.458531212247E+07   0.317706114696E+07   0.295920346599E-01   0.111405371980E-01  -0.274149037251E-01
        310   0.458681946708E+07   0.317592644077E+07   0.297169229830E-01  -0.189886906288E-02  -0.296561934148E-01
        273   0.458652999650E+07   0.317273538227E+07   0.367991143181E-01   0.130209898199E-01  -0.344184345767E-01
        272   0.458576510832E+07   0.317323603898E+07   0.487002649858E-01   0.638760774661E-02  -0.482795430484E-01
        361   0.459070339321E+07   0.317741783670E+07   0.227783894295E-01  -0.100353919429E-01  -0.204486169105E-01
        365   0.458724095216E+07   0.318378622704E+07   0.688934398998E-02  -0.133142825676E-02   0.675946443214E-02
        351   0.458551139834E+07   0.318339835300E+07   0.860657024416E-02   0.994007748216E-03   0.854897654484E-02
       1653   0.458788044277E+07   0.318136110548E+07   0.165045767558E-01  -0.987764850343E-02  -0.132224473503E-01
        328   0.458801114782E+07   0.317606598465E+07   0.239767330210E-01  -0.915485171458E-02  -0.221601538001E-01
        329   0.458942130317E+07   0.317516318248E+07   0.206586365880E-01  -0.135101450975E-01  -0.156286674134E-01
        346   0.458820485200E+07   0.317748940930E+07   0.193838923430E-01  -0.730347405306E-02  -0.179553487608E-01
        364   0.459457296455E+07   0.317528945343E+07   0.382448743145E-01  -0.332191838803E-02  -0.381003316201E-01
        380   0.459385814963E+07   0.317729547872E+07   0.343161857240E-01  -0.948603398752E-02  -0.329790200254E-01
        370   0.459502277837E+07   0.317581812224E+07   0.393677065867E-01  -0.880368222920E-02  -0.383707115012E-01
        587   0.461070529221E+07   0.318904237966E+07   0.920804792169E-02   0.392818293258E-02   0.832811655636E-02
        586   0.461305631150E+07   0.318464861618E+07   0.174747598823E-01   0.266336905107E-03  -0.174727301129E-01
        570   0.461077363945E+07   0.319609182401E+07   0.283386568468E+00   0.114793927300E+00   0.259095159050E+00
        591   0.461169094177E+07   0.319466846900E+07   0.930555072276E-01   0.370919368698E-01   0.853435155395E-01
        574   0.461192601706E+07   0.319598269403E+07   0.326274648381E+00   0.111961836979E+00   0.306463200461E+00
        569   0.460809911376E+07   0.319500305850E+07   0.848124703273E-01   0.258495437486E-01   0.807772010595E-01
        568   0.460826390839E+07   0.319264622861E+07   0.300118097181E-01   0.120186144323E-01   0.275002114480E-01
        588   0.460992163273E+07   0.319273098961E+07   0.275122371354E-01   0.120269566707E-01   0.247442014508E-01
        522   0.460456024766E+07   0.318682325196E+07   0.736193740679E-02  -0.630919631592E-02  -0.379370059819E-02
        523   0.460357132081E+07   0.318998847055E+07   0.178672815354E-01  -0.385156308751E-02   0.174472121340E-01
        418   0.460828418766E+07   0.317669380110E+07   0.423542657506E-01  -0.200969169335E-01  -0.372826736842E-01
        438   0.460830268309E+07   0.317722172691E+07   0.501977569082E-01  -0.705252423324E-02  -0.496998662026E-01
        537   0.461198013318E+07   0.317973246246E+07   0.216961616900E-01  -0.777052680298E-02  -0.202569085815E-01
        538   0.461357997349E+07   0.317884179933E+07   0.318982530201E-01  -0.559542164072E-02  -0.314036590606E-01
        565   0.461267993538E+07   0.318172823852E+07   0.221219538529E-01  -0.422947498324E-02  -0.217138753712E-01
        471   0.459922560827E+07   0.319397533131E+07   0.341865990194E+00  -0.530454843723E-03   0.341865578654E+00
        539   0.460752941277E+07   0.318518655567E+07   0.155545544593E-01  -0.724181251675E-02  -0.137659113719E-01
        429   0.459948256341E+07   0.318060107641E+07   0.152997792272E-01  -0.343929724940E-02  -0.149082017303E-01
        427   0.459803447808E+07   0.318107952748E+07   0.151091108744E-01  -0.355686086342E-02  -0.146844806586E-01
        416   0.459977983780E+07   0.317872611789E+07   0.183534512398E-01  -0.162116026529E-02  -0.182817124965E-01
        484   0.459983954294E+07   0.319057458704E+07   0.537320579108E-01  -0.761778466114E-02   0.531893166358E-01
        540   0.461031660844E+07   0.318242683173E+07   0.223189697633E-01  -0.722167323355E-02  -0.211183296452E-01
        506   0.460191775449E+07   0.319667402172E+07   0.274914255189E+00   0.375375593917E-02   0.274888626579E+00
        505   0.460173000469E+07   0.319532183818E+07   0.267614348685E+00  -0.254925460238E-01   0.266397390601E+00
        525   0.460332360558E+07   0.319474886892E+07   0.676583899439E-01   0.146956974320E-01   0.660431238418E-01
        393   0.459020574761E+07   0.319189029613E+07   0.199499421083E+00   0.483082631204E-01   0.193562214099E+00
        377   0.458928883049E+07   0.319188832575E+07   0.210513511421E+00   0.753928842894E-01   0.196549870235E+00
        464   0.459738201511E+07   0.319051713598E+07   0.877979304931E-01   0.444234072560E-02   0.876854731854E-01
        481   0.459917778446E+07   0.318904867046E+07   0.270901283273E-01  -0.537645579668E-02   0.265512481035E-01
        441   0.459566352976E+07   0.318796618604E+07   0.114398694426E-01   0.103379081432E-02   0.113930632148E-01
        442   0.459627415365E+07   0.318900858232E+07   0.276075237283E-01   0.794375077522E-02   0.264399733364E-01
        423   0.459455604004E+07   0.319031718449E+07   0.132962092695E+00   0.384371580498E-01   0.127285124719E+00
        391   0.458958434490E+07   0.318876790735E+07   0.252164360860E-01   0.347388255209E-02   0.249760042620E-01
        389   0.458887200363E+07   0.318765928470E+07   0.192084533904E-01   0.170932414072E-02   0.191322474538E-01
        405   0.459125629389E+07   0.318606541595E+07   0.560524812707E-02   0.104587714197E-02   0.550680920043E-02
        452   0.459698398743E+07   0.319248566904E+07   0.304334198456E+00  -0.752678067080E-01   0.294879740951E+00
        463   0.459782674765E+07   0.318845575089E+07   0.194869551949E-01   0.103994847884E-02   0.194591862607E-01
        443   0.459638257912E+07   0.319047013598E+07   0.985219334267E-01   0.228256324688E-01   0.958413369508E-01
        390   0.458949583736E+07   0.319033899803E+07   0.743208811296E-01   0.165490916295E-01   0.724549579954E-01
        421   0.459306601548E+07   0.318809179505E+07   0.111302188949E-01   0.175328573335E-02   0.109912584259E-01
        394   0.459089086059E+07   0.319209880446E+07   0.195235193270E+00   0.447954492838E-01   0.190026704477E+00
        411   0.459420933649E+07   0.319219630837E+07   0.265747247537E+00   0.922711067555E-01   0.249214049427E+00
        410   0.459315956912E+07   0.319219500546E+07   0.246712283957E+00   0.826581800193E-01   0.232453385287E+00
        376   0.458836240947E+07   0.319082691677E+07   0.191286258651E+00   0.333549413973E-01   0.188355728963E+00
        374   0.458831811645E+07   0.319209519515E+07   0.222638532745E+00   0.749789373038E-01   0.209633192085E+00
        344   0.458611369250E+07   0.319141710966E+07   0.268435559242E+00   0.111125215173E+00   0.244353915496E+00
        343   0.458545959870E+07   0.319153241944E+07   0.268443232425E+00   0.239208989802E-01   0.267375316039E+00
        132   0.456311005989E+07   0.318628088313E+07   0.127715505895E+00   0.652529345227E-01   0.109787544750E+00
        113   0.456238135725E+07   0.318705836685E+07   0.122277017590E+00   0.314799024628E-01   0.118155341698E+00
        114   0.456254814519E+07   0.318629568567E+07   0.146945163868E+00   0.377651395337E-01   0.142009420181E+00
        341   0.458534741096E+07   0.319023410437E+07   0.321404757726E+00  -0.116176740064E-01   0.321194719663E+00
        322   0.458428911222E+07   0.319049836547E+07   0.233319742940E+00  -0.150922867145E+00   0.177933669154E+00
        319   0.458326475731E+07   0.318778196299E+07   0.206010846683E+00   0.453629224295E-01   0.200954408312E+00
        307   0.458209673576E+07   0.318891901205E+07   0.217345082228E+00   0.663985596911E-01   0.206954381543E+00
        318   0.458245591856E+07   0.318730498409E+07   0.191348276899E+00   0.383217115274E-01   0.187471623180E+00
        281   0.457672015543E+07   0.318798164869E+07   0.142249776380E+00  -0.448957638023E-01   0.134979143844E+00
        280   0.457648045496E+07   0.318714399008E+07   0.155977676553E+00  -0.403317652701E-02   0.155925524113E+00
        345   0.458644159877E+07   0.318027728053E+07   0.180224969678E-01  -0.771425322188E-02  -0.162880537260E-01
        327   0.458651219559E+07   0.317786126191E+07   0.198726075390E-01  -0.197399431710E-02  -0.197743236758E-01
        372   0.458724052000E+07   0.318835216728E+07   0.579706044175E-01  -0.356619224685E-02   0.578608092701E-01
        373   0.458718944471E+07   0.318963490083E+07   0.158214223718E+00   0.146858186832E-02   0.158207407709E+00
        353   0.458546853128E+07   0.318708656297E+07   0.753593061902E-01  -0.665212028903E-03   0.753563701516E-01
        366   0.458690227668E+07   0.318595912669E+07   0.169660681127E-01  -0.509430237089E-02   0.161831872806E-01
        321   0.458415562086E+07   0.318912066437E+07   0.205096261181E+00   0.536261581620E-01   0.197961388941E+00
        326   0.458444728800E+07   0.317983540211E+07   0.161110917813E-01   0.117394758772E-02  -0.160682645437E-01
        257   0.457937869278E+07   0.317389556744E+07   0.278916029680E-01  -0.109916887780E-01  -0.256344357054E-01
       1656   0.457932979566E+07   0.317223330021E+07   0.118456947814E+00  -0.748670793162E-01  -0.917985235177E-01
        259   0.457634457384E+07   0.317684941385E+07   0.143901994216E-01  -0.845280523235E-02  -0.116459401980E-01
        237   0.457471474396E+07   0.317650010785E+07   0.181203328208E-01  -0.117743420440E-01  -0.137735736455E-01
        238   0.457655312909E+07   0.317477925769E+07   0.279394355449E-01  -0.158194820104E-01  -0.230294604256E-01
        360   0.458891596668E+07   0.317890217010E+07   0.165734738856E-01  -0.895587401227E-02  -0.139453346075E-01
        378   0.459028529383E+07   0.317984554366E+07   0.181025943701E-01  -0.898448693281E-02  -0.157156901688E-01
        362   0.459172308076E+07   0.317778004576E+07   0.185737311235E-01  -0.678069897705E-02  -0.172917786601E-01
        274   0.457851585897E+07   0.317641553729E+07   0.139222509955E-01  -0.389730783971E-02  -0.133656299659E-01
        256   0.457795653309E+07   0.317460007218E+07   0.262553983646E-01  -0.143691941027E-01  -0.219743533267E-01
        275   0.457623616538E+07   0.317916909977E+07   0.801856115778E-02  -0.186054290460E-02  -0.779972455547E-02
        277   0.457589785160E+07   0.318160774113E+07   0.126132749677E-01   0.397519902416E-02   0.119704844567E-01
        261   0.457393622639E+07   0.318177164379E+07   0.142838928229E-01   0.250227066899E-03   0.142817008998E-01
        175   0.457383929223E+07   0.317128380270E+07   0.604477721171E-01   0.675799905249E-02  -0.600688155595E-01
        189   0.457429742857E+07   0.317215323980E+07   0.685470227964E-01  -0.253486346878E-02  -0.685001372367E-01
        188   0.457307566919E+07   0.317255588177E+07   0.597429323235E-01  -0.641938400974E-02  -0.593970493505E-01
        116   0.456660360840E+07   0.317147587650E+07   0.171801703322E-01  -0.507415973660E-02  -0.164137489810E-01
        154   0.456983812354E+07   0.317165557264E+07   0.345099268854E-01  -0.716164134596E-02  -0.337586425507E-01
        163   0.457073047001E+07   0.317175708778E+07   0.417199034222E-01  -0.445763861909E-02  -0.414810776078E-01
        165   0.456919453832E+07   0.317339656977E+07   0.304341908447E-01  -0.737364067550E-02  -0.295274346255E-01
        103   0.456369595335E+07   0.317345699735E+07   0.149276632042E-01  -0.117953877469E-01  -0.914898664547E-02
        139   0.457016610400E+07   0.317058639643E+07   0.330637238595E-01  -0.731177304608E-02  -0.322451207220E-01
        138   0.456928074432E+07   0.317112772403E+07   0.270798526793E-01  -0.114857564191E-01  -0.245233729453E-01
        119   0.457008282791E+07   0.316988928774E+07   0.294725324645E-01  -0.119797827149E-01  -0.269279590013E-01
         50   0.455939624025E+07   0.317369949652E+07   0.952449706316E-02  -0.632447259954E-02  -0.712159326582E-02
        137   0.456821929358E+07   0.317164008438E+07   0.211877940476E-01  -0.145912228295E-01  -0.153629044436E-01
        117   0.456824211510E+07   0.317045020528E+07   0.153472823233E-01  -0.129033533145E-01  -0.830918455391E-02
         82   0.456251946722E+07   0.317303729136E+07   0.228337005736E-01  -0.110225907741E-01  -0.199970091391E-01
         68   0.456178168644E+07   0.317332944505E+07   0.163971162511E-01  -0.683459472111E-02  -0.149048225871E-01
         65   0.456226365623E+07   0.317263925355E+07   0.188260291129E-01  -0.979698128596E-02  -0.160760234462E-01
        153   0.456840128754E+07   0.317275881036E+07   0.248814458505E-01  -0.116982857449E-01  -0.219598829286E-01
        181   0.457048296540E+07   0.317340705828E+07   0.409138675555E-01  -0.915408110120E-02  -0.398766517845E-01
         80   0.455838621953E+07   0.317726714607E+07   0.318519905411E-02  -0.230695284947E-02  -0.219623804826E-02
        100   0.456007583666E+07   0.317634601850E+07   0.451697459795E-02  -0.356448324063E-02  -0.277444025811E-02
         99   0.455887467874E+07   0.317877984933E+07   0.316811204125E-02  -0.233221349897E-02  -0.214422808981E-02
         31   0.455379970789E+07   0.317666917424E+07   0.471054176856E-02  -0.444617297382E-02  -0.155587584343E-02
        115   0.456563187167E+07   0.317226440250E+07   0.112323803802E-01  -0.525148441909E-02  -0.992916312692E-02
        125   0.456512880936E+07   0.317334775652E+07   0.121185092950E-01  -0.850060723150E-02  -0.863701014400E-02
        104   0.456463163440E+07   0.317296222950E+07   0.100854512556E-01  -0.796101502016E-02  -0.619181450614E-02
         83   0.456316363032E+07   0.317249594434E+07   0.162248289156E-01  -0.338539180152E-02  -0.158677092137E-01
         66   0.456288971719E+07   0.317215458550E+07   0.177604613171E-01   0.837541984942E-02   0.156616196015E-01
        101   0.456278579446E+07   0.317366876980E+07   0.196927950031E-01  -0.117974808258E-01  -0.157678667295E-01
         85   0.456199078833E+07   0.317391718400E+07   0.207874550581E-01  -0.100952983476E-01  -0.181714952347E-01
         86   0.456352334303E+07   0.317261381051E+07   0.139583931123E-01  -0.593797503725E-02  -0.126323865812E-01
         87   0.456443990520E+07   0.317215414539E+07   0.828155741350E-02  -0.730336297851E-02  -0.390449515268E-02
        200   0.457214984825E+07   0.317432023888E+07   0.443665861068E-01  -0.158061006399E-01  -0.414555321439E-01
        203   0.456917414071E+07   0.318421752150E+07   0.155757112781E+00   0.126930049207E-01   0.155239060187E+00
        199   0.457032645598E+07   0.317580973267E+07   0.152440628047E-01  -0.657934749861E-02  -0.137511322183E-01
        205   0.457471876772E+07   0.317372036170E+07   0.742413679419E-01  -0.355104754554E-01  -0.651980586123E-01
        206   0.457581962559E+07   0.317246190600E+07   0.971564380428E-01  -0.461543785338E-01  -0.854935482673E-01
        220   0.457565119752E+07   0.317403905870E+07   0.512206223667E-01  -0.268623381642E-01  -0.436115459940E-01
        290   0.457857054976E+07   0.317921059993E+07   0.750771027840E-02   0.211599386386E-03  -0.750472779814E-02
        262   0.457377715546E+07   0.318374474932E+07   0.429104844322E-01   0.972432929919E-02   0.417941035780E-01
        301   0.457992427267E+07   0.318104537624E+07   0.789686282806E-02   0.789666834884E-02  -0.554212391723E-04
        308   0.458287978913E+07   0.317876828519E+07   0.191768510767E-01   0.104139356632E-01  -0.161028432651E-01
        108   0.455867170690E+07   0.318310750807E+07   0.126193836097E-01   0.156133128824E-02   0.125224233795E-01
         94   0.455869486700E+07   0.318412065128E+07   0.313384662020E-01   0.591480636339E-02   0.307752259062E-01
        148   0.456286675043E+07   0.318431566049E+07   0.636485581986E-01   0.889364047818E-02   0.630241391833E-01
        160   0.456350529906E+07   0.318265497874E+07   0.119434248423E-01   0.491400001821E-03   0.119333114851E-01
        107   0.455857295124E+07   0.318206771703E+07   0.454380947638E-02  -0.586412966910E-04   0.454343105548E-02
       1649   0.456035566393E+07   0.318397683052E+07   0.312717634845E-01   0.108349284312E-01   0.293347493141E-01
        109   0.455948261625E+07   0.318397438144E+07   0.318531316034E-01   0.752058914616E-02   0.309525884513E-01
        105   0.455939851499E+07   0.318480265444E+07   0.447144852446E-01   0.135652958106E-01   0.426071348516E-01
         69   0.455641759659E+07   0.318379794959E+07   0.171811054525E-01   0.322054729563E-02   0.168765653996E-01
         43   0.455409304137E+07   0.318120967494E+07   0.226824873176E-02  -0.723639799832E-03   0.214972038862E-02
         41   0.455655341485E+07   0.317404503328E+07   0.521912171517E-02  -0.324805697414E-02  -0.408526099173E-02
         48   0.455690894593E+07   0.317568808089E+07   0.465023647737E-02  -0.371481521387E-02  -0.279729283813E-02
         61   0.456059253219E+07   0.317356079471E+07   0.753974383329E-02  -0.648853131847E-02  -0.384014301827E-02
         79   0.456033589363E+07   0.317469519733E+07   0.884951326891E-02  -0.640656894956E-02  -0.610489634565E-02
         38   0.455366293011E+07   0.318453468210E+07   0.213236537918E-01   0.709979058680E-02   0.201069934266E-01
         92   0.455802842387E+07   0.318415323260E+07   0.320246691720E-01   0.744853127943E-02   0.311464093814E-01
        121   0.455975855168E+07   0.317991677272E+07   0.345052482697E-02  -0.312575182617E-02  -0.146143665711E-02
         12   0.454809804963E+07   0.317906081482E+07   0.110313714159E-01  -0.874771831342E-02  -0.672075736993E-02
         17   0.454932866727E+07   0.317861230951E+07   0.108973885487E-01  -0.746438107332E-02  -0.793952721344E-02
         11   0.454825348371E+07   0.317970689157E+07   0.110740113523E-01  -0.101838196847E-01  -0.435012000532E-02
         29   0.455277406312E+07   0.318404725195E+07   0.236733745770E-01   0.237977199683E-02   0.235534572644E-01
         28   0.455217110895E+07   0.318400735435E+07   0.251238523311E-01   0.102461836810E-02   0.251029502879E-01
         16   0.454864601771E+07   0.318015641583E+07   0.344327221404E-02  -0.330159308684E-02  -0.977551343383E-03
         15   0.454813929883E+07   0.318138095727E+07   0.349279378419E-02   0.153866558943E-02   0.313562061206E-02
         13   0.454742087633E+07   0.318251721213E+07   0.379440918447E-02   0.235584125937E-02   0.297448365600E-02
         14   0.454721970261E+07   0.318345828760E+07   0.410876862836E-02   0.269486532683E-02   0.310156097984E-02
          4   0.454639112671E+07   0.318180024918E+07   0.151837521396E-01  -0.124787392065E-01   0.865028305056E-02
          9   0.454702928255E+07   0.318200676971E+07   0.622566389096E-02  -0.383888932597E-02   0.490120593591E-02
          2   0.454611158386E+07   0.318291289011E+07   0.162732950695E-01  -0.888174709973E-02   0.136357875048E-01
         22   0.454920963995E+07   0.318341368351E+07   0.130502446057E-01   0.445001154798E-02   0.122681001582E-01
         30   0.455315051020E+07   0.318469386894E+07   0.180614826220E-01   0.356496666019E-02   0.177061618431E-01
         78   0.455701566503E+07   0.318087370733E+07   0.220866792431E-02  -0.800776475735E-03   0.205839039926E-02
         76   0.455675938286E+07   0.318245203297E+07   0.506364043699E-02  -0.169538691813E-03   0.506080142933E-02
         91   0.455757977151E+07   0.318379510642E+07   0.214523986179E-01   0.457341819803E-02   0.209592283362E-01
         73   0.455786005514E+07   0.318498862212E+07   0.498470143739E-01   0.133823045683E-01   0.480170674494E-01
         72   0.455717323362E+07   0.318496359606E+07   0.469933035602E-01   0.133248466769E-01   0.450646096237E-01
         90   0.455738048151E+07   0.318285548458E+07   0.776363674942E-02   0.158219640440E-03   0.776202435724E-02
        106   0.455982758144E+07   0.318499471097E+07   0.404451286115E-01   0.198790201187E-01   0.352226203954E-01
         93   0.455856038431E+07   0.318508714091E+07   0.494704165494E-01   0.445501209662E-02   0.492694122229E-01
        140   0.456368233104E+07   0.318641949385E+07   0.745927352862E-01   0.622634218625E-01   0.410772741970E-01
        150   0.456371157094E+07   0.318551456858E+07   0.703159391548E-01   0.255077248171E-01   0.655262334784E-01
        131   0.456252776721E+07   0.318549915076E+07   0.115224519645E+00   0.141259261940E-01   0.114355359020E+00
        145   0.456187689893E+07   0.318072027851E+07   0.440429007264E-02  -0.161587633478E-02   0.409715934699E-02
        159   0.456357637427E+07   0.318071283401E+07   0.506386982242E-02  -0.117989855771E-02   0.492449154451E-02
        146   0.456203845543E+07   0.318412652502E+07   0.689812562617E-01   0.578779621863E-02   0.687380180858E-01
        129   0.456122996436E+07   0.318387149194E+07   0.393423736926E-01   0.821552083356E-02   0.384750254737E-01
        144   0.456162495356E+07   0.318242013935E+07   0.101523897443E-01   0.324378745152E-03   0.101472063125E-01
        167   0.456532540192E+07   0.318449348206E+07   0.536229241291E-01   0.183440122650E-01   0.503876493417E-01
        133   0.456310199825E+07   0.318561817064E+07   0.141108234453E+00   0.545111274519E-01   0.130154027269E+00
        210   0.456987198466E+07   0.318603642972E+07   0.201695780528E+00   0.666720439529E-01   0.190357627738E+00
        192   0.456939574239E+07   0.318565964739E+07   0.206675586764E+00   0.638679525946E-01   0.196559616390E+00
        209   0.457015367351E+07   0.318503598611E+07   0.173681840247E+00   0.247336078829E-01   0.171911693240E+00
        208   0.456985886239E+07   0.318442945838E+07   0.126449887473E+00   0.213107336814E-01   0.124641191714E+00
        239   0.457266942476E+07   0.318711036623E+07   0.292371438050E+00   0.657957528782E-01   0.284871860124E+00
        240   0.457187846755E+07   0.318701459472E+07   0.175174290540E+00   0.201624935207E-01   0.174010074195E+00
        242   0.457201843114E+07   0.318432122474E+07   0.686957465312E-01   0.686954139416E-02   0.683514081239E-01
        222   0.457075691229E+07   0.318523353223E+07   0.162038451277E+00   0.106052205826E-01   0.161691029401E+00
       1650   0.457098900559E+07   0.318383609743E+07   0.685650628003E-01   0.799753209955E-02   0.680970433802E-01
        279   0.457651968255E+07   0.318564634335E+07   0.157093796387E+00   0.258327652410E-01   0.154955248711E+00
        264   0.457533346585E+07   0.318609804380E+07   0.239611116249E+00   0.796983874237E-01   0.225968258992E+00
        325   0.458447408593E+07   0.319101237836E+07   0.231240489858E+00  -0.254980139220E-01   0.229830405813E+00
        226   0.457358377750E+07   0.318762860992E+07   0.286748842315E+00   0.513219537810E-01   0.282118690677E+00
        225   0.457330264339E+07   0.318731101870E+07   0.358522270254E+00   0.230902800557E-01   0.357777944031E+00
        173   0.456788638770E+07   0.318601311329E+07   0.279925244546E+00   0.146395964813E-01   0.279542169894E+00
        171   0.456709945599E+07   0.318524692080E+07   0.144332969869E+00   0.378988848227E-01   0.139268376598E+00
       1647   0.456692144467E+07   0.318438977580E+07   0.948728199345E-01   0.414179601708E-01   0.853545812340E-01
        185   0.456797098388E+07   0.318383522332E+07   0.146421719421E+00   0.405405739435E-01   0.140697483213E+00
        168   0.456503216762E+07   0.318567693689E+07   0.633138511379E-01   0.119374914407E-01   0.621782923859E-01
       1648   0.456596545762E+07   0.318515624486E+07   0.661132198565E-01   0.256746498217E-01   0.609242988990E-01
        169   0.456539050436E+07   0.318642543812E+07   0.426355411432E-01   0.742281241040E-02   0.419844164481E-01
        217   0.457028583235E+07   0.318093230206E+07   0.111514634517E-01  -0.325978226178E-02   0.106643779341E-01
        202   0.456918425062E+07   0.318300438837E+07   0.520524019792E-01   0.601849488307E-03   0.520489224576E-01
       1347   0.460148095039E+07   0.325627114875E+07   0.458307360573E-02   0.213848919702E-02  -0.405356973910E-02
       1391   0.460247388706E+07   0.325463501200E+07   0.325428124628E-02   0.138613435287E-02  -0.294431282063E-02
        156   0.456424692823E+07   0.318570132754E+07   0.572231538617E-01   0.370169202541E-01   0.436375635523E-01
        170   0.456640139553E+07   0.318606590111E+07   0.535004847227E-01   0.442684602720E-01   0.300433901334E-01
       1591   0.460439000184E+07   0.323666328515E+07   0.136704768077E-01   0.267295314549E-03   0.136678633797E-01
       1576   0.460400508786E+07   0.323647187548E+07   0.320121227648E-01  -0.756238340269E-02   0.311060502344E-01
       1468   0.460561372704E+07   0.323138457014E+07   0.849258224787E-02  -0.774236060655E-02   0.348995780417E-02
       1508   0.460550627044E+07   0.323205319678E+07   0.136079051477E-01  -0.121158050394E-01   0.619534912291E-02
       1509   0.460496649058E+07   0.323220651580E+07   0.134055204858E-01  -0.843637639033E-02   0.104180388220E-01
       1579   0.460528398287E+07   0.323573932651E+07   0.823433245235E-02  -0.406944380601E-02   0.715848154608E-02
       1618   0.460287879629E+07   0.324026119568E+07   0.305515990486E-01   0.292850367066E-01  -0.870556313625E-02
       1612   0.460203222265E+07   0.324021260865E+07   0.472988978208E-01   0.393891033142E-01  -0.261855737986E-01
       1613   0.460556933539E+07   0.323907033021E+07   0.144995515459E-01   0.109204622007E-02   0.144583688598E-01
       1614   0.460416259619E+07   0.323906634285E+07   0.313834111383E-01   0.192345906528E-01   0.247981655994E-01
       1632   0.459999379880E+07   0.324399113617E+07   0.196327356636E-02   0.175626304060E-02  -0.877486882306E-03
       1631   0.460063307971E+07   0.324398301029E+07   0.384739884060E-02   0.376081358247E-02   0.811639720906E-03
       1635   0.459998776704E+07   0.324457691121E+07   0.238396968113E-02   0.237172091427E-02   0.241353154857E-03
       1609   0.460616131092E+07   0.324046853091E+07   0.144787403752E-01   0.134126526262E-01   0.545295079585E-02
       1604   0.460781802675E+07   0.323809494672E+07   0.108112162049E-01   0.107484621218E-01   0.116316716125E-02
       1646   0.459880232420E+07   0.324685099619E+07   0.116822930765E-01   0.492681683892E-03  -0.116718994292E-01
       1644   0.459875682983E+07   0.324623312022E+07   0.144742436109E-01   0.112500293082E-01  -0.910717127719E-02
       1610   0.460366907740E+07   0.324403897130E+07   0.691492386265E-01   0.684265070469E-01  -0.997147611861E-02
       1615   0.460464846529E+07   0.324250837301E+07   0.324682729947E-01   0.323846860479E-01  -0.232827421828E-02
       1607   0.460465401425E+07   0.324379956713E+07   0.604768849759E-01   0.604321923559E-01   0.232459532761E-02
       1640   0.459957046228E+07   0.324544757335E+07   0.228171792498E-02   0.227110090897E-02  -0.219857568603E-03
       1637   0.459951733570E+07   0.324470078907E+07   0.242536110591E-02   0.242364379208E-02   0.912538394013E-04
       1619   0.460172661124E+07   0.324124459547E+07   0.523279726495E-01   0.492695288177E-01  -0.176275424177E-01
       1602   0.460222594378E+07   0.323926586046E+07   0.409229634529E-01   0.386360225188E-01  -0.134887620519E-01
       1601   0.460277332054E+07   0.323841208701E+07   0.364250652716E-01   0.363789124860E-01   0.183305929349E-02
       1536   0.460598750877E+07   0.323214916343E+07   0.172267607678E-01   0.160787940494E-01   0.618333797124E-02
       1537   0.460490248489E+07   0.323313809166E+07   0.221232411266E-01  -0.178392817776E-01   0.130842586188E-01
       1559   0.460586046511E+07   0.323332059711E+07   0.236158876581E-01   0.213056782533E-01  -0.101871597635E-01
       1465   0.460825854942E+07   0.322948467096E+07   0.125964950222E+00   0.122642849903E+00  -0.287384768543E-01
       1505   0.460816847077E+07   0.323015874906E+07   0.137910033695E+00   0.134865464768E+00  -0.288181159449E-01
       1504   0.460764894310E+07   0.323036693533E+07   0.104304067048E+00   0.991341124932E-01  -0.324309442201E-01
       1533   0.461929496965E+07   0.322583854692E+07   0.118194714000E-01   0.117483608752E-01  -0.129457364413E-02
       1552   0.461986760159E+07   0.323013008807E+07   0.401793894375E-02  -0.821238738871E-03   0.393311584999E-02
       1458   0.461383803205E+07   0.322331624106E+07   0.228121643098E-01   0.215501232480E-01   0.748244802791E-02
       1499   0.461270345731E+07   0.322549316427E+07   0.428600015819E-01   0.415246263894E-01   0.106153256578E-01
       1457   0.461239785602E+07   0.322424539501E+07   0.265177184727E-01   0.238054983250E-01   0.116827925813E-01
       1466   0.460878592238E+07   0.322932097313E+07   0.788872584571E-01   0.786099718449E-01   0.660846982472E-02
       1539   0.460449318590E+07   0.323442385535E+07   0.342445564341E-01  -0.294800919792E-01   0.174245178489E-01
       1364   0.460885467642E+07   0.322719823922E+07   0.867414264856E-02   0.867041242401E-02   0.254360148569E-03
       1339   0.460838603648E+07   0.322700642814E+07   0.830089430094E-02   0.830031796375E-02  -0.978156218712E-04
       1326   0.460908519828E+07   0.322633034493E+07   0.783499876063E-02   0.692133880209E-02   0.367182172302E-02
       1500   0.461470033822E+07   0.322441879024E+07   0.364819175344E-01   0.361653342067E-01   0.479571774670E-02
       1531   0.461312285736E+07   0.322710799400E+07   0.556275746434E-01   0.556059617204E-01  -0.155051019253E-02
        492   0.460328381749E+07   0.319834081152E+07   0.418710262459E+00   0.266547044783E+00   0.322910137354E+00
        507   0.460303166156E+07   0.319680979498E+07   0.289854469525E+00   0.129714171986E+00   0.259210044346E+00
        546   0.460736858521E+07   0.319714760506E+07   0.331306452715E+00   0.114676235781E+00   0.310826843367E+00
        571   0.460890864259E+07   0.319574609690E+07   0.136037711588E+00   0.436435212807E-01   0.128846816121E+00
        547   0.460799488629E+07   0.319721296955E+07   0.320360126725E+00   0.724375307065E-01   0.312063158576E+00
        491   0.460169680462E+07   0.319850553991E+07   0.266057444617E+00   0.483354604866E-01   0.261629981263E+00
        489   0.460039265842E+07   0.319727657551E+07   0.339583751065E+00  -0.668655904230E-01   0.332935604592E+00
        490   0.460095336081E+07   0.319807436046E+07   0.305429754350E+00  -0.255653568838E-01   0.304357926412E+00
        545   0.460692140955E+07   0.319632491482E+07   0.379318923519E+00   0.117756786392E+00   0.360577571402E+00
        544   0.460673071231E+07   0.319522845790E+07   0.114119523182E+00   0.383063635003E-01   0.107498316669E+00
        551   0.461154983769E+07   0.319709096087E+07   0.419251196667E+00   0.133479398700E+00   0.397435297916E+00
        550   0.461066983274E+07   0.319709396141E+07   0.346997500124E+00   0.120582658773E+00   0.325372229140E+00
       1510   0.460686475539E+07   0.323106140168E+07   0.459205722017E-01   0.446580850319E-01   0.106936613289E-01
       1470   0.460671632363E+07   0.323057053023E+07   0.602095458766E-02  -0.600300854805E-02  -0.464523969892E-03
       1471   0.460741586734E+07   0.323000934731E+07   0.969094280962E-02   0.121617175349E-02   0.961432778749E-02
       1530   0.461117755922E+07   0.322917809614E+07   0.434793979200E-01   0.422428522884E-01  -0.102956045971E-01
       1584   0.461094377779E+07   0.324002449773E+07   0.910969025407E-02   0.896286507973E-02  -0.162895858992E-02
       1567   0.460908547905E+07   0.324411655420E+07   0.904593685932E-02   0.268930922385E-02  -0.863693172147E-02
       1585   0.460787631034E+07   0.324309106181E+07   0.911453533977E-02   0.775484240347E-02  -0.478927695558E-02
       1494   0.462865566403E+07   0.322786021384E+07   0.496865457450E-02  -0.406677993626E-02   0.285461542607E-02
       1476   0.461744948725E+07   0.324299648449E+07   0.469916984208E-02  -0.568851184331E-03   0.466461204548E-02
       1513   0.461792509028E+07   0.324057546715E+07   0.767008111091E-02  -0.483286176652E-03   0.765484021514E-02
       1497   0.461998326326E+07   0.324042286680E+07   0.375317030133E-02  -0.111409930225E-02   0.358400196087E-02
       1516   0.461222148132E+07   0.324731949601E+07   0.570617560027E-02   0.417964535407E-02   0.388471423599E-02
       1484   0.461105134161E+07   0.324965340252E+07   0.508514838863E-02   0.257352105705E-02   0.438585493414E-02
       1546   0.460740756984E+07   0.324719292821E+07   0.110837110836E-01   0.384619799238E-02  -0.103949705333E-01
       1547   0.460950117264E+07   0.324640074332E+07   0.705273897706E-02   0.501544520903E-03  -0.703488309583E-02
       1527   0.462525045578E+07   0.322654661004E+07   0.345408144149E-02  -0.234171534404E-02   0.253910374974E-02
       1477   0.461554055360E+07   0.324478512872E+07   0.782085339584E-02   0.474523262802E-02   0.621679299520E-02
       1514   0.461576949684E+07   0.324266581115E+07   0.898907568619E-02   0.522559934472E-02   0.731413653007E-02
       1544   0.461172976202E+07   0.324556220347E+07   0.584249347937E-02   0.410741223490E-02   0.415498433079E-02
       1565   0.461159240402E+07   0.324284093629E+07   0.691254967367E-02   0.263974334905E-02  -0.638866950485E-02
       1543   0.461392424148E+07   0.324246023935E+07   0.874316941170E-02   0.650392067376E-02   0.584311793747E-02
       1529   0.461998297380E+07   0.323715815381E+07   0.387294153387E-02  -0.339487100662E-03   0.385803377814E-02
       1598   0.460360520555E+07   0.324474205742E+07   0.111689199134E+00   0.111683670028E+00  -0.111132905066E-02
       1594   0.460395460797E+07   0.324498875706E+07   0.102327411891E+00   0.101219317615E+00   0.150182877160E-01
       1589   0.460933339926E+07   0.323508676032E+07   0.278701805143E-01   0.212538749713E-01  -0.180283044296E-01
       1588   0.460782879500E+07   0.323445185899E+07   0.260151187710E-01   0.154614596313E-01  -0.209219901239E-01
       1571   0.460928737154E+07   0.323281275157E+07   0.605124821856E-01   0.523542922831E-01  -0.303444983448E-01
       1590   0.461065374680E+07   0.323698684748E+07   0.168193916290E-01   0.165986237256E-01  -0.271617841591E-02
       1597   0.460800704664E+07   0.324056772566E+07   0.152188487938E-01   0.149850590937E-01   0.265732244309E-02
       1583   0.460578936890E+07   0.324531213114E+07   0.213303372329E-01   0.100996181572E-01  -0.187877885752E-01
       1566   0.460678475911E+07   0.324591083556E+07   0.158728342358E-01   0.824738701992E-02  -0.135619863596E-01
       1562   0.460536289600E+07   0.324712535611E+07   0.247994272982E-01   0.167974704689E-01  -0.182443574883E-01
       1629   0.460143855338E+07   0.324381320881E+07   0.158102802901E-02   0.157784149023E-02   0.100328760674E-03
       1626   0.460202037083E+07   0.324412462095E+07   0.545394490699E-02  -0.453331037798E-02  -0.303226187283E-02
       1630   0.460121225043E+07   0.324477679192E+07   0.602856208913E-02  -0.597270804752E-02  -0.818730383932E-03
       1442   0.460219229456E+07   0.324936364767E+07   0.948693021583E-01   0.640731751712E-01  -0.699629381565E-01
       1487   0.460284553444E+07   0.324845035387E+07   0.122716419951E+00   0.727001214680E-01  -0.988636033335E-01
       1441   0.460282916220E+07   0.324916663918E+07   0.924901001230E-01   0.543710900779E-01  -0.748211412938E-01
       1627   0.460142974040E+07   0.324291800583E+07   0.132789393627E-01   0.127107985916E-01  -0.384263318094E-02
       1621   0.460373943676E+07   0.324219189923E+07   0.660749727890E-02   0.451958010288E-02   0.482000165812E-02
       1616   0.460481795623E+07   0.324094167841E+07   0.187813381085E-01   0.137871149054E-01   0.127535925814E-01
       1472   0.460347377859E+07   0.324818430611E+07   0.113747006805E+00   0.648258567011E-01  -0.934665173208E-01
       1652   0.460123956094E+07   0.325213100003E+07   0.848678614687E-02  -0.529981959117E-02   0.662853312610E-02
       1393   0.460063018295E+07   0.325173284152E+07   0.132464513985E-01  -0.113013779699E-01   0.690994432926E-02
       1394   0.460143858969E+07   0.325103998083E+07   0.174499004195E-01   0.110259751486E-01  -0.135250470118E-01
       1639   0.460018213718E+07   0.324616925728E+07   0.356885000142E-02  -0.252388464876E-02  -0.252323138305E-02
       1638   0.460018729682E+07   0.324543764294E+07   0.196182869797E-02  -0.184896764740E-02  -0.655812838438E-03
       1475   0.460350124774E+07   0.324904890778E+07   0.692135461311E-01   0.417121742095E-01  -0.552323228804E-01
       1344   0.460054150054E+07   0.325459691558E+07   0.420506955373E-02  -0.175497113381E-02   0.382134613340E-02
       1427   0.460209025397E+07   0.325184985498E+07   0.602503282908E-02   0.371112668846E-02  -0.474642594946E-02
       1426   0.460205800237E+07   0.325098712352E+07   0.167208505167E-01   0.765149216622E-02  -0.148674648018E-01
       1474   0.460275203551E+07   0.325074815705E+07   0.123524343487E-01   0.421819307129E-02  -0.116098872325E-01
       1438   0.460353403196E+07   0.325271561402E+07   0.286563846255E-02   0.226060764801E-02  -0.176111807095E-02
       1440   0.460452727951E+07   0.325370923917E+07   0.374684679111E-02   0.142223492016E-02   0.346642592709E-02
       1515   0.461384566997E+07   0.324492843982E+07   0.933507006806E-02   0.721171623185E-02   0.592745157440E-02
       1483   0.460902588796E+07   0.325233133260E+07   0.751635699446E-02   0.970546096435E-03   0.745343295018E-02
       1519   0.460593693767E+07   0.324941062568E+07   0.664445965499E-02   0.351386176780E-02  -0.563929247189E-02
       1324   0.461629947284E+07   0.325043981056E+07   0.533629284896E-02  -0.429737251669E-02   0.316363885781E-02
       1363   0.461895141683E+07   0.324906135711E+07   0.279359525976E-02   0.712490995886E-06   0.279359516890E-02
       1325   0.461626036452E+07   0.325288657034E+07   0.279359545979E-02   0.100290222316E-05   0.279359527977E-02
       1362   0.461769190682E+07   0.324803052112E+07   0.290190587658E-02  -0.207090623855E-02   0.203283178538E-02
       1361   0.461617771780E+07   0.324851496371E+07   0.451797328100E-02  -0.174660844490E-02   0.416670631411E-02
       1404   0.461750617341E+07   0.324626988799E+07   0.297707152336E-02  -0.242389458112E-02   0.172849353913E-02
        118   0.456921721568E+07   0.317014693861E+07   0.224175237196E-01  -0.117423412811E-01  -0.190961459713E-01
        536   0.461674076819E+07   0.317660927345E+07   0.109669616951E+00  -0.177334097268E-01  -0.108226388010E+00
        530   0.461809522121E+07   0.317577489073E+07   0.119030736586E+00   0.187759827354E-01  -0.117540540770E+00
        515   0.461700686658E+07   0.317504575450E+07   0.134986163706E+00  -0.403882196510E-01  -0.128802391691E+00
        516   0.461772895117E+07   0.317518922333E+07   0.902291215498E-01  -0.223044660022E-04  -0.902291187930E-01
        520   0.461050875926E+07   0.317974078246E+07   0.248843857025E-01  -0.133810752165E-01  -0.209804546624E-01
        498   0.461134443241E+07   0.317739194767E+07   0.772197592906E-01  -0.459492835274E-01  -0.620608940333E-01
        517   0.461221817457E+07   0.317770959004E+07   0.512474927195E-01  -0.199060085677E-01  -0.472234722669E-01
        563   0.461501563039E+07   0.317856979083E+07   0.675986518219E-01  -0.143536208091E-01  -0.660571820305E-01
        564   0.461641420256E+07   0.317832405454E+07   0.935971419826E-01  -0.126946426033E-01  -0.927322545639E-01
        477   0.461082992313E+07   0.317652375871E+07   0.703035804947E-01  -0.532169517362E-01  -0.459407169978E-01
        478   0.461194861129E+07   0.317590289273E+07   0.725052327839E-01  -0.371393514173E-01  -0.622709993283E-01
        493   0.461269188801E+07   0.317593504699E+07   0.961212894006E-01  -0.348349664365E-01  -0.895869822542E-01
        476   0.460988961192E+07   0.317722910006E+07   0.825910858489E-01  -0.558740218422E-01  -0.608225381325E-01
        439   0.460872379886E+07   0.317720637025E+07   0.541368879463E-01   0.929619289084E-02  -0.533327613596E-01
        419   0.460878362222E+07   0.317655664835E+07   0.325929157176E-01   0.185634135993E-02  -0.325400084777E-01
        474   0.460711856959E+07   0.317944998682E+07   0.196557438343E-01  -0.530620126299E-02  -0.189259740525E-01
        459   0.460719892773E+07   0.317847564685E+07   0.263498035959E-01  -0.704610706520E-02  -0.253902446772E-01
        433   0.460472148842E+07   0.317782839217E+07   0.656118227364E-01  -0.351614968603E-01  -0.553947688986E-01
        449   0.460388243727E+07   0.317930121886E+07   0.282946350161E-01  -0.106338884207E-01  -0.262203506412E-01
        482   0.460201756559E+07   0.318412346730E+07   0.140850651527E-01  -0.866524762492E-02  -0.111041678641E-01
        496   0.460752495531E+07   0.318038213276E+07   0.263237613372E-01  -0.795419307002E-02  -0.250932505575E-01
        521   0.460869855083E+07   0.318222235267E+07   0.251562761975E-01  -0.116620718676E-01  -0.222897804359E-01
        667   0.461907719159E+07   0.318718966341E+07   0.788243614279E-02   0.556888094107E-02   0.557856295200E-02
        638   0.461619873383E+07   0.319112537279E+07   0.176530072830E-01   0.103127774871E-01   0.143274312643E-01
        611   0.461248779629E+07   0.319052188169E+07   0.137246900223E-01   0.720747842962E-02   0.116798703287E-01
        432   0.460378986365E+07   0.317800511824E+07   0.633537102080E-01  -0.277707502948E-01  -0.569427609551E-01
        466   0.460264979671E+07   0.318152208951E+07   0.162969381130E-01  -0.639801654796E-02  -0.149885148067E-01
        448   0.460155451502E+07   0.318114664116E+07   0.141056900931E-01  -0.591601997920E-02  -0.128051239982E-01
        415   0.460183294860E+07   0.317725496911E+07   0.434261791020E-01   0.202591952758E-02  -0.433788967295E-01
        465   0.460014243413E+07   0.318350111132E+07   0.125884331962E-01  -0.686889694274E-02  -0.105492608805E-01
        403   0.459903044061E+07   0.317793173185E+07   0.248555087197E-01  -0.147897356945E-02  -0.248114681326E-01
        388   0.459950856639E+07   0.317623549484E+07   0.468822656267E-01  -0.240616807384E-02  -0.468204782707E-01
        426   0.459578937272E+07   0.318269842073E+07   0.101157438748E-01  -0.377973007314E-02  -0.938306531552E-02
        420   0.459345223217E+07   0.318540715874E+07   0.461072407044E-02   0.554327368301E-03   0.457728059250E-02
        445   0.459797799734E+07   0.318327280486E+07   0.108557030332E-01  -0.448649225124E-02  -0.988522511752E-02
        404   0.460031739153E+07   0.317671069324E+07   0.491854356568E-01  -0.628102849937E-02  -0.487827404083E-01
        371   0.459593428196E+07   0.317570102964E+07   0.380962179796E-01  -0.238352003532E-01  -0.297187659312E-01
        386   0.459496939008E+07   0.317745016179E+07   0.277088082979E-01  -0.133880577610E-01  -0.242598014559E-01
        314   0.459152305854E+07   0.317262898597E+07   0.839437207206E-02  -0.207611911051E-02  -0.813358542853E-02
        313   0.459027028311E+07   0.317307082207E+07   0.125363462904E-01  -0.100364687029E-01  -0.751194211152E-02
        379   0.459223965013E+07   0.317891229697E+07   0.191129606100E-01  -0.657294778087E-02  -0.179471897730E-01
        270   0.458269915621E+07   0.317409415140E+07   0.367925743224E-01   0.101261370026E-01  -0.353716676830E-01
        249   0.458275281018E+07   0.317199542525E+07   0.622833538820E-01  -0.508074929410E-02  -0.620757775417E-01
        231   0.458319182436E+07   0.317088314326E+07   0.850439160134E-01  -0.162836648414E-01  -0.834704133824E-01
        287   0.458475588087E+07   0.317457283744E+07   0.501992606773E-01   0.115474336164E-01  -0.488530710337E-01
        230   0.458252611090E+07   0.317088158099E+07   0.834187637353E-01  -0.221480100357E-01  -0.804248456298E-01
        284   0.458068674153E+07   0.317598272678E+07   0.173623892745E-01   0.268375005814E-02  -0.171537181668E-01
        228   0.458053325090E+07   0.317070244048E+07   0.101001065743E+00  -0.357409525409E-01  -0.944658646961E-01
        229   0.458161143201E+07   0.317082463528E+07   0.927709186169E-01  -0.283362992759E-01  -0.883374070503E-01
        213   0.457873110976E+07   0.317175160139E+07   0.183457503798E+00   0.155656894335E+00   0.970957617290E-01
        194   0.457860564896E+07   0.317126038514E+07   0.231319060653E+00   0.217599091106E+00   0.784802100602E-01
        195   0.457909187059E+07   0.317073134170E+07   0.202282153540E+00   0.180969996136E+00   0.903766017255E-01
        221   0.457701738179E+07   0.317311033275E+07   0.984707489455E-01  -0.549177926314E-01  -0.817344752866E-01
        234   0.457797204061E+07   0.317311527333E+07   0.116071940674E+00  -0.644725946674E-01  -0.965193242237E-01
        212   0.457801334517E+07   0.317186605864E+07   0.130334579632E+00  -0.105060562568E+00  -0.771322295852E-01
        296   0.458113954853E+07   0.317805210247E+07   0.180716826444E-01   0.100670694510E-01  -0.150079920799E-01
        298   0.458475258526E+07   0.317595146902E+07   0.389144956526E-01   0.179216189302E-01  -0.345420547568E-01
        267   0.458192218383E+07   0.317352588809E+07   0.258918138412E-01  -0.140761395700E-02  -0.258535229115E-01
        311   0.458795046617E+07   0.317499303904E+07   0.217788354575E-01  -0.638536650532E-02  -0.208217378832E-01
        312   0.458908566875E+07   0.317422421882E+07   0.172506542611E-01  -0.134367590277E-01  -0.108184370066E-01
        300   0.458726109248E+07   0.317454457188E+07   0.257477254376E-01  -0.520561601382E-02  -0.252160053761E-01
       1654   0.458912238665E+07   0.318214160581E+07   0.123818023713E-01  -0.588517994831E-02  -0.108937453127E-01
        462   0.459768295667E+07   0.318616534729E+07   0.557798370774E-02   0.404854887006E-03   0.556327194772E-02
        480   0.459979754638E+07   0.318639807201E+07   0.629577228865E-02  -0.212587904828E-02   0.592599248925E-02
        398   0.459042631731E+07   0.318464839434E+07   0.453013807458E-02  -0.214340640179E-03   0.452506453708E-02
        396   0.459122445077E+07   0.318168038413E+07   0.137941399917E-01  -0.564606653056E-02  -0.125857153489E-01
        352   0.458560375419E+07   0.318555129291E+07   0.217045649342E-01  -0.213101147524E-02   0.215996974302E-01
        440   0.459552524732E+07   0.318585051523E+07   0.545800999197E-02   0.129743427316E-02   0.530155990056E-02
        334   0.458324603825E+07   0.318507799533E+07   0.449560658934E-01   0.279465499031E-02   0.448691181560E-01
        317   0.458146972325E+07   0.318692771446E+07   0.189424547774E+00   0.369887032626E-01   0.185778080328E+00
        500   0.460171897777E+07   0.318722131516E+07   0.973555916732E-02  -0.868577133364E-02   0.439755484787E-02
        592   0.461106778106E+07   0.319361784781E+07   0.386145235772E-01   0.168992007799E-01   0.347202886522E-01
        572   0.461003734098E+07   0.319574427160E+07   0.159535143828E+00   0.622297302451E-01   0.146897660941E+00
        614   0.461349385517E+07   0.319231100497E+07   0.261312334807E-01   0.126761953863E-01   0.228507206396E-01
        549   0.460959478441E+07   0.319711581330E+07   0.294413408731E+00   0.132318142915E+00   0.263004114599E+00
        548   0.460869674667E+07   0.319745313060E+07   0.306647640426E+00   0.109918473300E+00   0.286270334834E+00
        612   0.461417976470E+07   0.319562531097E+07   0.162627042662E+00   0.581771543000E-01   0.151864985176E+00
        589   0.461310737077E+07   0.319711793756E+07   0.274917276135E+00   0.744617645643E-01   0.264641180347E+00
        573   0.461226629055E+07   0.319709159061E+07   0.378798190535E+00   0.113252965582E+00   0.361471762299E+00
        637   0.461596358746E+07   0.319384700686E+07   0.551670068559E-01   0.311268734851E-01   0.455468593043E-01
        524   0.460333838687E+07   0.319252780641E+07   0.415986243074E-01   0.100663729364E-02   0.415864428104E-01
        456   0.459831128122E+07   0.319520163552E+07   0.372176347001E+00   0.285645000290E-02   0.372165385226E+00
        590   0.461389119409E+07   0.319724443488E+07   0.184962862879E+00   0.548918315031E-01   0.176629973330E+00
        528   0.460569104060E+07   0.319734073123E+07   0.435225137627E+00   0.144726764602E+00   0.410457164671E+00
        503   0.460113272780E+07   0.319445285456E+07   0.286968607518E+00  -0.440845674855E-01   0.283562219999E+00
        488   0.460004038173E+07   0.319648464810E+07   0.376755628622E+00  -0.107212282717E+00   0.361179083188E+00
        485   0.459979325667E+07   0.319575862092E+07   0.401528014882E+00  -0.668675438152E-01   0.395921050614E+00
        529   0.460635778154E+07   0.319740223965E+07   0.452306670157E+00   0.146137722073E+00   0.428047999710E+00
        487   0.460025261034E+07   0.319398604821E+07   0.340375884867E+00  -0.210223721653E-01   0.339726070338E+00
        472   0.459923845232E+07   0.319535176038E+07   0.400843159586E+00   0.240233600715E-01   0.400122627150E+00
        424   0.459530348712E+07   0.319084727495E+07   0.156629605660E+00   0.448593262613E-01   0.150068231870E+00
        425   0.459532294894E+07   0.319201659316E+07   0.272670429285E+00   0.119491295753E+00   0.245093845793E+00
        395   0.459225348529E+07   0.319216397858E+07   0.207709911298E+00   0.690443521662E-01   0.195898659223E+00
        336   0.458435590627E+07   0.318731713741E+07   0.159597347871E+00   0.140746829659E-01   0.158975522477E+00
        335   0.458411096260E+07   0.318597603921E+07   0.663350933012E-01   0.303453485668E-02   0.662656487291E-01
        382   0.458826413974E+07   0.318630136680E+07   0.111671964112E-01  -0.164779543858E-02   0.110449556757E-01
        367   0.458687409235E+07   0.318745815851E+07   0.397032337095E-01  -0.753219016379E-02   0.389822123324E-01
        381   0.458885289726E+07   0.318415020180E+07   0.563199078087E-02  -0.399073959402E-02  -0.397408072999E-02
        444   0.459603526448E+07   0.319180752441E+07   0.285485664623E+00   0.927379414494E-01   0.270003220204E+00
        451   0.459664109111E+07   0.319192032108E+07   0.292415108730E+00   0.276138685994E-02   0.292402070027E+00
        337   0.458448720574E+07   0.318817591908E+07   0.192790363512E+00   0.298523969438E-01   0.190465111398E+00
        207   0.457682770818E+07   0.317206541590E+07   0.970546767974E-01  -0.512331231134E-01  -0.824304396706E-01
        174   0.457302536578E+07   0.317091232465E+07   0.425055979216E-01  -0.105042103523E-01  -0.411872239845E-01
        183   0.457183114631E+07   0.317303087280E+07   0.490531569805E-01  -0.111714512169E-01  -0.477641171536E-01
        190   0.457502244082E+07   0.317241088711E+07   0.801008270832E-01  -0.234710963910E-01  -0.765849210590E-01
        151   0.457099075382E+07   0.317033210089E+07   0.371841173689E-01  -0.659195762237E-03  -0.371782738364E-01
        134   0.457077176771E+07   0.316980577137E+07   0.312338550498E-01  -0.163927750094E-02  -0.311908074687E-01
        155   0.457184583999E+07   0.317050956500E+07   0.393556862721E-01   0.424171584506E-02  -0.391264346528E-01
        166   0.457201530044E+07   0.317126882761E+07   0.380240213503E-01  -0.365713250777E-02  -0.378477420920E-01
        164   0.456727605107E+07   0.317498907698E+07   0.833719668911E-02  -0.535856600025E-02  -0.638706654529E-02
         96   0.456514250722E+07   0.317201112438E+07   0.826188702869E-02  -0.501987863260E-02  -0.656198108721E-02
         75   0.456513472639E+07   0.317131676314E+07   0.837764883280E-02  -0.599533430792E-02  -0.585157812065E-02
         97   0.456586916774E+07   0.317129749797E+07   0.122606328048E-01  -0.411785872941E-02  -0.115484352299E-01
         67   0.456116517145E+07   0.317353168322E+07   0.836209277840E-02  -0.531568859691E-02  -0.645507942439E-02
         84   0.456113437971E+07   0.317455890701E+07   0.113161787667E-01  -0.422644551949E-02  -0.104972882284E-01
         53   0.456177223235E+07   0.317241921096E+07   0.989048883752E-02  -0.343951872786E-02  -0.927315913623E-02
        141   0.456160818756E+07   0.317906520921E+07   0.434323540741E-02  -0.388428063826E-02  -0.194320810192E-02
        241   0.457226710999E+07   0.318211792140E+07   0.200574319546E-01  -0.914271271884E-03   0.200365836573E-01
        218   0.457053111360E+07   0.318270384718E+07   0.314172293675E-01   0.216755510778E-02   0.313423675874E-01
        320   0.458329088458E+07   0.318917594834E+07   0.199825237027E+00   0.478851333654E-01   0.194002936461E+00
         98   0.455811991092E+07   0.318107067985E+07   0.279591583054E-02  -0.852593847699E-03   0.266274840388E-02
        147   0.456241382961E+07   0.318276289246E+07   0.125934453225E-01  -0.427388629389E-03   0.125861910065E-01
        130   0.456157343421E+07   0.318556807211E+07   0.112550954908E+00  -0.118402422798E-01   0.111926431701E+00
         95   0.455973865697E+07   0.318575153621E+07   0.253904169871E-01   0.213841674803E-01   0.136890706752E-01
         89   0.455929737659E+07   0.318553811882E+07   0.302023478436E-01   0.911873367661E-02   0.287928899453E-01
         88   0.455879377495E+07   0.318554046484E+07   0.419252012816E-01  -0.142679920094E-02   0.419009158198E-01
         62   0.455697484518E+07   0.317744396210E+07   0.293241471007E-02  -0.910319728891E-03  -0.278753906215E-02
         57   0.455575004453E+07   0.318379424220E+07   0.161321469146E-01   0.137465429251E-02   0.160734716116E-01
         46   0.455470883021E+07   0.318465190976E+07   0.306761318299E-01   0.544997465734E-02   0.301881241597E-01
         77   0.455702807952E+07   0.317924508081E+07   0.209076050324E-02  -0.893424255809E-03  -0.189025727906E-02
         52   0.456115768410E+07   0.317276234746E+07   0.758369659982E-02  -0.696216487889E-02  -0.300677806252E-02
         51   0.456042046824E+07   0.317276485986E+07   0.457050923421E-02   0.263213186253E-02   0.373650057115E-02
         49   0.455839160914E+07   0.317404660676E+07   0.931147871503E-02  -0.440040580051E-02  -0.820609923479E-02
         32   0.455495565023E+07   0.317505626720E+07   0.416628249095E-02  -0.396533593058E-02  -0.127828821164E-02
         21   0.455096100064E+07   0.317809430563E+07   0.624169121195E-02  -0.326790137125E-02  -0.531785011195E-02
         27   0.455190039814E+07   0.318324376391E+07   0.197934199087E-01  -0.821841930936E-03   0.197763507130E-01
         35   0.455260884551E+07   0.318176246421E+07   0.436546715786E-02  -0.100276708809E-02   0.424873647963E-02
         26   0.455078740067E+07   0.318321930072E+07   0.144521384183E-01   0.448347602785E-02   0.137390955877E-01
          6   0.454732152291E+07   0.317952756752E+07   0.718968137159E-02  -0.713105219282E-02  -0.916303906045E-03
         18   0.454808985885E+07   0.318349426676E+07   0.891962138137E-02   0.251851744807E-02   0.855667665924E-02
         71   0.455691420401E+07   0.318398840228E+07   0.214624274503E-01   0.646587654014E-02   0.204652933677E-01
         70   0.455671054855E+07   0.318494250216E+07   0.381457103969E-01   0.144363613042E-01   0.353084507445E-01
        111   0.456032125798E+07   0.318504937007E+07   0.593656877943E-01   0.304611173830E-01   0.509549331770E-01
         74   0.455908076313E+07   0.318625491231E+07   0.194466578571E-01   0.223484199747E-02   0.193178151729E-01
        112   0.456183555907E+07   0.318656379940E+07   0.125324411145E+00  -0.184260689194E-01   0.123962445978E+00
        128   0.456083731971E+07   0.318502544671E+07   0.929175856589E-01   0.188377755354E-01   0.909879988656E-01
        120   0.456290355933E+07   0.318698398518E+07   0.922071912627E-01   0.575646282536E-01   0.720311022724E-01
        184   0.456660147927E+07   0.318333472559E+07   0.308992872832E-01   0.877092803207E-02   0.296283103815E-01
        193   0.456902424137E+07   0.318653156074E+07   0.200025995111E+00   0.878402724869E-01   0.179706664455E+00
        177   0.456862083461E+07   0.318643873836E+07   0.191577298552E+00   0.246071181506E-01   0.189990397275E+00
        282   0.457696513824E+07   0.318877752060E+07   0.106671004765E+00  -0.308882735621E-02   0.106626274450E+00
        306   0.458089845732E+07   0.318903773550E+07   0.203335034771E+00   0.321954599754E-01   0.200769989596E+00
        283   0.457788056355E+07   0.318868194185E+07   0.109036957789E+00   0.426525208308E-01   0.100348495906E+00
        294   0.457900940821E+07   0.318717592796E+07   0.116598449608E+00   0.399630410993E-01   0.109536084452E+00
        295   0.457920918101E+07   0.318831828052E+07   0.134071242884E+00   0.437757242829E-01   0.126723258054E+00
        305   0.458014540545E+07   0.318847165582E+07   0.192365127328E+00   0.275495588899E-01   0.190382152569E+00
        265   0.457568489086E+07   0.318703970647E+07   0.215371979732E+00   0.729164191681E-01   0.202653116110E+00
        246   0.457472934036E+07   0.318727888466E+07   0.288005249034E+00   0.150929340038E+00   0.245290354044E+00
        227   0.457406463331E+07   0.318756852296E+07   0.279893367261E+00   0.138521599477E+00   0.243211972392E+00
       1395   0.460868428468E+07   0.322798716673E+07   0.255144304305E-01   0.254833039047E-01  -0.125991360576E-02
       1420   0.460824546300E+07   0.322886094406E+07   0.790045123915E-01   0.787544800204E-01  -0.628051390726E-02
       1377   0.460817764289E+07   0.322784190558E+07   0.216236522285E-01   0.159914067976E-01  -0.145553167033E-01
       1423   0.460687004386E+07   0.322995373246E+07   0.570257627674E-02  -0.522374351262E-02  -0.228733030112E-02
       1421   0.460661786630E+07   0.322961879286E+07   0.494126643628E-02  -0.331885327364E-02   0.366078228557E-02
       1379   0.460725952306E+07   0.322912124379E+07   0.201503106938E-02  -0.167201448681E-02  -0.112459671280E-02
       1378   0.460703925043E+07   0.322868467407E+07   0.165443272257E-02  -0.155254513331E-02   0.571621590334E-03
       1556   0.460408299029E+07   0.323555070707E+07   0.382078120128E-01  -0.283888977778E-01   0.255716128113E-01
       1469   0.460512338123E+07   0.323147489320E+07   0.752230558745E-02  -0.472108620559E-02   0.585631508633E-02
       1422   0.460561288339E+07   0.323084568328E+07   0.110648711166E-01  -0.985784217970E-02  -0.502536768668E-02
       1507   0.460616118984E+07   0.323128219804E+07   0.744122245803E-02  -0.741818538930E-02  -0.585078797975E-03
       1467   0.460619302662E+07   0.323055196793E+07   0.859911665952E-02  -0.817433322592E-02  -0.266928522936E-02
       1506   0.460871082371E+07   0.322998106367E+07   0.798224073654E-01   0.797556872417E-01   0.326298486157E-02
       1538   0.460667484078E+07   0.323194379425E+07   0.584390477048E-01   0.581507499811E-01  -0.579763514572E-02
       1628   0.460049063533E+07   0.324328481280E+07   0.114800411595E-01   0.113358927157E-01  -0.181352732629E-02
       1636   0.460019780089E+07   0.324488521467E+07   0.216913811629E-02   0.216861390546E-02   0.476853920698E-04
       1641   0.459913188804E+07   0.324539620641E+07   0.104713074398E-01   0.100770960597E-01  -0.284612271356E-02
       1633   0.460074488396E+07   0.324467988732E+07   0.137390728997E-02  -0.117130497877E-02   0.718098801106E-03
       1586   0.460317350542E+07   0.324547397255E+07   0.142035274336E+00   0.139654589090E+00  -0.258962333498E-01
       1587   0.460258908040E+07   0.324597126784E+07   0.148748693120E+00   0.137351523683E+00  -0.571028252085E-01
       1599   0.460295589902E+07   0.324497808582E+07   0.119864647455E+00   0.118187568144E+00  -0.199808019316E-01
       1634   0.460064808804E+07   0.324544582235E+07   0.544098441089E-02  -0.543060597293E-02  -0.335901959346E-03
       1622   0.460291803570E+07   0.324335078009E+07   0.712907484670E-02  -0.659076453604E-02  -0.271763334545E-02
       1624   0.460117900548E+07   0.324213491716E+07   0.398619439647E-01   0.392925694717E-01  -0.671331221920E-02
       1550   0.460930162156E+07   0.323102511065E+07   0.444717278607E-01   0.411753961324E-01  -0.168024204284E-01
       1525   0.460913244690E+07   0.323013509274E+07   0.115908219100E-01   0.905592970286E-03   0.115553906867E-01
       1464   0.460771581777E+07   0.322964988781E+07   0.135981228157E+00   0.120893145787E+00  -0.622554552853E-01
       1572   0.461095596031E+07   0.323245984780E+07   0.634529459860E-01   0.551055993348E-01  -0.314586915852E-01
       1524   0.461009201465E+07   0.322928289659E+07   0.219857315908E-01   0.219847597824E-01  -0.206714521086E-03
       1551   0.461055727097E+07   0.323100751069E+07   0.670194614563E-01   0.598890199937E-01  -0.300817801681E-01
       1498   0.461113571785E+07   0.322754653027E+07   0.367388673330E-01   0.359652148237E-01   0.749984637149E-02
       1456   0.461132362947E+07   0.322579863815E+07   0.327431760988E-01   0.310649617086E-01   0.103481271291E-01
       1408   0.461031689155E+07   0.322615831912E+07   0.198710064012E-01   0.185422266120E-01   0.714441933720E-02
       1407   0.460943068526E+07   0.322735321377E+07   0.175797924501E-01   0.161566189168E-01   0.692912460325E-02
       1411   0.461341052514E+07   0.322248893047E+07   0.172885033692E-01   0.157751358034E-01   0.707371466286E-02
       1409   0.461106892307E+07   0.322443852730E+07   0.212355539708E-01   0.197471697493E-01   0.781012415647E-02
       1366   0.460992142957E+07   0.322574960294E+07   0.138816318817E-01   0.127027381873E-01   0.559822706241E-02
       1365   0.460948271613E+07   0.322662208028E+07   0.116656473979E-01   0.101057229892E-01   0.582766609173E-02
       1410   0.461238416235E+07   0.322321387320E+07   0.163962695584E-01   0.136657639327E-01   0.906005251468E-02
       1424   0.460731931581E+07   0.322958010826E+07   0.415187287622E-02   0.962060869002E-03  -0.403887202875E-02
       1596   0.460615324512E+07   0.324339588450E+07   0.184012810379E-01   0.174150851194E-01  -0.594322758437E-02
       1608   0.460588437515E+07   0.324217268567E+07   0.248440991546E-01   0.248255740858E-01  -0.959236211579E-03
       1511   0.460349112579E+07   0.324755245876E+07   0.131313690757E+00   0.625965359244E-01  -0.115433786521E+00
       1573   0.461469704338E+07   0.323497176079E+07   0.112503311820E-01   0.990095510398E-02  -0.534238146647E-02
       1564   0.461423676569E+07   0.323907953478E+07   0.802724985226E-02   0.401111663070E-02   0.695324985640E-02
       1383   0.461487496885E+07   0.324778941078E+07   0.477204014048E-02  -0.303645078470E-02   0.368134944476E-02
       1431   0.461528711825E+07   0.324646128231E+07   0.420751319239E-02   0.278671054853E-02   0.315236602933E-02
       1382   0.461600937236E+07   0.324709831628E+07   0.367812714650E-02  -0.164175541958E-02   0.329139156712E-02
       1542   0.461654975333E+07   0.323951400933E+07   0.808882968839E-02   0.215426989746E-02   0.779668435533E-02
       1553   0.461817499053E+07   0.323528944699E+07   0.618646877994E-02   0.369054792200E-03   0.617545095726E-02
       1532   0.461597684231E+07   0.322614160874E+07   0.358691525717E-01   0.344808850125E-01  -0.988254395223E-02
       1428   0.461678630283E+07   0.324522018147E+07   0.288318659786E-02  -0.961884078749E-03   0.271800367496E-02
       1454   0.462216345023E+07   0.324109175725E+07   0.377721700448E-02  -0.307741719160E-02   0.219017618646E-02
       1452   0.462714129776E+07   0.323738923040E+07   0.279359572602E-02  -0.129547277308E-06   0.279359572302E-02
       1453   0.461897051256E+07   0.324352405122E+07   0.315582289383E-02  -0.280544836044E-02   0.144522580732E-02
       1451   0.463265823251E+07   0.322949010488E+07   0.279359572076E-02   0.822347226959E-08   0.279359572075E-02
       1406   0.462234284027E+07   0.324423654444E+07   0.279359568256E-02  -0.685504581689E-06   0.279359559845E-02
       1405   0.461953377831E+07   0.324549251853E+07   0.320751292883E-02  -0.229203697107E-02   0.224381499055E-02
       1381   0.461506922181E+07   0.324863596291E+07   0.118979845341E-01  -0.180643749156E-03   0.118966131235E-01
       1380   0.461405029233E+07   0.324989848403E+07   0.330020140793E-01   0.108418719960E-01   0.311702862500E-01
       1430   0.461435956200E+07   0.324834142296E+07   0.195473975877E-01   0.509566306909E-02   0.188715386320E-01
       1343   0.461480583090E+07   0.325045597936E+07   0.132104129740E-01   0.355036882211E-02   0.127243817992E-01
       1479   0.461399100703E+07   0.324667950498E+07   0.114934292969E-01   0.961190924692E-02   0.630159643525E-02
       1478   0.461315184723E+07   0.324857882067E+07   0.157952421613E-01   0.107437033283E-01   0.115785367698E-01
       1429   0.461315029752E+07   0.324986986712E+07   0.351898105136E-01   0.144236572183E-01   0.320979886665E-01
       1432   0.461442933641E+07   0.324759514778E+07   0.730968600473E-02   0.520404499160E-02   0.513316911986E-02
       1437   0.461160215620E+07   0.325100480973E+07   0.160282070268E-01   0.569459851525E-02   0.149824887199E-01
       1342   0.461408828580E+07   0.325307104334E+07   0.110840342316E-01  -0.584943183778E-03   0.110685887230E-01
       1387   0.461278592017E+07   0.325189391611E+07   0.306523071543E-01   0.871167545276E-02   0.293882739317E-01
       1341   0.461321118268E+07   0.325720899656E+07   0.279310422742E-02  -0.448120909451E-04   0.279274472549E-02
       1436   0.461064627494E+07   0.325330799567E+07   0.222043028799E-01   0.972710664773E-03   0.221829867318E-01
       1386   0.461144750028E+07   0.325508296103E+07   0.211487710737E-01  -0.258615082533E-02   0.209900534024E-01
       1435   0.460821718628E+07   0.325600025289E+07   0.153951754306E-01  -0.319652679372E-02   0.150596694186E-01
       1485   0.460547283273E+07   0.325142044895E+07   0.416585854606E-02   0.237284822254E-02   0.342402814513E-02
       1545   0.460546038768E+07   0.324823464573E+07   0.128991920430E-01   0.908404788231E-02  -0.915801449185E-02
       1434   0.460287702325E+07   0.325137777505E+07   0.532904487003E-02   0.285987275106E-02  -0.449664842683E-02
       1518   0.460415841312E+07   0.324948864416E+07   0.706963116160E-02   0.462857583917E-02  -0.534377866889E-02
       1541   0.460412405391E+07   0.324867545216E+07   0.152125570366E-01   0.130224729728E-01  -0.786365622756E-02
       1482   0.460453578010E+07   0.325106930288E+07   0.398847222219E-02   0.271100676163E-02  -0.292546628857E-02
       1563   0.460452982311E+07   0.324715011615E+07   0.299608496709E-01   0.189925774745E-01  -0.231718474420E-01
       1512   0.460330446725E+07   0.324983432141E+07   0.201767550732E-01   0.132934773433E-01  -0.151784355389E-01
       1473   0.460270066647E+07   0.324996838342E+07   0.419564608885E-01   0.220017323159E-01  -0.357248986757E-01
       1595   0.460482426585E+07   0.324485723521E+07   0.317478629716E-01   0.301605308635E-01  -0.991308132199E-02
       1581   0.460378200944E+07   0.324574891583E+07   0.112837980784E+00   0.112770016137E+00   0.391578444668E-02
       1582   0.460453115717E+07   0.324607180143E+07   0.252070834646E-01   0.764184980948E-02  -0.240208074028E-01
       1517   0.460462100585E+07   0.324997845033E+07   0.525259640129E-02   0.317937643679E-02  -0.418106857489E-02
       1561   0.460330412120E+07   0.324648141687E+07   0.173818790079E+00   0.149395594167E+00  -0.888477812215E-01
       1548   0.460273503046E+07   0.324703407832E+07   0.181261114952E+00   0.124608259797E+00  -0.131637279614E+00
       1568   0.460281182284E+07   0.324637315170E+07   0.168596417072E+00   0.149855166047E+00  -0.772540035113E-01
       1522   0.460273500083E+07   0.324778889186E+07   0.154169899728E+00   0.902094202678E-01  -0.125022471889E+00
       1540   0.460331848607E+07   0.324702956825E+07   0.170031205028E+00   0.837178833051E-01  -0.147992995436E+00
       1580   0.460330583532E+07   0.324585169803E+07   0.156935647595E+00   0.154999143528E+00  -0.245776929700E-01
       1617   0.460371720359E+07   0.324329337149E+07   0.291403962185E-01   0.202497806043E-01  -0.209549296647E-01
       1569   0.460214723899E+07   0.324694612309E+07   0.159367190233E+00   0.122608412686E+00  -0.101809029370E+00
       1549   0.460217176005E+07   0.324766656575E+07   0.168837284992E+00   0.110271937275E+00  -0.127851979465E+00
       1488   0.460229295155E+07   0.324866270652E+07   0.121723328194E+00   0.859643278755E-01  -0.861783207049E-01
       1481   0.460355184122E+07   0.325048700424E+07   0.657070949441E-02   0.239139258991E-02  -0.612008698802E-02
       1425   0.460208020551E+07   0.325012328912E+07   0.515072887544E-01   0.303220041914E-01  -0.416362445070E-01
       1489   0.460171505909E+07   0.324930595189E+07   0.988129593525E-01   0.784100590838E-01  -0.601320511081E-01
       1443   0.460135002581E+07   0.325028978290E+07   0.495869607505E-01   0.391829511282E-01  -0.303901796204E-01
       1523   0.460196506760E+07   0.324843724409E+07   0.138208465526E+00   0.105638041744E+00  -0.891189322174E-01
       1349   0.460031091843E+07   0.325274602354E+07   0.101809093247E-01  -0.617829554695E-02   0.809194530456E-02
       1340   0.460060237399E+07   0.325342943742E+07   0.800958660240E-02  -0.299891702788E-02   0.742697611422E-02
       1346   0.460073747489E+07   0.325553945599E+07   0.480951215948E-02   0.288369869712E-02  -0.384911535764E-02
       1480   0.460359597137E+07   0.325135140567E+07   0.407404964105E-02   0.251002170041E-02  -0.320899852621E-02
       1310   0.460049383544E+07   0.325667085189E+07   0.444094820972E-02   0.312089816991E-02  -0.315943279948E-02
       1311   0.460025655969E+07   0.325789342125E+07   0.267220875829E-02   0.966936061750E-03  -0.249113112870E-02
       1345   0.460887867436E+07   0.326311189168E+07   0.206454292536E-02  -0.116521733280E-02   0.170429048522E-02
       1385   0.460888352532E+07   0.325884874010E+07   0.927860184353E-02  -0.151760646821E-02   0.915365078962E-02
