         827           2
        741   0.463001795539E+07   0.318728553607E+07   0.896891799888E+01
        750   0.463251610674E+07   0.318610315983E+07   0.896425668348E+01
        754   0.463123101790E+07   0.318921004234E+07   0.897405118246E+01
       1074   0.463643152173E+07   0.320041381513E+07   0.898609583049E+01
       1013   0.463726553191E+07   0.319996351200E+07   0.898426655625E+01
       1014   0.463690539152E+07   0.320093256009E+07   0.898365542367E+01
       1081   0.463568052716E+07   0.320444238203E+07   0.898912917583E+01
       1071   0.463519951960E+07   0.320429396694E+07   0.899047259736E+01
       1070   0.463571495144E+07   0.320362467648E+07   0.898933726056E+01
       1169   0.465623885433E+07   0.318452214252E+07   0.897919365792E+01
       1167   0.465454208064E+07   0.318493427253E+07   0.898120476094E+01
       1101   0.465575342005E+07   0.318283525206E+07   0.897707295066E+01
       1290   0.464245705023E+07   0.320196044459E+07   0.898881899487E+01
       1258   0.464025574724E+07   0.320223036318E+07   0.898779120600E+01
       1257   0.464196017013E+07   0.320014549567E+07   0.898950266301E+01
       1104   0.466366541976E+07   0.317978204532E+07   0.897870994683E+01
       1103   0.466265617753E+07   0.317963502661E+07   0.897863565060E+01
       1041   0.466394422022E+07   0.317832784497E+07   0.897756902835E+01
        960   0.464501884725E+07   0.318666364965E+07   0.897538177849E+01
       1026   0.464594085276E+07   0.318667547079E+07   0.900969475248E+01
       1025   0.464457414775E+07   0.318806102967E+07   0.898260633138E+01
        856   0.465419692154E+07   0.317955513189E+07   0.897903106231E+01
        857   0.465464346188E+07   0.317911901773E+07   0.897483624252E+01
        910   0.465443970750E+07   0.318001142403E+07   0.897479808223E+01
        679   0.462233777128E+07   0.319435869975E+07   0.897264697250E+01
        650   0.462094209961E+07   0.319483505759E+07   0.897500191579E+01
        676   0.462174764828E+07   0.319266754129E+07   0.896831393483E+01
       1213   0.464621249239E+07   0.319227662972E+07   0.898585671855E+01
       1158   0.464591219533E+07   0.319031567495E+07   0.898324763678E+01
       1212   0.464819216834E+07   0.318954392720E+07   0.898274751396E+01
        644   0.463411086824E+07   0.317417353579E+07   0.896437748269E+01
        672   0.463291531443E+07   0.317563723705E+07   0.896313239860E+01
        643   0.463350599702E+07   0.317374384420E+07   0.896570686507E+01
        727   0.462780363713E+07   0.318651562580E+07   0.896152483463E+01
        729   0.462768109438E+07   0.318957030388E+07   0.896810884421E+01
        686   0.463486036721E+07   0.317779255351E+07   0.896032149122E+01
        675   0.463454569642E+07   0.317676200066E+07   0.896180326534E+01
        659   0.463579431272E+07   0.317580147128E+07   0.896006922601E+01
        602   0.462346843555E+07   0.317539816016E+07   0.897976020857E+01
        630   0.462288013289E+07   0.317737152588E+07   0.897847301631E+01
        601   0.462247084728E+07   0.317607908203E+07   0.897764748482E+01
        742   0.462897321614E+07   0.319064231150E+07   0.897355797708E+01
        751   0.463443783683E+07   0.318442857053E+07   0.896171420938E+01
        736   0.463494269979E+07   0.318267524856E+07   0.896059480578E+01
        739   0.463587164041E+07   0.318259712823E+07   0.896012426971E+01
       1317   0.463464884357E+07   0.321001596060E+07   0.899996254043E+01
       1355   0.463516879552E+07   0.321149691715E+07   0.899607219697E+01
       1354   0.463336984392E+07   0.321221801454E+07   0.899884176776E+01
       1162   0.463867546851E+07   0.320100530325E+07   0.898880981617E+01
       1207   0.463824464961E+07   0.320232781871E+07   0.898911720308E+01
       1150   0.463775945843E+07   0.320206650308E+07   0.899487180569E+01
       1415   0.461760571784E+07   0.321884071909E+07   0.900850885120E+01
       1414   0.461631488670E+07   0.321989338668E+07   0.900969355097E+01
       1368   0.461689276474E+07   0.321855994909E+07   0.900920214421E+01
       1042   0.466483204619E+07   0.317816460228E+07   0.897663196040E+01
       1037   0.465545678455E+07   0.318172299318E+07   0.897543318844E+01
       1038   0.465690495993E+07   0.318075696182E+07   0.897836347272E+01
       1222   0.466476490440E+07   0.318293871430E+07   0.898003764727E+01
       1221   0.466178881052E+07   0.318425362253E+07   0.897807190409E+01
       1171   0.466375741264E+07   0.318145917427E+07   0.897933202035E+01
       1160   0.464083190133E+07   0.319837272033E+07   0.898850290513E+01
       1215   0.464041640506E+07   0.320020503142E+07   0.898758886225E+01
       1161   0.463995476635E+07   0.319938212201E+07   0.898894035301E+01
        978   0.465806296155E+07   0.317918084812E+07   0.897906908430E+01
        917   0.465862161237E+07   0.317820876372E+07   0.898083854880E+01
        979   0.465881987337E+07   0.317888058406E+07   0.897990936785E+01
       1099   0.466001509333E+07   0.317994712931E+07   0.898054376656E+01
       1168   0.465866474078E+07   0.318261439156E+07   0.897922080597E+01
       1100   0.465874618690E+07   0.318068135316E+07   0.897879882332E+01
       1102   0.465730890037E+07   0.318202431723E+07   0.897734283446E+01
       1206   0.463680502509E+07   0.320442942272E+07   0.899546950224E+01
       1251   0.463635703807E+07   0.320565235121E+07   0.899768894273E+01
       1205   0.463610396515E+07   0.320507469090E+07   0.899944723909E+01
       1033   0.465333045977E+07   0.318254945764E+07   0.899102896937E+01
        969   0.465361231410E+07   0.318116119502E+07   0.899500833952E+01
        970   0.465434723379E+07   0.318106385607E+07   0.897636684398E+01
       1261   0.465448471916E+07   0.319151881710E+07   0.898063390009E+01
       1220   0.465689950502E+07   0.318649692634E+07   0.897832769649E+01
       1260   0.465835874202E+07   0.318852962586E+07   0.897793619710E+01
       1098   0.465403264108E+07   0.318354962849E+07   0.898238034173E+01
       1166   0.465260507831E+07   0.318622033952E+07   0.897877373577E+01
       1097   0.465222708520E+07   0.318462184057E+07   0.897243062136E+01
        914   0.465507338769E+07   0.318001843225E+07   0.898309732544E+01
        861   0.465511713255E+07   0.317910463896E+07   0.897372900338E+01
        899   0.464594072626E+07   0.318448612188E+07   0.897062114527E+01
        953   0.464687409811E+07   0.318439360630E+07   0.897974498664E+01
        959   0.464589794259E+07   0.318542468260E+07   0.898765679057E+01
       1501   0.461686326367E+07   0.322258733521E+07   0.901030658058E+01
       1461   0.461905698666E+07   0.322010554332E+07   0.900545929837E+01
       1502   0.461911887216E+07   0.322258707752E+07   0.900697808942E+01
       1280   0.463160327269E+07   0.320478074468E+07   0.899287117288E+01
       1246   0.463291047975E+07   0.320456343879E+07   0.898754561097E+01
       1281   0.463153936394E+07   0.320614049311E+07   0.899106088860E+01
       1163   0.463936999976E+07   0.320038163071E+07   0.898732482532E+01
       1338   0.462943588469E+07   0.320941382160E+07   0.899450795452E+01
       1376   0.462791656674E+07   0.321098619407E+07   0.899439282115E+01
       1337   0.462859049977E+07   0.320849249212E+07   0.899116630900E+01
       1076   0.463583862354E+07   0.320267205199E+07   0.898295595116E+01
       1020   0.463631765014E+07   0.320294499547E+07   0.898694960172E+01
       1278   0.462964234836E+07   0.320423350716E+07   0.899515396873E+01
       1243   0.463068037452E+07   0.320362070837E+07   0.899518968505E+01
       1279   0.463035405917E+07   0.320491371070E+07   0.899549708467E+01
       1019   0.463661762797E+07   0.320199740011E+07   0.898080938561E+01
       1075   0.463600675402E+07   0.320160654692E+07   0.898493937229E+01
       1155   0.464326474232E+07   0.319424821121E+07   0.898988466361E+01
       1086   0.464232387253E+07   0.319430198802E+07   0.898906479920E+01
       1092   0.464279078955E+07   0.319319393045E+07   0.899150398800E+01
       1134   0.463395247447E+07   0.319960589335E+07   0.899150172891E+01
       1135   0.463515223044E+07   0.319960139118E+07   0.899099849314E+01
       1196   0.463386299945E+07   0.320128333707E+07   0.898917680312E+01
        957   0.464942136098E+07   0.318347230035E+07   0.902437656259E+01
        956   0.464873345463E+07   0.318393396549E+07   0.904360036271E+01
        896   0.464929077114E+07   0.318296945578E+07   0.899458207593E+01
       1159   0.464437803849E+07   0.319268951715E+07   0.898640230855E+01
       1210   0.464327652776E+07   0.319587785637E+07   0.899054982611E+01
       1211   0.464451672817E+07   0.319413423550E+07   0.898915535579E+01
       1255   0.464534414590E+07   0.319543025313E+07   0.898632134707E+01
        967   0.465166511807E+07   0.318248463899E+07   0.902162472493E+01
        964   0.465079989162E+07   0.318257332616E+07   0.897071884805E+01
        906   0.465165465914E+07   0.318168105788E+07   0.902216717608E+01
       1032   0.465191092838E+07   0.318343281185E+07   0.900209987874E+01
       1029   0.465078977621E+07   0.318368152512E+07   0.901144802428E+01
        853   0.465267738115E+07   0.318079416867E+07   0.900004682041E+01
        854   0.465327965894E+07   0.318037437327E+07   0.898058449348E+01
        908   0.465306179508E+07   0.318105468465E+07   0.897561338726E+01
       1021   0.464999391794E+07   0.318354110823E+07   0.897587694585E+01
       1087   0.464966392518E+07   0.318493678086E+07   0.900220710612E+01
        849   0.464133084725E+07   0.318868405319E+07   0.897156226865E+01
        817   0.464093077702E+07   0.319007709385E+07   0.897787695626E+01
        816   0.464012021305E+07   0.319015034421E+07   0.896313519124E+01
        752   0.463757096730E+07   0.318287591282E+07   0.895705058247E+01
        764   0.463795480017E+07   0.318378216484E+07   0.896240390362E+01
        768   0.463632772206E+07   0.318527081637E+07   0.896107061010E+01
        662   0.463605180110E+07   0.317903197810E+07   0.895986223646E+01
        688   0.463586333143E+07   0.317971940900E+07   0.896028792446E+01
        687   0.463525198886E+07   0.317958086625E+07   0.895668510362E+01
        753   0.463581641033E+07   0.318412703848E+07   0.896254273349E+01
        740   0.463688110917E+07   0.318232840691E+07   0.896036424119E+01
        848   0.464203987378E+07   0.318695931343E+07   0.897158841110E+01
        813   0.464088329503E+07   0.318642581727E+07   0.896853477571E+01
        814   0.464224794097E+07   0.318527759585E+07   0.896858826193E+01
        728   0.463051956435E+07   0.318400127409E+07   0.896228127171E+01
        767   0.463400758662E+07   0.318685317243E+07   0.896727771958E+01
        769   0.463299464477E+07   0.318948563092E+07   0.897480714907E+01
        723   0.463472853518E+07   0.318174215858E+07   0.896224973844E+01
        735   0.463370183043E+07   0.318362281433E+07   0.896252213910E+01
        913   0.466046869962E+07   0.317643977127E+07   0.897941646843E+01
        859   0.465979295305E+07   0.317668429446E+07   0.898065984309E+01
        860   0.465991819100E+07   0.317597280625E+07   0.898119653932E+01
        722   0.463355775895E+07   0.318239478479E+07   0.896246453825E+01
        706   0.463426925131E+07   0.318089447999E+07   0.895824008676E+01
        642   0.462852007888E+07   0.317589273566E+07   0.896875188627E+01
        619   0.462937901957E+07   0.317413772367E+07   0.896880729799E+01
        641   0.462994815725E+07   0.317500855224E+07   0.896504641632E+01
        660   0.463624241524E+07   0.317641200095E+07   0.896098241726E+01
        622   0.463283993108E+07   0.317332284770E+07   0.896666088311E+01
        645   0.463122527756E+07   0.317473706149E+07   0.896462059697E+01
        621   0.463208123180E+07   0.317309412477E+07   0.896618013931E+01
        607   0.462661950553E+07   0.317387368668E+07   0.897211588645E+01
        606   0.462535867456E+07   0.317521629873E+07   0.897542899503E+01
        584   0.462527982225E+07   0.317372293701E+07   0.897959445017E+01
        531   0.462112303315E+07   0.317506754891E+07   0.897714848195E+01
        533   0.462096030569E+07   0.317565413172E+07   0.897723343935E+01
        511   0.462048012512E+07   0.317552982608E+07   0.898234304361E+01
        638   0.461619873383E+07   0.319112537279E+07   0.896817234013E+01
        667   0.461907719159E+07   0.318718966341E+07   0.896855536376E+01
        668   0.461855126722E+07   0.319115418787E+07   0.896810911001E+01
        576   0.462221988369E+07   0.317512431733E+07   0.897985257058E+01
        560   0.462146797528E+07   0.317567791683E+07   0.897881073041E+01
        554   0.462160153638E+07   0.317499925308E+07   0.897935960177E+01
        690   0.462298884343E+07   0.318338684715E+07   0.896649714323E+01
        691   0.462602768221E+07   0.318081709329E+07   0.896500405750E+01
        711   0.462565782990E+07   0.318470995430E+07   0.896044175960E+01
        715   0.462577837046E+07   0.319009474274E+07   0.896447957152E+01
        717   0.462584161098E+07   0.319211678019E+07   0.897055069738E+01
        623   0.461838310904E+07   0.319550456550E+07   0.898476330381E+01
        599   0.461797206952E+07   0.319677071969E+07   0.898127325214E+01
        598   0.461700146483E+07   0.319690584292E+07   0.897860337278E+01
        664   0.462265251439E+07   0.318014867503E+07   0.897406184317E+01
        631   0.462094862467E+07   0.317983467533E+07   0.897878224823E+01
        649   0.461984589692E+07   0.319458750068E+07   0.897307725044E+01
        624   0.461898125843E+07   0.319646042907E+07   0.898436070224E+01
        697   0.462366967102E+07   0.319143988924E+07   0.896625604050E+01
        712   0.462527685250E+07   0.318839830858E+07   0.896119482906E+01
        700   0.462421246718E+07   0.319282908472E+07   0.896921941453E+01
        693   0.462307774285E+07   0.318929783880E+07   0.896046225809E+01
        720   0.462714578225E+07   0.319533276380E+07   0.897830544160E+01
        719   0.462665137222E+07   0.319487075832E+07   0.898032655718E+01
        731   0.462783474288E+07   0.319337852098E+07   0.897779574268E+01
        730   0.462713017071E+07   0.319225936194E+07   0.897452453687E+01
        834   0.463301963140E+07   0.319561084159E+07   0.897603664326E+01
        881   0.463350061922E+07   0.319596476194E+07   0.897563321885E+01
        880   0.463259262867E+07   0.319684931754E+07   0.897663892089E+01
        732   0.462816580304E+07   0.319453160896E+07   0.897492639198E+01
       1004   0.463106967487E+07   0.320047597128E+07   0.899541178151E+01
       1064   0.463052063745E+07   0.320151411759E+07   0.899627598249E+01
       1005   0.463033736864E+07   0.320103247297E+07   0.899646604555E+01
        639   0.461725612751E+07   0.319399287337E+07   0.897260697513E+01
        616   0.461599046556E+07   0.319574100637E+07   0.896967082065E+01
        637   0.461596358746E+07   0.319384700686E+07   0.897043861065E+01
       1118   0.461989410215E+07   0.321222661467E+07   0.900501036824E+01
       1116   0.461985708741E+07   0.321160102956E+07   0.900514016965E+01
       1182   0.462050369661E+07   0.321162428549E+07   0.900490938101E+01
        640   0.461870571470E+07   0.319369010501E+07   0.897211018647E+01
        669   0.462061151061E+07   0.319159108300E+07   0.896362644030E+01
        590   0.461389119409E+07   0.319724443488E+07   0.898096902619E+01
        612   0.461417976470E+07   0.319562531097E+07   0.898065598562E+01
        613   0.461495761100E+07   0.319593962455E+07   0.897553671464E+01
       1240   0.462926692971E+07   0.320353425192E+07   0.899672548135E+01
       1194   0.462979215505E+07   0.320254108384E+07   0.899766747103E+01
       1242   0.463001822979E+07   0.320285356161E+07   0.899712488796E+01
        680   0.462369353754E+07   0.319570401469E+07   0.897471660128E+01
        655   0.462265800915E+07   0.319645711354E+07   0.897045246896E+01
        681   0.462315996846E+07   0.319498900925E+07   0.897131807494E+01
        999   0.462681979966E+07   0.320205413823E+07   0.899672827977E+01
        997   0.462775947605E+07   0.320100645337E+07   0.899721793880E+01
       1056   0.462767048172E+07   0.320182336263E+07   0.899628425583E+01
       1017   0.463504640881E+07   0.320493650148E+07   0.898837586669E+01
       1239   0.462855664648E+07   0.320366131332E+07   0.899746467990E+01
       1192   0.462943878898E+07   0.320249819478E+07   0.899797153787E+01
       1139   0.463476577864E+07   0.320427975717E+07   0.898768729311E+01
       1198   0.463416063387E+07   0.320390678422E+07   0.898468667211E+01
       1138   0.463514553178E+07   0.320348799707E+07   0.898534323677E+01
       1494   0.462865566403E+07   0.322786021384E+07   0.900459203442E+01
       1527   0.462525045578E+07   0.322654661004E+07   0.900394451939E+01
       1493   0.463028422542E+07   0.322253007461E+07   0.900178154954E+01
       1369   0.461771091308E+07   0.321789678262E+07   0.900869327639E+01
       1328   0.461736782830E+07   0.321759578386E+07   0.900922779828E+01
       1329   0.461815091054E+07   0.321702422475E+07   0.900890570715E+01
       1533   0.461929496965E+07   0.322583854692E+07   0.900325472096E+01
       1532   0.461597684231E+07   0.322614160874E+07   0.900859076638E+01
        922   0.466711454502E+07   0.317624794042E+07   0.898389975511E+01
        921   0.466779433690E+07   0.317535449352E+07   0.898336514531E+01
        984   0.466769405542E+07   0.317614661576E+07   0.898366245117E+01
        924   0.466858032602E+07   0.317506999270E+07   0.898298832467E+01
        871   0.466840332504E+07   0.317432217181E+07   0.898313613552E+01
        923   0.466976314204E+07   0.317356217003E+07   0.898334919548E+01
       1047   0.466778620023E+07   0.317742415457E+07   0.898156276058E+01
       1107   0.466683319063E+07   0.317855838369E+07   0.898085475996E+01
       1044   0.466725474831E+07   0.317716943905E+07   0.898245889829E+01
       1095   0.466223174912E+07   0.317877339171E+07   0.897866100236E+01
       1040   0.466333425828E+07   0.317805138198E+07   0.897663070129E+01
        869   0.466723572984E+07   0.317565788256E+07   0.898383225046E+01
        821   0.466537419110E+07   0.317457937349E+07   0.897660280938E+01
        822   0.466479685460E+07   0.317463948362E+07   0.897752575470E+01
        794   0.466526387303E+07   0.317396844485E+07   0.897751663818E+01
        865   0.466489228754E+07   0.317523269293E+07   0.897666184758E+01
       1036   0.465951694865E+07   0.317898068690E+07   0.897917769040E+01
       1039   0.465819613605E+07   0.318008484971E+07   0.897920602648E+01
        972   0.466192922867E+07   0.317643500985E+07   0.897904560425E+01
       1031   0.466204165537E+07   0.317760468173E+07   0.897843414563E+01
       1035   0.466084671085E+07   0.317793722861E+07   0.897884515046E+01
       1030   0.466299374388E+07   0.317746590581E+07   0.897755083729E+01
        912   0.465985235466E+07   0.317719503995E+07   0.897982683485E+01
        973   0.465938454813E+07   0.317799624097E+07   0.898023679751E+01
        911   0.465925935669E+07   0.317739601850E+07   0.898055738686E+01
       1170   0.466203863515E+07   0.318167642091E+07   0.897825836080E+01
       1165   0.466088247739E+07   0.318092748527E+07   0.897966834922E+01
       1096   0.466124513981E+07   0.317896092965E+07   0.897879637515E+01
        858   0.465928206215E+07   0.317678492556E+07   0.898124829493E+01
        862   0.465575255629E+07   0.317932337433E+07   0.897661250567E+01
        909   0.465377661627E+07   0.318024565885E+07   0.898713465627E+01
        968   0.465261548956E+07   0.318205943665E+07   0.903592941067E+01
        976   0.465612600454E+07   0.318041470474E+07   0.897299207164E+01
        975   0.465519087348E+07   0.318084530696E+07   0.897090793364E+01
       1094   0.465070668074E+07   0.318506923466E+07   0.899006814644E+01
       1164   0.465049658286E+07   0.318700237006E+07   0.898667304900E+01
        971   0.466108565954E+07   0.317640474641E+07   0.897947137612E+01
       1219   0.465377831103E+07   0.318801738590E+07   0.898068342108E+01
       1045   0.466656841593E+07   0.317779691983E+07   0.898159746849E+01
       1292   0.465077759585E+07   0.319739003002E+07   0.898386133705E+01
       1289   0.464756892606E+07   0.319639142180E+07   0.898589711720E+01
       1259   0.465093534584E+07   0.319255619920E+07   0.898302404635E+01
        986   0.466922540586E+07   0.317526358890E+07   0.898204709869E+01
        988   0.466825519485E+07   0.317630173920E+07   0.898241936390E+01
       1322   0.464748455171E+07   0.320357619690E+07   0.898807094157E+01
       1323   0.465160240310E+07   0.320214204316E+07   0.898625143407E+01
       1359   0.464648437519E+07   0.320956473689E+07   0.899197692350E+01
       1046   0.466896558196E+07   0.317677145939E+07   0.898243452239E+01
       1216   0.463925334115E+07   0.320159419253E+07   0.898737011686E+01
       1256   0.464810920496E+07   0.319255407283E+07   0.898467306178E+01
       1287   0.463865557988E+07   0.320471444183E+07   0.898971472983E+01
       1291   0.464030351309E+07   0.320425634669E+07   0.898883898997E+01
       1319   0.463865446173E+07   0.320706463028E+07   0.899100491347E+01
       1448   0.463202777748E+07   0.321762761912E+07   0.899822199341E+01
       1449   0.463530257768E+07   0.321867013415E+07   0.900018000115E+01
       1208   0.463760894715E+07   0.320350282688E+07   0.899096295375E+01
       1253   0.463862444043E+07   0.320318669861E+07   0.898817900111E+01
       1320   0.464559792376E+07   0.320147062726E+07   0.898802213338E+01
       1402   0.464010498139E+07   0.321393110925E+07   0.899654396992E+01
       1358   0.464344201442E+07   0.320743485058E+07   0.899179323590E+01
       1450   0.463320404298E+07   0.322411422953E+07   0.900264766259E+01
       1249   0.463456499978E+07   0.320788608214E+07   0.900073227946E+01
       1202   0.463414079258E+07   0.320767870054E+07   0.900147931533E+01
       1203   0.463484290760E+07   0.320695364794E+07   0.900093759852E+01
       1250   0.463558879461E+07   0.320686079117E+07   0.899948870028E+01
       1286   0.463693887879E+07   0.320657818490E+07   0.899341695936E+01
       1285   0.463540696613E+07   0.320819210408E+07   0.899926790613E+01
       1351   0.462992449617E+07   0.321165430041E+07   0.899213468301E+01
       1352   0.463081466370E+07   0.321206279474E+07   0.899817454043E+01
       1397   0.462906619546E+07   0.321358141689E+07   0.899561190848E+01
       1321   0.464175193424E+07   0.320531617599E+07   0.899098287095E+01
       1356   0.463723342320E+07   0.321002926316E+07   0.899384032107E+01
       1318   0.463639244741E+07   0.320876472402E+07   0.899447625599E+01
       1145   0.463421060937E+07   0.320706867696E+07   0.900159237911E+01
       1201   0.463368480730E+07   0.320774259323E+07   0.900226472275E+01
       1084   0.463694147095E+07   0.320256371347E+07   0.899120663251E+01
       1085   0.463666040837E+07   0.320331518855E+07   0.899381814867E+01
       1396   0.462807544396E+07   0.321269272462E+07   0.899360762052E+01
       1445   0.462680648476E+07   0.321534197647E+07   0.899710260860E+01
       1147   0.463470080151E+07   0.320647600318E+07   0.900166527437E+01
       1146   0.463480799361E+07   0.320583073365E+07   0.900174267568E+01
       1204   0.463542503222E+07   0.320597026660E+07   0.900080287024E+01
       1252   0.463750410571E+07   0.320469726343E+07   0.899195939913E+01
       1288   0.464447052320E+07   0.319879507361E+07   0.898770239374E+01
       1214   0.464163308189E+07   0.319891858374E+07   0.898891751287E+01
       1209   0.464223683706E+07   0.319749264127E+07   0.898988669853E+01
       1254   0.464331108453E+07   0.319770345229E+07   0.898807380092E+01
        907   0.465234298169E+07   0.318135152369E+07   0.905539474441E+01
       1024   0.464901686504E+07   0.318453395008E+07   0.899138836191E+01
       1023   0.464802663417E+07   0.318504373493E+07   0.906059470942E+01
       1093   0.464411657776E+07   0.319168224484E+07   0.898793346651E+01
       1091   0.464456864165E+07   0.319026263353E+07   0.898589016952E+01
       1083   0.463727803457E+07   0.320187260260E+07   0.898746250213E+01
       1018   0.463734161194E+07   0.320129351981E+07   0.897834675314E+01
       1151   0.463733514436E+07   0.320292634205E+07   0.899317880640E+01
       1152   0.463687816508E+07   0.320370690392E+07   0.899443185916E+01
       1082   0.463611487449E+07   0.320372320141E+07   0.899224241634E+01
       1141   0.463503730589E+07   0.320257879252E+07   0.898592846642E+01
       1248   0.463350855479E+07   0.320869014682E+07   0.900246143755E+01
       1275   0.462536622070E+07   0.320808855112E+07   0.899723954597E+01
       1235   0.462575399938E+07   0.320722476391E+07   0.899744437498E+01
       1273   0.462635348646E+07   0.320701018846E+07   0.899773310506E+01
       1312   0.463088432802E+07   0.320897149856E+07   0.899507827158E+01
       1350   0.462948138092E+07   0.321071966296E+07   0.899602900130E+01
       1200   0.463341604155E+07   0.320538939147E+07   0.898428726725E+01
       1142   0.463405437910E+07   0.320470988823E+07   0.898222313211E+01
       1199   0.463399715770E+07   0.320273183450E+07   0.898637660704E+01
       1193   0.463119188481E+07   0.320197962408E+07   0.899383376149E+01
       1195   0.463145863180E+07   0.320261221710E+07   0.899227937682E+01
       1241   0.463059631107E+07   0.320277790358E+07   0.899663834554E+01
       1063   0.463128445571E+07   0.320086376282E+07   0.899457012095E+01
       1247   0.463265275572E+07   0.320599703381E+07   0.898658357076E+01
       1067   0.463543839968E+07   0.319782396984E+07   0.897692844578E+01
       1068   0.463646999162E+07   0.319803117240E+07   0.897777712704E+01
       1238   0.462757718504E+07   0.320457745248E+07   0.899745330164E+01
       1231   0.462663779920E+07   0.320535984256E+07   0.899701409545E+01
       1189   0.462680886736E+07   0.320438207412E+07   0.899697062752E+01
       1130   0.462914051768E+07   0.320226735943E+07   0.899641127459E+01
       1129   0.462861838314E+07   0.320232068672E+07   0.899681613081E+01
       1060   0.462934677677E+07   0.320163283990E+07   0.899655595634E+01
       1127   0.462802294761E+07   0.320229283899E+07   0.899652621048E+01
       1057   0.462849976370E+07   0.320109404979E+07   0.899641562381E+01
        940   0.463537323880E+07   0.319534363002E+07   0.897348425509E+01
       1655   0.463511767305E+07   0.319683421801E+07   0.897464340934E+01
       1007   0.463415004931E+07   0.319706270801E+07   0.897512464651E+01
        998   0.462862482056E+07   0.320021788258E+07   0.899769138241E+01
        833   0.463235832173E+07   0.319639387447E+07   0.897505126295E+01
        800   0.463175785099E+07   0.319651687752E+07   0.897452005463E+01
        801   0.463225530287E+07   0.319576047698E+07   0.897539886407E+01
        762   0.463156786976E+07   0.319536509400E+07   0.897907538818E+01
        761   0.463097965559E+07   0.319585978308E+07   0.898769766931E+01
        746   0.463130254507E+07   0.319485378598E+07   0.899090268117E+01
       1011   0.463733760374E+07   0.319817339894E+07   0.897869837913E+01
       1073   0.463624488843E+07   0.319943834376E+07   0.898689751325E+01
        936   0.463045374550E+07   0.320007850021E+07   0.899691299228E+01
       1002   0.462997288384E+07   0.320110698940E+07   0.899662391142E+01
       1001   0.462967980047E+07   0.320081778808E+07   0.899703789310E+01
        778   0.463142501267E+07   0.319612828211E+07   0.897600696809E+01
       1008   0.463631924901E+07   0.319578018093E+07   0.897274256669E+01
        946   0.463752524707E+07   0.319518998844E+07   0.897090306862E+01
       1010   0.463691004474E+07   0.319653704152E+07   0.897433819279E+01
        781   0.463271325436E+07   0.319432182987E+07   0.897459920632E+01
        779   0.463215449867E+07   0.319518517275E+07   0.897535258407E+01
        763   0.463198449599E+07   0.319455978689E+07   0.897878884653E+01
        815   0.464039619150E+07   0.318842070045E+07   0.897005970385E+01
        838   0.463893139981E+07   0.319012125678E+07   0.896643317448E+01
        807   0.463900719148E+07   0.318828103850E+07   0.896675646683E+01
        784   0.463893254934E+07   0.318527717585E+07   0.896234111007E+01
        805   0.463744601904E+07   0.318791132252E+07   0.896253665410E+01
        783   0.463746919422E+07   0.318574344512E+07   0.896444941208E+01
        939   0.463408046655E+07   0.319619733965E+07   0.897468148669E+01
        804   0.463376608423E+07   0.319355202147E+07   0.896945037019E+01
        782   0.463310545470E+07   0.319334819752E+07   0.897434604928E+01
        803   0.463404787946E+07   0.319205991694E+07   0.897180047861E+01
        837   0.463709571814E+07   0.319057400051E+07   0.896548755749E+01
        941   0.463690420841E+07   0.319385731234E+07   0.897062144776E+01
        942   0.463746995515E+07   0.319435343683E+07   0.896920715154E+01
        945   0.463809099671E+07   0.319540631059E+07   0.897306585214E+01
       1009   0.463766093604E+07   0.319677776671E+07   0.897382706391E+01
       1140   0.463521434778E+07   0.320111126567E+07   0.898813641336E+01
        951   0.463772878714E+07   0.320024143543E+07   0.898207560885E+01
       1027   0.464384144490E+07   0.318980346714E+07   0.898453238025E+01
       1028   0.464317555572E+07   0.319171691991E+07   0.898653783175E+01
        839   0.463935604355E+07   0.319142393246E+07   0.896044353529E+01
        885   0.463851320447E+07   0.319284522244E+07   0.896380868326E+01
        884   0.463775793251E+07   0.319201843574E+07   0.895938057160E+01
        842   0.463967752798E+07   0.319428540341E+07   0.897502978983E+01
        889   0.463892784469E+07   0.319494250905E+07   0.897472421116E+01
        888   0.463896449636E+07   0.319435175461E+07   0.897556377120E+01
        891   0.463825698823E+07   0.319400971392E+07   0.896737996588E+01
        818   0.464140528327E+07   0.319147777172E+07   0.897340181627E+01
        791   0.464077677499E+07   0.319241234571E+07   0.897537119035E+01
        792   0.464051081113E+07   0.319203168343E+07   0.897482410014E+01
        809   0.464012583723E+07   0.319284519488E+07   0.897537225543E+01
        841   0.463959672468E+07   0.319360686113E+07   0.897587715390E+01
        811   0.463960155343E+07   0.319287658426E+07   0.897508072407E+01
       1022   0.464711682179E+07   0.318506449217E+07   0.897436409495E+01
        954   0.464782142773E+07   0.318348406930E+07   0.896949719519E+01
        789   0.464183945855E+07   0.318455136605E+07   0.896727362186E+01
        790   0.464289306983E+07   0.318350601125E+07   0.896355327806E+01
       1153   0.464225154147E+07   0.319548666345E+07   0.898684150556E+01
        902   0.464232934745E+07   0.318952751628E+07   0.899131857490E+01
        852   0.464158089542E+07   0.319071157668E+07   0.898519851521E+01
        850   0.464162673527E+07   0.319007062306E+07   0.898811410271E+01
        904   0.465118255238E+07   0.318155077619E+07   0.902721934386E+01
        952   0.465005174197E+07   0.318244557230E+07   0.897848915304E+01
       1157   0.464730967205E+07   0.318805730075E+07   0.899290840254E+01
       1090   0.464559762376E+07   0.318853491529E+07   0.900021582493E+01
       1088   0.464703934373E+07   0.318655752943E+07   0.898135298102E+01
        955   0.464811122860E+07   0.318401382144E+07   0.900403643081E+01
        895   0.464872480421E+07   0.318329606000E+07   0.900635982082E+01
        844   0.464909971849E+07   0.318254546381E+07   0.900974117872E+01
        765   0.463902630361E+07   0.318358567503E+07   0.896052549186E+01
        766   0.464010953377E+07   0.318329888988E+07   0.895952409089E+01
        958   0.464391975278E+07   0.318730020313E+07   0.897235673793E+01
        808   0.464123003728E+07   0.319258888770E+07   0.897492826863E+01
        747   0.463923174273E+07   0.318184604738E+07   0.895870622730E+01
        900   0.464470603152E+07   0.318591865113E+07   0.897382325659E+01
        847   0.464472490710E+07   0.318471634691E+07   0.896196874162E+01
        898   0.464532088541E+07   0.318490150312E+07   0.897121211503E+01
        725   0.463687302077E+07   0.318107914591E+07   0.895700930074E+01
        724   0.463582182805E+07   0.318138222874E+07   0.895968853034E+01
        710   0.463650323174E+07   0.318063617878E+07   0.896026654796E+01
        787   0.463954160678E+07   0.318626940545E+07   0.896548168576E+01
        785   0.463533959176E+07   0.318807783811E+07   0.896020299057E+01
        788   0.464089433365E+07   0.318480598683E+07   0.896645977262E+01
        772   0.464025488810E+07   0.318432401965E+07   0.896445369632E+01
        773   0.464119930647E+07   0.318358184479E+07   0.896316863342E+01
        685   0.463520653735E+07   0.317867194441E+07   0.895994234837E+01
        704   0.463433121343E+07   0.317966257163E+07   0.895773442528E+01
        806   0.463553208758E+07   0.319020450739E+07   0.895937919941E+01
        786   0.463356663810E+07   0.319101342360E+07   0.897452715598E+01
        718   0.462666902539E+07   0.319384068018E+07   0.897768289689E+01
        836   0.463514551424E+07   0.319234812983E+07   0.896364557240E+01
        835   0.463416486285E+07   0.319432690448E+07   0.897325307999E+01
        755   0.463099264921E+07   0.319167579565E+07   0.897879537323E+01
        770   0.463215846878E+07   0.319156720693E+07   0.898752779832E+01
        756   0.463089094257E+07   0.319344205306E+07   0.897830957071E+01
        734   0.463211766262E+07   0.318422566544E+07   0.896333201265E+01
        714   0.463164430711E+07   0.318085733318E+07   0.896203507308E+01
        713   0.462919815165E+07   0.318238679645E+07   0.896023247152E+01
        620   0.463086122514E+07   0.317331976999E+07   0.896112972926E+01
        670   0.462955881120E+07   0.317682285683E+07   0.896550874946E+01
        671   0.462787411294E+07   0.317822555628E+07   0.896687448738E+01
        721   0.463279806292E+07   0.318169129172E+07   0.896087751869E+01
        708   0.463568968528E+07   0.318055378128E+07   0.896177284672E+01
        709   0.463632063611E+07   0.318018258384E+07   0.896212962173E+01
        689   0.463635853416E+07   0.317956959244E+07   0.896176396601E+01
        674   0.463349489536E+07   0.317658104638E+07   0.896272934983E+01
        696   0.463324433675E+07   0.317829983527E+07   0.896259714135E+01
        760   0.466681243304E+07   0.317295084839E+07   0.897677459554E+01
        777   0.466643957699E+07   0.317360853965E+07   0.897645742275E+01
        775   0.466612732821E+07   0.317330001698E+07   0.897698505830E+01
        695   0.463137861495E+07   0.317866078797E+07   0.896236289564E+01
        694   0.462858886703E+07   0.318006995852E+07   0.896221350902E+01
        666   0.462677298199E+07   0.317765796787E+07   0.896828598613E+01
        665   0.462478949793E+07   0.317925694089E+07   0.896879913832E+01
        633   0.462606543975E+07   0.317618669445E+07   0.897189381948E+01
        608   0.462750584624E+07   0.317415459704E+07   0.897001406769E+01
        629   0.461869262832E+07   0.318177107465E+07   0.898345063174E+01
        603   0.461977362805E+07   0.317887074714E+07   0.898340145954E+01
        634   0.462744538085E+07   0.317570716453E+07   0.897105463074E+01
        618   0.462842964889E+07   0.317424360989E+07   0.896893628683E+01
        605   0.462426664416E+07   0.317552593176E+07   0.897828856472E+01
        583   0.462432571528E+07   0.317443346334E+07   0.897934880166E+01
        673   0.463091557611E+07   0.317695144923E+07   0.896397846263E+01
        581   0.462157969449E+07   0.317633214035E+07   0.897441553872E+01
        578   0.462396040431E+07   0.317396171136E+07   0.897990660931E+01
        577   0.462303965056E+07   0.317486315856E+07   0.897944338342E+01
        556   0.462299029392E+07   0.317399209604E+07   0.898173720521E+01
        604   0.462146033635E+07   0.317768205497E+07   0.897696756043E+01
        582   0.462079196674E+07   0.317725598847E+07   0.898346499899E+01
        632   0.462430195330E+07   0.317732257959E+07   0.897330001264E+01
        580   0.462008398187E+07   0.317716941635E+07   0.898908340708E+01
        559   0.462045990187E+07   0.317611735711E+07   0.898300709353E+01
        561   0.462087149350E+07   0.317638215508E+07   0.897760765858E+01
        562   0.462482159087E+07   0.317335900835E+07   0.898030586648E+01
        617   0.461722915352E+07   0.319549910146E+07   0.897172515075E+01
        635   0.461737748493E+07   0.318521359520E+07   0.897758164742E+01
        663   0.462032495630E+07   0.318305255600E+07   0.897547154926E+01
        716   0.462567650696E+07   0.319383421241E+07   0.897438737989E+01
        701   0.462450196379E+07   0.319406854692E+07   0.897306852056E+01
        654   0.462171476050E+07   0.319650621486E+07   0.897290185928E+01
        682   0.462549340204E+07   0.319558263565E+07   0.897661511827E+01
        703   0.462599992299E+07   0.319545277199E+07   0.897653537054E+01
        683   0.462527510349E+07   0.319629557748E+07   0.897724788683E+01
        874   0.462420115607E+07   0.320385048564E+07   0.899980804583E+01
        928   0.462502836043E+07   0.320342181724E+07   0.899838010018E+01
        929   0.462451197368E+07   0.320428459433E+07   0.899910012670E+01
        698   0.462509319177E+07   0.319522018399E+07   0.897617228469E+01
        678   0.462414967810E+07   0.319603974767E+07   0.897714454528E+01
        699   0.462461061926E+07   0.319499009902E+07   0.897587042836E+01
        832   0.462577026099E+07   0.320070213660E+07   0.899961110208E+01
        878   0.462636627633E+07   0.320072352494E+07   0.899885038706E+01
        877   0.462564735450E+07   0.320149686049E+07   0.899919630160E+01
        932   0.462820598155E+07   0.320010800937E+07   0.899772985568E+01
        933   0.462879283584E+07   0.319936255925E+07   0.899814070025E+01
        879   0.462733794253E+07   0.320002545512E+07   0.899818951434E+01
        931   0.462764527243E+07   0.320040179340E+07   0.899787496217E+01
        935   0.462698232333E+07   0.320101369678E+07   0.899784373743E+01
        934   0.462618978806E+07   0.320177083002E+07   0.899824088226E+01
        994   0.462582953722E+07   0.320289276381E+07   0.899754322173E+01
        995   0.462530623758E+07   0.320410103089E+07   0.899796755782E+01
        798   0.462355693588E+07   0.320318269922E+07   0.900197465920E+01
        797   0.462370092048E+07   0.320249292876E+07   0.900250285836E+01
        828   0.462445174654E+07   0.320227901010E+07   0.900081049585E+01
        996   0.462551605349E+07   0.320479718671E+07   0.899754090772E+01
        993   0.462497578857E+07   0.320502754664E+07   0.899825035339E+01
        927   0.462541685222E+07   0.320244561377E+07   0.899871126054E+01
        872   0.462503755073E+07   0.320210408308E+07   0.899977838181E+01
       1500   0.461470033822E+07   0.322441879024E+07   0.901232823401E+01
       1459   0.461538030348E+07   0.322179185197E+07   0.901122250606E+01
       1265   0.461946680814E+07   0.321437642286E+07   0.900543125073E+01
       1266   0.461986599466E+07   0.321356791201E+07   0.900589112238E+01
       1299   0.462037381748E+07   0.321383742013E+07   0.900468361896E+01
       1412   0.461508112463E+07   0.322043403407E+07   0.901099655500E+01
       1327   0.461665066580E+07   0.321795482084E+07   0.900994652400E+01
       1177   0.462147035411E+07   0.321005920164E+07   0.900477653185E+01
       1179   0.462228658344E+07   0.320945630691E+07   0.900377416913E+01
       1226   0.462168947195E+07   0.321045146114E+07   0.900460650657E+01
       1229   0.461982710432E+07   0.321294017104E+07   0.900654902062E+01
       1225   0.461929011940E+07   0.321374929471E+07   0.900609059977E+01
       1184   0.462593258137E+07   0.320605732727E+07   0.899746323740E+01
       1188   0.462561928591E+07   0.320682091698E+07   0.899775475877E+01
       1124   0.462531443766E+07   0.320641208974E+07   0.900231595017E+01
       1053   0.462503239512E+07   0.320557113558E+07   0.899810328649E+01
        992   0.462443521224E+07   0.320574529561E+07   0.899843294155E+01
       1051   0.462383536310E+07   0.320660231104E+07   0.899842625876E+01
       1052   0.462442183999E+07   0.320631424586E+07   0.899829706416E+01
       1121   0.462403447857E+07   0.320708895725E+07   0.899933617949E+01
       1178   0.462302556639E+07   0.320874754574E+07   0.900314375174E+01
       1227   0.462285800587E+07   0.320941050490E+07   0.900324818276E+01
       1181   0.462097216315E+07   0.321081299276E+07   0.900498587270E+01
       1123   0.462482393980E+07   0.320642038302E+07   0.899824962933E+01
       1125   0.462647851397E+07   0.320382477237E+07   0.899656577778E+01
       1058   0.462708231556E+07   0.320276135917E+07   0.899616952500E+01
       1128   0.462726414530E+07   0.320334891112E+07   0.899671224570E+01
       1187   0.462512536524E+07   0.320665719217E+07   0.899843290453E+01
       1186   0.462436712628E+07   0.320737070293E+07   0.899929661623E+01
       1419   0.462581903390E+07   0.321366526980E+07   0.900164703201E+01
       1300   0.462227659573E+07   0.321139559010E+07   0.900340721222E+01
       1270   0.462147151542E+07   0.321174299346E+07   0.900444832906E+01
       1267   0.462189510631E+07   0.321089059583E+07   0.900404537282E+01
       1230   0.462109900386E+07   0.321142713459E+07   0.900466298249E+01
       1302   0.462326586978E+07   0.321105037676E+07   0.900272685299E+01
       1334   0.462382762957E+07   0.321173455864E+07   0.900096997026E+01
       1333   0.462246419319E+07   0.321238490862E+07   0.900283092600E+01
       1269   0.462046159321E+07   0.321272106041E+07   0.900592451510E+01
       1180   0.461901832346E+07   0.321328653631E+07   0.900725350399E+01
       1330   0.461909207141E+07   0.321611892480E+07   0.900671316217E+01
       1296   0.461880552051E+07   0.321536609584E+07   0.900711252685E+01
       1298   0.461960064592E+07   0.321499442392E+07   0.900493389953E+01
       1295   0.461772013964E+07   0.321684720740E+07   0.900934821042E+01
       1331   0.462030278990E+07   0.321513265207E+07   0.900266838470E+01
       1263   0.461890458520E+07   0.321451942695E+07   0.900615834888E+01
       1555   0.461594428225E+07   0.323004880614E+07   0.900939901645E+01
       1460   0.461730783029E+07   0.322036488165E+07   0.900842865380E+01
       1503   0.462233902295E+07   0.322124101747E+07   0.899955342681E+01
       1418   0.462310002646E+07   0.321556928407E+07   0.900129358644E+01
       1372   0.462139849573E+07   0.321539621164E+07   0.899982016012E+01
       1373   0.462282041416E+07   0.321360524528E+07   0.900036411276E+01
       1371   0.461980031926E+07   0.321666464931E+07   0.900392665813E+01
       1233   0.462316816216E+07   0.320969115523E+07   0.900305527790E+01
       1271   0.462298400005E+07   0.321049250912E+07   0.900317272087E+01
       1268   0.462255876718E+07   0.321033165825E+07   0.900359570707E+01
       1417   0.462068878608E+07   0.321751788113E+07   0.900128876061E+01
       1332   0.462143126063E+07   0.321383425340E+07   0.900223386527E+01
       1307   0.462875639128E+07   0.320634106342E+07   0.899548086625E+01
       1308   0.463012244462E+07   0.320647242386E+07   0.899400624225E+01
       1313   0.463084832438E+07   0.321016593468E+07   0.899619896002E+01
       1398   0.463024696034E+07   0.321417783458E+07   0.899805212729E+01
       1463   0.462426755253E+07   0.321729082854E+07   0.899880606994E+01
       1374   0.462460101999E+07   0.321269981079E+07   0.899851175869E+01
       1316   0.463324875797E+07   0.321076114375E+07   0.899840578144E+01
       1353   0.463192000366E+07   0.321240057000E+07   0.899801368328E+01
       1315   0.463207019713E+07   0.321082790650E+07   0.899898435442E+01
       1399   0.463167598026E+07   0.321465077371E+07   0.899889018740E+01
       1401   0.463621450817E+07   0.321380039262E+07   0.899742684128E+01
       1403   0.463815732560E+07   0.322158686804E+07   0.900061401085E+01
       1314   0.463093637379E+07   0.321122225083E+07   0.899381507176E+01
       1491   0.462593989706E+07   0.321902344331E+07   0.899694947378E+01
       1447   0.462931034218E+07   0.321720620628E+07   0.899968747709E+01
       1492   0.462773733512E+07   0.322119263727E+07   0.900035698492E+01
       1446   0.462824545016E+07   0.321591654102E+07   0.899730740301E+01
       1400   0.463366567195E+07   0.321404651071E+07   0.899722112067E+01
       1552   0.461986760159E+07   0.323013008807E+07   0.901051568984E+01
       1526   0.462336802568E+07   0.322406919090E+07   0.899973868691E+01
       1451   0.463265823251E+07   0.322949010488E+07   0.900508735106E+01
        987   0.467036330700E+07   0.317470102315E+07   0.898042989385E+01
       1108   0.466791092805E+07   0.317832293943E+07   0.898057696598E+01
       1172   0.466545444245E+07   0.318031098750E+07   0.898008745396E+01
       1105   0.466485974993E+07   0.317940378475E+07   0.897870440718E+01
        982   0.466481228961E+07   0.317713693196E+07   0.897629531847E+01
        985   0.466698138309E+07   0.317688656087E+07   0.898391000985E+01
        980   0.466384776702E+07   0.317695705148E+07   0.897640568781E+01
        918   0.466440738098E+07   0.317604734605E+07   0.897644941279E+01
        919   0.466454979115E+07   0.317644185497E+07   0.897586127879E+01
       1106   0.466591733767E+07   0.317890129559E+07   0.898009822360E+01
        823   0.466552734037E+07   0.317510057984E+07   0.897575599864E+01
        824   0.466616993243E+07   0.317492094427E+07   0.897522341925E+01
        867   0.466565175710E+07   0.317572840929E+07   0.897487821265E+01
       1043   0.466588826424E+07   0.317783115736E+07   0.897734437860E+01
        983   0.466545430456E+07   0.317687741386E+07   0.897614641755E+01
        827   0.466801937898E+07   0.317366525754E+07   0.898457394916E+01
        870   0.466910395410E+07   0.317310728086E+07   0.898335521785E+01
        868   0.466726626733E+07   0.317491498475E+07   0.898420311759E+01
        825   0.466723610929E+07   0.317354159992E+07   0.898493407310E+01
        826   0.466815136324E+07   0.317246913254E+07   0.898483965493E+01
        793   0.466583919689E+07   0.317398120156E+07   0.897669124759E+01
        866   0.466504454784E+07   0.317577519656E+07   0.897556315797E+01
        795   0.466600068219E+07   0.317438678721E+07   0.897601383518E+01
        796   0.466659748123E+07   0.317408736611E+07   0.897547608900E+01
        759   0.466679693702E+07   0.317244648862E+07   0.897714982213E+01
        776   0.466615699517E+07   0.317262884076E+07   0.897746298671E+01
        966   0.466297814703E+07   0.317657812705E+07   0.897719488179E+01
        981   0.466426084021E+07   0.317718492349E+07   0.897661748221E+01
        965   0.466371521958E+07   0.317639535325E+07   0.897703230063E+01
        905   0.466426297545E+07   0.317563515216E+07   0.897719775458E+01
        920   0.466502305603E+07   0.317635948431E+07   0.897500824803E+01
        974   0.466022099793E+07   0.317754759674E+07   0.897903274871E+01
        864   0.465872247734E+07   0.317745278380E+07   0.898098399009E+01
        863   0.465624885775E+07   0.317914172246E+07   0.897478884348E+01
        915   0.465576767797E+07   0.317993886651E+07   0.897378914248E+01
        916   0.465640578231E+07   0.317948781625E+07   0.897432804934E+01
        977   0.465702095602E+07   0.317953270657E+07   0.897417157232E+01
       1218   0.465973165388E+07   0.318412785137E+07   0.897885827771E+01
       1173   0.466668481245E+07   0.318012245032E+07   0.898055974104E+01
       1262   0.466161529762E+07   0.318754932039E+07   0.897585146974E+01
       1217   0.465062037540E+07   0.318933673150E+07   0.898059865456E+01
       1034   0.465446161596E+07   0.318195387026E+07   0.897418224809E+01
       1156   0.464908467403E+07   0.318683108182E+07   0.899530472887E+01
       1293   0.465650333176E+07   0.319500890021E+07   0.898063399629E+01
       1360   0.464224126274E+07   0.321569948268E+07   0.899657983101E+01
       1357   0.463964008619E+07   0.320961601056E+07   0.899325095771E+01
       1283   0.463315900745E+07   0.320981585224E+07   0.899906908646E+01
       1284   0.463416099127E+07   0.320898865258E+07   0.900021417572E+01
       1148   0.463563761350E+07   0.320497420514E+07   0.900281718460E+01
       1149   0.463625076999E+07   0.320419108276E+07   0.899868903110E+01
       1143   0.463372902069E+07   0.320714424047E+07   0.900183975255E+01
       1144   0.463318219248E+07   0.320795515155E+07   0.900331213129E+01
       1080   0.463420504008E+07   0.320646442969E+07   0.900194801665E+01
       1078   0.463324196857E+07   0.320728137440E+07   0.900372488540E+01
       1077   0.463372250949E+07   0.320645547287E+07   0.900247508190E+01
       1154   0.464189125898E+07   0.319675565474E+07   0.898758479886E+01
        810   0.464034398160E+07   0.319328124869E+07   0.897542367944E+01
       1089   0.464834853123E+07   0.318601587338E+07   0.900180854130E+01
        855   0.465387429719E+07   0.317942335657E+07   0.897730020206E+01
        820   0.465443899582E+07   0.317870826192E+07   0.897557030778E+01
        949   0.463766602409E+07   0.319914974971E+07   0.898450767315E+01
        950   0.463800185830E+07   0.319938999487E+07   0.898351869012E+01
        948   0.463777488933E+07   0.319845793786E+07   0.898632931831E+01
       1012   0.463707100851E+07   0.319929083928E+07   0.898512551928E+01
        892   0.463822336225E+07   0.319858524050E+07   0.898446394291E+01
        944   0.463866540493E+07   0.319616407901E+07   0.897307494860E+01
        947   0.463811721257E+07   0.319718932869E+07   0.897064693462E+01
       1066   0.463413564662E+07   0.319824587722E+07   0.897972749203E+01
       1245   0.463279425128E+07   0.320318139076E+07   0.898681575159E+01
       1197   0.463248325759E+07   0.320226043950E+07   0.898865547590E+01
       1137   0.463306383196E+07   0.320100377141E+07   0.899086835765E+01
       1136   0.463207841907E+07   0.320155735029E+07   0.899109794494E+01
       1131   0.463175830118E+07   0.320103823331E+07   0.899320652656E+01
       1244   0.463156620813E+07   0.320358188737E+07   0.899140986860E+01
       1072   0.463449892918E+07   0.320505290747E+07   0.899508441569E+01
       1079   0.463425278606E+07   0.320576529745E+07   0.900240623130E+01
       1015   0.463321216459E+07   0.320649160723E+07   0.900411629840E+01
       1016   0.463380001487E+07   0.320561788638E+07   0.900342655186E+01
       1282   0.463152391838E+07   0.320745158806E+07   0.898908521068E+01
       1309   0.463037130219E+07   0.320779075699E+07   0.899039100593E+01
       1190   0.462787437565E+07   0.320341090800E+07   0.899715253509E+01
       1277   0.462835458939E+07   0.320501435602E+07   0.899570866743E+01
       1132   0.463098439079E+07   0.320157265509E+07   0.899456026179E+01
       1133   0.463042421222E+07   0.320224673860E+07   0.899585959861E+01
       1335   0.462703808942E+07   0.320850832544E+07   0.899491023580E+01
       1375   0.462660286906E+07   0.321076016638E+07   0.899352008545E+01
       1336   0.462539618423E+07   0.321047790664E+07   0.899616176729E+01
       1234   0.462513049339E+07   0.320754527187E+07   0.899894186531E+01
       1191   0.462873777773E+07   0.320285833813E+07   0.899773748786E+01
       1304   0.462635997463E+07   0.320788359281E+07   0.899719302865E+01
       1055   0.462590539981E+07   0.320415851261E+07   0.899667812899E+01
       1272   0.462714664342E+07   0.320580158506E+07   0.899684999311E+01
       1061   0.462963056976E+07   0.320206239384E+07   0.899630233564E+01
       1059   0.462893607382E+07   0.320143921765E+07   0.899685743550E+01
       1000   0.462930993999E+07   0.320055167730E+07   0.899756118054E+01
       1069   0.463268310086E+07   0.320046250743E+07   0.899178595983E+01
        937   0.463065300008E+07   0.320014433392E+07   0.899716374782E+01
       1062   0.463221568638E+07   0.320005914766E+07   0.899471983216E+01
       1003   0.463167037770E+07   0.320007076370E+07   0.899474063414E+01
       1065   0.463297356651E+07   0.319940269061E+07   0.899128414263E+01
       1006   0.463323841385E+07   0.319821822860E+07   0.897815317777E+01
        938   0.463297149573E+07   0.319747871529E+07   0.897463053594E+01
        883   0.463588048698E+07   0.319325898845E+07   0.896197221297E+01
        802   0.463302428789E+07   0.319478721144E+07   0.897539810016E+01
        780   0.463269321949E+07   0.319284747630E+07   0.898007646526E+01
        882   0.463467247919E+07   0.319491611752E+07   0.897367778231E+01
        845   0.464313855679E+07   0.318540984228E+07   0.896959663784E+01
        903   0.464206403500E+07   0.319055194955E+07   0.899640238656E+01
        851   0.464178816591E+07   0.318922471515E+07   0.898079430449E+01
        819   0.464102629524E+07   0.319106178109E+07   0.898283572754E+01
        843   0.463899336185E+07   0.319366240999E+07   0.897812692409E+01
        890   0.463843627672E+07   0.319441840215E+07   0.897355671093E+01
        943   0.463846257321E+07   0.319570471519E+07   0.897398370418E+01
        886   0.463912897661E+07   0.319530317285E+07   0.897443780134E+01
        887   0.463976314335E+07   0.319509154533E+07   0.897453836630E+01
        840   0.464063894903E+07   0.319377426239E+07   0.897513288084E+01
        963   0.464255671427E+07   0.319130634754E+07   0.898427606198E+01
        962   0.464287081181E+07   0.319003357829E+07   0.898708034566E+01
        961   0.464336928983E+07   0.318875148829E+07   0.898829014318E+01
        894   0.464845638660E+07   0.318299262149E+07   0.900290835465E+01
        893   0.464970788221E+07   0.318226757625E+07   0.899393544279E+01
        897   0.464356454921E+07   0.318617957308E+07   0.897021531705E+01
        846   0.464428394891E+07   0.318442850249E+07   0.896563545410E+01
        901   0.464266642268E+07   0.318800355304E+07   0.897702064096E+01
        774   0.464195907013E+07   0.318330341318E+07   0.896331626084E+01
        812   0.464326036801E+07   0.318423598849E+07   0.896372478811E+01
        757   0.464110803470E+07   0.318286986146E+07   0.896222765299E+01
        749   0.464115874811E+07   0.318189970678E+07   0.895898667876E+01
        758   0.464200849836E+07   0.318250682233E+07   0.896145258613E+01
        745   0.464187525314E+07   0.318193934810E+07   0.896128982037E+01
        748   0.464008041876E+07   0.318191632605E+07   0.895790350907E+01
        738   0.463869354491E+07   0.318140388673E+07   0.895528578833E+01
        737   0.463816287638E+07   0.318103704715E+07   0.895761263107E+01
        726   0.463739189666E+07   0.318118597193E+07   0.895887270577E+01
        744   0.463013433122E+07   0.319338129921E+07   0.897143537007E+01
        876   0.462806697129E+07   0.319965107128E+07   0.899798470183E+01
        743   0.462944136964E+07   0.319243547817E+07   0.897521938470E+01
        733   0.462896195969E+07   0.319442517310E+07   0.897394432978E+01
        771   0.463206853704E+07   0.319273571105E+07   0.898836562557E+01
        707   0.463514982156E+07   0.318047702289E+07   0.895886756108E+01
        705   0.463338470755E+07   0.317962363392E+07   0.896103243014E+01
        702   0.462589513215E+07   0.319477451285E+07   0.897693909244E+01
        692   0.462174750008E+07   0.318771287065E+07   0.896110392308E+01
        648   0.463482967622E+07   0.317537596645E+07   0.896342529267E+01
        646   0.463223756411E+07   0.317493054040E+07   0.896469806363E+01
        647   0.463449583293E+07   0.317461545342E+07   0.896363405029E+01
        658   0.463577593094E+07   0.317773147754E+07   0.896223099182E+01
        661   0.463583027547E+07   0.317858004531E+07   0.895994923073E+01
        628   0.463645697175E+07   0.317838361538E+07   0.896015212859E+01
        627   0.463639855971E+07   0.317786451649E+07   0.895989727275E+01
        626   0.463642736491E+07   0.317714637851E+07   0.896097579398E+01
        579   0.461896399631E+07   0.317794449485E+07   0.898744714838E+01
        555   0.462213640174E+07   0.317419845927E+07   0.898098265870E+01
        532   0.462153403084E+07   0.317441358959E+07   0.897796401021E+01
        510   0.462098851350E+07   0.317472181327E+07   0.897889652363E+01
        558   0.461969403081E+07   0.317655415297E+07   0.899598142345E+01
        557   0.461903427716E+07   0.317651988153E+07   0.899656366460E+01
        600   0.461771607854E+07   0.318018424336E+07   0.898689464806E+01
        597   0.461615190947E+07   0.319691141836E+07   0.896410088662E+01
        596   0.461548901786E+07   0.319705636122E+07   0.896860747381E+01
        595   0.461471411427E+07   0.319719707312E+07   0.897382094349E+01
        651   0.462086337424E+07   0.319645820541E+07   0.898239560980E+01
        625   0.461986260451E+07   0.319639199969E+07   0.897013765486E+01
        652   0.462321475715E+07   0.319645926915E+07   0.897484727518E+01
        653   0.462345472272E+07   0.319675766202E+07   0.897412487529E+01
        677   0.462494763096E+07   0.319599187499E+07   0.897680526433E+01
        684   0.462574976208E+07   0.319632521347E+07   0.897598457796E+01
        831   0.462505463498E+07   0.320138092159E+07   0.900011460537E+01
        656   0.462518388521E+07   0.319698707491E+07   0.897649342793E+01
        657   0.462547637633E+07   0.319730785521E+07   0.897627545979E+01
       1054   0.462622900903E+07   0.320327481658E+07   0.899683293933E+01
        799   0.462513341839E+07   0.320070832107E+07   0.900064744877E+01
        873   0.462470726883E+07   0.320289557395E+07   0.899982075581E+01
        829   0.462412128209E+07   0.320313144368E+07   0.900070853742E+01
        830   0.462362847023E+07   0.320383341956E+07   0.900102069164E+01
        930   0.462454004668E+07   0.320498462077E+07   0.899881395059E+01
       1126   0.462599138010E+07   0.320457523206E+07   0.899890079964E+01
       1120   0.462523777646E+07   0.320589316729E+07   0.900344949665E+01
       1183   0.462593196795E+07   0.320539632370E+07   0.899773614520E+01
        925   0.462402198162E+07   0.320512148052E+07   0.899959039710E+01
        990   0.462393356741E+07   0.320583077998E+07   0.899895105015E+01
       1117   0.462041391581E+07   0.321100740096E+07   0.900532358518E+01
       1050   0.461923078915E+07   0.321225082367E+07   0.900552402584E+01
       1048   0.461924079253E+07   0.321150829025E+07   0.900565970774E+01
       1174   0.461824955844E+07   0.321365279694E+07   0.900890968777E+01
       1224   0.461790468150E+07   0.321454667301E+07   0.900909007598E+01
       1175   0.461750526290E+07   0.321422755342E+07   0.900982642211E+01
       1111   0.461676161556E+07   0.321470275695E+07   0.900964107239E+01
       1176   0.461707348698E+07   0.321516398706E+07   0.900942397440E+01
       1110   0.461756755257E+07   0.321345509653E+07   0.900958074377E+01
       1109   0.461832930236E+07   0.321285026356E+07   0.900944007075E+01
       1531   0.461312285736E+07   0.322710799400E+07   0.901330732580E+01
       1458   0.461383803205E+07   0.322331624106E+07   0.901255000363E+01
       1367   0.461596300978E+07   0.321897340947E+07   0.901042467205E+01
       1499   0.461270345731E+07   0.322549316427E+07   0.901305503577E+01
       1411   0.461341052514E+07   0.322248893047E+07   0.901288682332E+01
       1413   0.461432599364E+07   0.322151371147E+07   0.901208020668E+01
       1112   0.461632016521E+07   0.321565327203E+07   0.900979160417E+01
       1223   0.461858636542E+07   0.321415491504E+07   0.900752382677E+01
       1264   0.461827965670E+07   0.321512108544E+07   0.900913442416E+01
       1297   0.461837044651E+07   0.321624664543E+07   0.900852025611E+01
       1294   0.461721896790E+07   0.321715153427E+07   0.900986962387E+01
       1301   0.462134713798E+07   0.321269246737E+07   0.900433457513E+01
       1049   0.461993352961E+07   0.321079600040E+07   0.900529562771E+01
       1115   0.462073328882E+07   0.321023595211E+07   0.900525264535E+01
        989   0.461866857145E+07   0.321215987611E+07   0.900623771970E+01
        875   0.462385855237E+07   0.320466180237E+07   0.899995879496E+01
       1113   0.462209155417E+07   0.320910663451E+07   0.900426408992E+01
       1114   0.462273089545E+07   0.320845019449E+07   0.900308181454E+01
        991   0.462333157877E+07   0.320655666982E+07   0.899953705721E+01
        926   0.462346130230E+07   0.320577194326E+07   0.899999769626E+01
       1119   0.462559917971E+07   0.320511121822E+07   0.900061828645E+01
       1228   0.462227951454E+07   0.321004887805E+07   0.900411310406E+01
       1237   0.462453268050E+07   0.320818002979E+07   0.900004664591E+01
       1276   0.462459130955E+07   0.320907677808E+07   0.899900820381E+01
       1236   0.462388498771E+07   0.320906791121E+07   0.900293167502E+01
       1122   0.462372486158E+07   0.320788727609E+07   0.899929907091E+01
       1232   0.462629565604E+07   0.320631034816E+07   0.899724240815E+01
       1303   0.462743340750E+07   0.320668217010E+07   0.899669908777E+01
       1306   0.462551016981E+07   0.320910426237E+07   0.899614075121E+01
       1305   0.462438823122E+07   0.321021636718E+07   0.899971354860E+01
       1274   0.462371844815E+07   0.320991818565E+07   0.900334998801E+01
       1185   0.462358061820E+07   0.320884351721E+07   0.900241339603E+01
       1370   0.461858597979E+07   0.321745065292E+07   0.900764965858E+01
       1416   0.461886021291E+07   0.321847588785E+07   0.900657281696E+01
       1462   0.462150137229E+07   0.321898616199E+07   0.900240186350E+01
       1528   0.462313207573E+07   0.323216498990E+07   0.900973669991E+01
       1495   0.462697427780E+07   0.323292163223E+07   0.900940366995E+01
