         853           2
        629   0.461869262832E+07   0.318177107465E+07   0.898345063174E+01
        609   0.461606312089E+07   0.318323567471E+07   0.898562738575E+01
        600   0.461771607854E+07   0.318018424336E+07   0.898689464806E+01
        535   0.461583614639E+07   0.317628363820E+07   0.899552661944E+01
        513   0.461536194138E+07   0.317529394330E+07   0.900500587122E+01
        514   0.461622538316E+07   0.317501939237E+07   0.899963618735E+01
       1592   0.460629004765E+07   0.323548360635E+07   0.901629972454E+01
       1578   0.460580072650E+07   0.323460091788E+07   0.901587392151E+01
       1577   0.460700088042E+07   0.323351963249E+07   0.901649145970E+01
        453   0.459719425163E+07   0.319317890036E+07   0.902736301997E+01
        469   0.459832161216E+07   0.319231128249E+07   0.902665183766E+01
        454   0.459759738095E+07   0.319375633136E+07   0.902629924658E+01
        122   0.456111757527E+07   0.317732588704E+07   0.906776671960E+01
        102   0.456162788486E+07   0.317519823206E+07   0.906736197049E+01
        123   0.456273674152E+07   0.317512986369E+07   0.906655673810E+01
        437   0.460771850819E+07   0.317759540259E+07   0.903067826224E+01
        458   0.460685999522E+07   0.317800765004E+07   0.901745399590E+01
        436   0.460757769810E+07   0.317709747511E+07   0.902304052256E+01
        414   0.459776047068E+07   0.317964491753E+07   0.902355104695E+01
        413   0.459611491969E+07   0.317974489056E+07   0.902520699049E+01
        402   0.459809267633E+07   0.317773987149E+07   0.902415210765E+01
       1611   0.460317132819E+07   0.323884200186E+07   0.901939726509E+01
       1600   0.460362880806E+07   0.323730075826E+07   0.901919190388E+01
       1605   0.460421540906E+07   0.323780071651E+07   0.901695987898E+01
        179   0.456545624188E+07   0.318082398986E+07   0.906451106507E+01
        197   0.456789360560E+07   0.317837240406E+07   0.906098119052E+01
        198   0.456730837696E+07   0.318096446312E+07   0.906380741962E+01
        502   0.460189348034E+07   0.318976383514E+07   0.902257775824E+01
        504   0.460174050937E+07   0.319216610711E+07   0.901993894421E+01
        486   0.460035032951E+07   0.319216162870E+07   0.902048123328E+01
        266   0.458049498803E+07   0.317404184832E+07   0.903906685760E+01
        247   0.458050358076E+07   0.317225330237E+07   0.904247018927E+01
        248   0.458161576404E+07   0.317225583822E+07   0.904070249567E+01
        355   0.458598461835E+07   0.318895142205E+07   0.904395659805E+01
        340   0.458527857686E+07   0.318899769553E+07   0.904756455901E+01
        354   0.458589589574E+07   0.318782995792E+07   0.904623726092E+01
        276   0.457513459671E+07   0.318387854460E+07   0.904605799318E+01
        291   0.457732644624E+07   0.318223296248E+07   0.903836403531E+01
        278   0.457612065493E+07   0.318447856826E+07   0.904552213835E+01
        263   0.457462019636E+07   0.318552879217E+07   0.904833717490E+01
        244   0.457364687758E+07   0.318640870583E+07   0.904667564765E+01
        260   0.457337515398E+07   0.318556917281E+07   0.905020477359E+01
        527   0.460539399726E+07   0.319596555232E+07   0.900933892890E+01
        509   0.460465881231E+07   0.319756099026E+07   0.901972675809E+01
        508   0.460413917789E+07   0.319670584120E+07   0.900967649540E+01
        468   0.459798231903E+07   0.319139059336E+07   0.902770891688E+01
       1560   0.460505477818E+07   0.323463599429E+07   0.901633434363E+01
       1575   0.460473013628E+07   0.323560751348E+07   0.901618746904E+01
       1389   0.460452190864E+07   0.326018645064E+07   0.902074551568E+01
       1390   0.460265273746E+07   0.325887048087E+07   0.901924870391E+01
       1439   0.460574779657E+07   0.325537324701E+07   0.901829943819E+01
        526   0.460456043888E+07   0.319500273947E+07   0.900611668549E+01
        542   0.460523072810E+07   0.319236030222E+07   0.900594959956E+01
        543   0.460631957072E+07   0.319357937689E+07   0.900183224210E+01
        332   0.459295539972E+07   0.317397982103E+07   0.902931407103E+01
        350   0.459369226030E+07   0.317507735214E+07   0.902662473003E+01
        349   0.459228471304E+07   0.317595876420E+07   0.902740235111E+01
        323   0.458473571843E+07   0.318913762308E+07   0.904470427359E+01
        324   0.458453645828E+07   0.318976116127E+07   0.904999568005E+01
        435   0.460695441426E+07   0.317700216475E+07   0.906771348127E+01
        400   0.459743097918E+07   0.317709255419E+07   0.902435386143E+01
        399   0.459611516537E+07   0.317773632398E+07   0.902381782718E+01
        338   0.458503673448E+07   0.318834788522E+07   0.904613388325E+01
        392   0.459029051414E+07   0.319059591643E+07   0.903347811598E+01
        406   0.459121909603E+07   0.318843754137E+07   0.903179866561E+01
        407   0.459142929592E+07   0.319019180624E+07   0.903332133306E+01
        299   0.458642548526E+07   0.317468681367E+07   0.903119703402E+01
        288   0.458583209569E+07   0.317410367667E+07   0.903371647740E+01
        289   0.458682838109E+07   0.317340202668E+07   0.903472969934E+01
        348   0.459144210689E+07   0.317523938198E+07   0.902862574523E+01
        330   0.459074706705E+07   0.317427425069E+07   0.902905669636E+01
        331   0.459208417150E+07   0.317333502554E+07   0.903084636170E+01
        245   0.457421797213E+07   0.318679057163E+07   0.905184354218E+01
        333   0.458384849707E+07   0.318255335157E+07   0.903914105282E+01
        316   0.458176665317E+07   0.318471013415E+07   0.904405947252E+01
        315   0.458172774639E+07   0.318217942653E+07   0.903913494542E+01
        292   0.457783736883E+07   0.318376153360E+07   0.903911802460E+01
        302   0.457922000418E+07   0.318413634663E+07   0.904148458620E+01
        293   0.457759201206E+07   0.318565502666E+07   0.904326261106E+01
        347   0.458989715798E+07   0.317639993147E+07   0.902867840206E+01
        201   0.456828702646E+07   0.318213289497E+07   0.906649510221E+01
        215   0.456981999478E+07   0.317891101446E+07   0.905810238995E+01
        271   0.458502579245E+07   0.317345282134E+07   0.903490062515E+01
        269   0.458492890881E+07   0.317272853962E+07   0.903534725210E+01
        254   0.458571943572E+07   0.317255235275E+07   0.903367639090E+01
        216   0.457197267003E+07   0.317623143486E+07   0.905396805078E+01
        204   0.457354749310E+07   0.317382734415E+07   0.905328637707E+01
        219   0.457377353748E+07   0.317553113258E+07   0.905080861228E+01
        182   0.456847180766E+07   0.317572956112E+07   0.906093322016E+01
        178   0.456591740513E+07   0.317797984512E+07   0.906376188538E+01
        180   0.456560435753E+07   0.318279633459E+07   0.906363269948E+01
         47   0.455550052678E+07   0.317776538479E+07   0.907241136825E+01
         39   0.455428105567E+07   0.317781697684E+07   0.907327142535E+01
         40   0.455537806328E+07   0.317612992141E+07   0.907228479539E+01
        304   0.458033372587E+07   0.318675398881E+07   0.904341200000E+01
        303   0.457998835413E+07   0.318523775139E+07   0.904488448533E+01
          8   0.454660663406E+07   0.318356116435E+07   0.907647795777E+01
          1   0.454616222211E+07   0.318354828786E+07   0.907835589565E+01
          7   0.454668446845E+07   0.318288627145E+07   0.907749472536E+01
        243   0.457222310462E+07   0.318547202886E+07   0.905774840482E+01
        224   0.457140378403E+07   0.318652681632E+07   0.905912432103E+01
        223   0.457064756536E+07   0.318638724168E+07   0.906203240519E+01
        142   0.456328301229E+07   0.317651555729E+07   0.906658664018E+01
        158   0.456533854970E+07   0.317599652092E+07   0.906465801464E+01
        157   0.456367161000E+07   0.317844773321E+07   0.906656662962E+01
         64   0.455976779603E+07   0.317428602146E+07   0.906902957136E+01
         81   0.455936470314E+07   0.317566546716E+07   0.906992302498E+01
         63   0.455840797376E+07   0.317550267103E+07   0.907062982045E+01
         24   0.455132556773E+07   0.317954800145E+07   0.907445941791E+01
         25   0.455252611021E+07   0.317763292421E+07   0.907310897061E+01
         34   0.455289435925E+07   0.317878702102E+07   0.907391319147E+01
        124   0.456405428201E+07   0.317439330555E+07   0.906646650691E+01
        143   0.456510772261E+07   0.317452405813E+07   0.906565039662E+01
          5   0.454756721239E+07   0.318001273760E+07   0.907757708918E+01
         10   0.454749894872E+07   0.318089655520E+07   0.907809770119E+01
          3   0.454685221323E+07   0.318059843515E+07   0.907826457082E+01
       1620   0.460370232365E+07   0.324082368599E+07   0.901968769700E+01
       1625   0.460251583794E+07   0.324265805583E+07   0.902078464780E+01
       1623   0.460226754926E+07   0.324167418186E+07   0.902145418356E+01
         20   0.454966525631E+07   0.318015678381E+07   0.907488049928E+01
         23   0.455027029132E+07   0.318158195794E+07   0.907432340236E+01
         19   0.454861986274E+07   0.318219646696E+07   0.907510713982E+01
        258   0.457398342865E+07   0.317927570987E+07   0.904566223399E+01
        236   0.457190192094E+07   0.318065733273E+07   0.905348242583E+01
        235   0.457231544525E+07   0.317834403030E+07   0.905249927128E+01
         44   0.455414447856E+07   0.318243030829E+07   0.907278853385E+01
         37   0.455349900266E+07   0.318369058078E+07   0.907269109720E+01
         36   0.455307348976E+07   0.318285414983E+07   0.907364432367E+01
         33   0.455192846813E+07   0.318084245496E+07   0.907349197830E+01
         42   0.455381447169E+07   0.317968968479E+07   0.907408040447E+01
         58   0.455544010320E+07   0.317949860996E+07   0.907295138141E+01
         59   0.455542765173E+07   0.318133970018E+07   0.907242414255E+01
         60   0.455561765587E+07   0.318279148394E+07   0.907227455754E+01
         45   0.455454401482E+07   0.318332919537E+07   0.907195056858E+01
        135   0.456615949943E+07   0.317276197389E+07   0.906518574461E+01
        136   0.456737137936E+07   0.317157076616E+07   0.906293946339E+01
        152   0.456682600658E+07   0.317345683214E+07   0.906424331458E+01
        191   0.456894640034E+07   0.318539866994E+07   0.906617495198E+01
        176   0.456828849956E+07   0.318610882880E+07   0.907085293484E+01
        187   0.456840531959E+07   0.318527571255E+07   0.907037127013E+01
        342   0.458526663006E+07   0.319108882929E+07   0.904474486967E+01
        356   0.458617150381E+07   0.318983195960E+07   0.904289124479E+01
        357   0.458617286052E+07   0.319081340054E+07   0.904407445102E+01
        186   0.456818934233E+07   0.318462128561E+07   0.907107829576E+01
        172   0.456759546202E+07   0.318570294907E+07   0.907504391965E+01
        127   0.456052664780E+07   0.318260029763E+07   0.906818028207E+01
        110   0.455944672091E+07   0.318308435470E+07   0.906881113631E+01
        126   0.456003599649E+07   0.318148432210E+07   0.906889451750E+01
        339   0.458498690486E+07   0.318988769695E+07   0.904683320848E+01
       1535   0.460821615159E+07   0.323080110778E+07   0.901681657204E+01
       1557   0.460723727775E+07   0.323214530408E+07   0.901677082816E+01
       1534   0.460749194985E+07   0.323110204810E+07   0.901702704115E+01
       1444   0.460901806243E+07   0.322845834878E+07   0.901294743698E+01
       1455   0.461013660410E+07   0.322742531153E+07   0.901278191632E+01
       1490   0.460957615602E+07   0.322880582646E+07   0.901346909472E+01
        470   0.459892806813E+07   0.319289780612E+07   0.902291105973E+01
        455   0.459791584456E+07   0.319457103554E+07   0.902429981899E+01
        363   0.459310777085E+07   0.317671495824E+07   0.902674438958E+01
        358   0.458667307101E+07   0.319125119297E+07   0.903933922329E+01
        375   0.458796401163E+07   0.318997832062E+07   0.903545409077E+01
        359   0.458708430400E+07   0.319195757983E+07   0.903663532386E+01
        636   0.461556379629E+07   0.318887964562E+07   0.897226972866E+01
        610   0.461415485261E+07   0.318694998527E+07   0.898030877727E+01
        635   0.461737748493E+07   0.318521359520E+07   0.897758164742E+01
       1593   0.460507499421E+07   0.323669758735E+07   0.901592085362E+01
       1606   0.460542931055E+07   0.323746405666E+07   0.901552230499E+01
       1555   0.461594428225E+07   0.323004880614E+07   0.900939901645E+01
       1574   0.461243274946E+07   0.323328501966E+07   0.901408642423E+01
       1554   0.461294556971E+07   0.322970515958E+07   0.901330996673E+01
       1558   0.460824279889E+07   0.323185840249E+07   0.901655784550E+01
       1570   0.460842424486E+07   0.323252335238E+07   0.901662651740E+01
       1520   0.460971085455E+07   0.324895142859E+07   0.902074078931E+01
       1486   0.460708783171E+07   0.325183269437E+07   0.901801715919E+01
       1521   0.460758514417E+07   0.324920634819E+07   0.901725196059E+01
       1495   0.462697427780E+07   0.323292163223E+07   0.900940366995E+01
       1496   0.462319743730E+07   0.323694493201E+07   0.901262220461E+01
       1528   0.462313207573E+07   0.323216498990E+07   0.900973669991E+01
       1603   0.460703371603E+07   0.323660904619E+07   0.901583358001E+01
         55   0.455598902989E+07   0.318524171150E+07   0.906943716233E+01
         54   0.455555788756E+07   0.318496801667E+07   0.907014045877E+01
         56   0.455630838939E+07   0.318456499398E+07   0.906979762620E+01
       1645   0.459937704076E+07   0.324681153998E+07   0.902533830559E+01
       1643   0.459926544613E+07   0.324621781874E+07   0.902499409608E+01
       1642   0.459976081606E+07   0.324603098142E+07   0.902428272398E+01
       1348   0.460116087776E+07   0.325781721082E+07   0.901905939220E+01
       1392   0.460304551633E+07   0.325619772358E+07   0.901853562921E+01
       1433   0.460259646854E+07   0.325240491243E+07   0.902036724978E+01
       1388   0.460190969256E+07   0.325381442779E+07   0.902065076699E+01
       1384   0.460149636806E+07   0.325304341548E+07   0.902099498466E+01
        579   0.461896399631E+07   0.317794449485E+07   0.898744714838E+01
        575   0.461778352610E+07   0.317815842711E+07   0.899447246984E+01
        557   0.461903427716E+07   0.317651988153E+07   0.899656366460E+01
        519   0.460661758624E+07   0.318313009321E+07   0.901960012495E+01
        501   0.460408711621E+07   0.318428384485E+07   0.902247436672E+01
        495   0.460585442088E+07   0.318152403375E+07   0.902337411352E+01
        534   0.461463380481E+07   0.317698939343E+07   0.900072091502E+01
        479   0.460893068638E+07   0.317873216535E+07   0.901126806144E+01
        497   0.461007139083E+07   0.317831812581E+07   0.901131213417E+01
        499   0.460870841825E+07   0.318044220355E+07   0.901344181978E+01
        541   0.460600862419E+07   0.318891799183E+07   0.901133317637E+01
        566   0.460975480026E+07   0.318607108716E+07   0.900096597220E+01
        567   0.460777880276E+07   0.319025871917E+07   0.899912911446E+01
        473   0.460596771527E+07   0.317965690644E+07   0.901961473669E+01
        483   0.460420457849E+07   0.318182871249E+07   0.902205750354E+01
        467   0.460454504553E+07   0.317998309993E+07   0.902022795736E+01
        494   0.461348858233E+07   0.317596414485E+07   0.900055701428E+01
        512   0.461450517644E+07   0.317562889365E+07   0.900070163839E+01
        518   0.461340874506E+07   0.317744971639E+07   0.900419976071E+01
        594   0.461291230522E+07   0.319449173359E+07   0.898288949290E+01
        615   0.461440021538E+07   0.319375531250E+07   0.897513096079E+01
        593   0.461311512034E+07   0.319571209976E+07   0.898655285518E+01
        552   0.461750054769E+07   0.317703645516E+07   0.899795111724E+01
        553   0.461848795171E+07   0.317648061756E+07   0.899389769744E+01
        585   0.461543283633E+07   0.318074500855E+07   0.899330688233E+01
        447   0.460278123343E+07   0.317961583941E+07   0.902572631024E+01
        431   0.460176546080E+07   0.317961240646E+07   0.902485826377E+01
        430   0.460297222267E+07   0.317816349523E+07   0.902241451144E+01
        475   0.460812428012E+07   0.317876084729E+07   0.906078166198E+01
        460   0.460805615561E+07   0.317795508723E+07   0.901621630072E+01
        461   0.460893620545E+07   0.317753813448E+07   0.903041911531E+01
        457   0.460590867973E+07   0.317844545219E+07   0.907292968198E+01
        446   0.460022394550E+07   0.318139116885E+07   0.902553853882E+01
        428   0.460090609449E+07   0.317922954740E+07   0.902379930213E+01
        434   0.460587609994E+07   0.317744219460E+07   0.902531350207E+01
        387   0.459890860002E+07   0.317579624604E+07   0.902217205630E+01
        450   0.460501463758E+07   0.317856432734E+07   0.903005458037E+01
        417   0.460223313970E+07   0.317813556279E+07   0.902128436558E+01
        385   0.459849296750E+07   0.317525725028E+07   0.902476533955E+01
        384   0.459727932930E+07   0.317594953719E+07   0.902467173354E+01
        369   0.459807188658E+07   0.317470190358E+07   0.902443091822E+01
       1651   0.457800604310E+07   0.318682239932E+07   0.904671911418E+01
        412   0.459333111962E+07   0.318244162675E+07   0.902797260501E+01
        397   0.459329779958E+07   0.317967677830E+07   0.902676611203E+01
        401   0.459477395773E+07   0.317946573584E+07   0.902514097290E+01
        383   0.459626960500E+07   0.317639506687E+07   0.902633305510E+01
        368   0.459705538821E+07   0.317478676612E+07   0.902490651822E+01
        422   0.459406329520E+07   0.318887071672E+07   0.902979749890E+01
        409   0.459334677891E+07   0.319072836682E+07   0.902919456887E+01
        408   0.459244585234E+07   0.319043639396E+07   0.903159818727E+01
        250   0.458469021750E+07   0.317126871610E+07   0.903737091260E+01
        251   0.458516003284E+07   0.317172992608E+07   0.903642355441E+01
        268   0.458411351462E+07   0.317277055541E+07   0.903702702643E+01
        252   0.458574332586E+07   0.317189741578E+07   0.903485121020E+01
        233   0.458630146254E+07   0.317168410173E+07   0.903397474776E+01
        211   0.457997420877E+07   0.317040383476E+07   0.904342214185E+01
        214   0.457941305657E+07   0.317116702059E+07   0.904004999655E+01
        196   0.457968745792E+07   0.317034324279E+07   0.904346515276E+01
        149   0.456353794791E+07   0.318467558919E+07   0.906649206506E+01
        161   0.456427145553E+07   0.318324549271E+07   0.906362474031E+01
        162   0.456446193819E+07   0.318443779377E+07   0.906445640121E+01
        253   0.458341873691E+07   0.317248866180E+07   0.903831631162E+01
        232   0.458401130477E+07   0.317125659187E+07   0.903771470505E+01
        255   0.458649790069E+07   0.317212842889E+07   0.903399254542E+01
        297   0.458329841680E+07   0.317626057396E+07   0.903320148602E+01
        286   0.458230412065E+07   0.317574524840E+07   0.903476653036E+01
        285   0.458388385852E+07   0.317421235459E+07   0.903520484451E+01
        309   0.458531212247E+07   0.317706114696E+07   0.903324322566E+01
        310   0.458681946708E+07   0.317592644077E+07   0.903013186234E+01
        273   0.458652999650E+07   0.317273538227E+07   0.903369324995E+01
        272   0.458576510832E+07   0.317323603898E+07   0.903394957370E+01
        361   0.459070339321E+07   0.317741783670E+07   0.902880249854E+01
        365   0.458724095216E+07   0.318378622704E+07   0.903746421958E+01
        351   0.458551139834E+07   0.318339835300E+07   0.903847949074E+01
       1653   0.458788044277E+07   0.318136110548E+07   0.903415584522E+01
        328   0.458801114782E+07   0.317606598465E+07   0.903063930955E+01
        329   0.458942130317E+07   0.317516318248E+07   0.902910936034E+01
        346   0.458820485200E+07   0.317748940930E+07   0.903147555373E+01
        364   0.459457296455E+07   0.317528945343E+07   0.902449638349E+01
        380   0.459385814963E+07   0.317729547872E+07   0.902597269045E+01
        370   0.459502277837E+07   0.317581812224E+07   0.902357574892E+01
        587   0.461070529221E+07   0.318904237966E+07   0.898959831668E+01
        586   0.461305631150E+07   0.318464861618E+07   0.899138768700E+01
        570   0.461077363945E+07   0.319609182401E+07   0.899220485449E+01
        591   0.461169094177E+07   0.319466846900E+07   0.898513350362E+01
        574   0.461192601706E+07   0.319598269403E+07   0.898891367980E+01
        569   0.460809911376E+07   0.319500305850E+07   0.900042739668E+01
        568   0.460826390839E+07   0.319264622861E+07   0.899452669394E+01
        588   0.460992163273E+07   0.319273098961E+07   0.898866208221E+01
        522   0.460456024766E+07   0.318682325196E+07   0.901855598023E+01
        523   0.460357132081E+07   0.318998847055E+07   0.901804683578E+01
        418   0.460828418766E+07   0.317669380110E+07   0.901774819220E+01
        438   0.460830268309E+07   0.317722172691E+07   0.901557028132E+01
        537   0.461198013318E+07   0.317973246246E+07   0.900275241860E+01
        538   0.461357997349E+07   0.317884179933E+07   0.900125101744E+01
        565   0.461267993538E+07   0.318172823852E+07   0.899790864636E+01
        471   0.459922560827E+07   0.319397533131E+07   0.902148350355E+01
        539   0.460752941277E+07   0.318518655567E+07   0.901160994809E+01
        429   0.459948256341E+07   0.318060107641E+07   0.902434642429E+01
        427   0.459803447808E+07   0.318107952748E+07   0.902459661727E+01
        416   0.459977983780E+07   0.317872611789E+07   0.902427676473E+01
        484   0.459983954294E+07   0.319057458704E+07   0.902511897096E+01
        540   0.461031660844E+07   0.318242683173E+07   0.900693524722E+01
        506   0.460191775449E+07   0.319667402172E+07   0.901492220772E+01
        505   0.460173000469E+07   0.319532183818E+07   0.901591991633E+01
        525   0.460332360558E+07   0.319474886892E+07   0.901094994113E+01
        393   0.459020574761E+07   0.319189029613E+07   0.903228826074E+01
        377   0.458928883049E+07   0.319188832575E+07   0.903344806217E+01
        464   0.459738201511E+07   0.319051713598E+07   0.902812845523E+01
        481   0.459917778446E+07   0.318904867046E+07   0.902647437152E+01
        441   0.459566352976E+07   0.318796618604E+07   0.902852123035E+01
        442   0.459627415365E+07   0.318900858232E+07   0.902644670601E+01
        423   0.459455604004E+07   0.319031718449E+07   0.902920870579E+01
        391   0.458958434490E+07   0.318876790735E+07   0.903322774419E+01
        389   0.458887200363E+07   0.318765928470E+07   0.903481277659E+01
        405   0.459125629389E+07   0.318606541595E+07   0.903174105465E+01
        452   0.459698398743E+07   0.319248566904E+07   0.902640394905E+01
        463   0.459782674765E+07   0.318845575089E+07   0.902603838944E+01
        443   0.459638257912E+07   0.319047013598E+07   0.902752103296E+01
        390   0.458949583736E+07   0.319033899803E+07   0.903459572248E+01
        421   0.459306601548E+07   0.318809179505E+07   0.903102415742E+01
        394   0.459089086059E+07   0.319209880446E+07   0.903163356456E+01
        411   0.459420933649E+07   0.319219630837E+07   0.902848707554E+01
        410   0.459315956912E+07   0.319219500546E+07   0.902498757130E+01
        376   0.458836240947E+07   0.319082691677E+07   0.903580685166E+01
        374   0.458831811645E+07   0.319209519515E+07   0.903340605173E+01
        344   0.458611369250E+07   0.319141710966E+07   0.904188532499E+01
        343   0.458545959870E+07   0.319153241944E+07   0.904504447188E+01
        132   0.456311005989E+07   0.318628088313E+07   0.906811393107E+01
        113   0.456238135725E+07   0.318705836685E+07   0.906994123670E+01
        114   0.456254814519E+07   0.318629568567E+07   0.906821141766E+01
        341   0.458534741096E+07   0.319023410437E+07   0.904287028038E+01
        322   0.458428911222E+07   0.319049836547E+07   0.905169754632E+01
        319   0.458326475731E+07   0.318778196299E+07   0.904938070000E+01
        307   0.458209673576E+07   0.318891901205E+07   0.904620135083E+01
        318   0.458245591856E+07   0.318730498409E+07   0.904726338119E+01
        281   0.457672015543E+07   0.318798164869E+07   0.905046207728E+01
        280   0.457648045496E+07   0.318714399008E+07   0.904680766938E+01
        345   0.458644159877E+07   0.318027728053E+07   0.903474965288E+01
        327   0.458651219559E+07   0.317786126191E+07   0.903427643921E+01
        372   0.458724052000E+07   0.318835216728E+07   0.904124913738E+01
        373   0.458718944471E+07   0.318963490083E+07   0.904044620304E+01
        353   0.458546853128E+07   0.318708656297E+07   0.904388238914E+01
        366   0.458690227668E+07   0.318595912669E+07   0.903966016600E+01
        321   0.458415562086E+07   0.318912066437E+07   0.904386479069E+01
        326   0.458444728800E+07   0.317983540211E+07   0.903705725287E+01
        257   0.457937869278E+07   0.317389556744E+07   0.904089571489E+01
       1656   0.457932979566E+07   0.317223330021E+07   0.904302913362E+01
        259   0.457634457384E+07   0.317684941385E+07   0.904174249897E+01
        237   0.457471474396E+07   0.317650010785E+07   0.904671371272E+01
        238   0.457655312909E+07   0.317477925769E+07   0.904565515791E+01
        360   0.458891596668E+07   0.317890217010E+07   0.903100777276E+01
        378   0.459028529383E+07   0.317984554366E+07   0.903045908132E+01
        362   0.459172308076E+07   0.317778004576E+07   0.902746687905E+01
        274   0.457851585897E+07   0.317641553729E+07   0.903838589033E+01
        256   0.457795653309E+07   0.317460007218E+07   0.904258651689E+01
        275   0.457623616538E+07   0.317916909977E+07   0.904077792250E+01
        277   0.457589785160E+07   0.318160774113E+07   0.904176516068E+01
        261   0.457393622639E+07   0.318177164379E+07   0.904676949565E+01
        175   0.457383929223E+07   0.317128380270E+07   0.905689415745E+01
        189   0.457429742857E+07   0.317215323980E+07   0.904983848621E+01
        188   0.457307566919E+07   0.317255588177E+07   0.905317957115E+01
        116   0.456660360840E+07   0.317147587650E+07   0.906493683650E+01
        154   0.456983812354E+07   0.317165557264E+07   0.906061249882E+01
        163   0.457073047001E+07   0.317175708778E+07   0.905837538820E+01
        165   0.456919453832E+07   0.317339656977E+07   0.906037138079E+01
        103   0.456369595335E+07   0.317345699735E+07   0.906627038932E+01
        139   0.457016610400E+07   0.317058639643E+07   0.906094480800E+01
        138   0.456928074432E+07   0.317112772403E+07   0.906137832684E+01
        119   0.457008282791E+07   0.316988928774E+07   0.906131438036E+01
         50   0.455939624025E+07   0.317369949652E+07   0.906884053456E+01
        137   0.456821929358E+07   0.317164008438E+07   0.906202540054E+01
        117   0.456824211510E+07   0.317045020528E+07   0.906154500399E+01
         82   0.456251946722E+07   0.317303729136E+07   0.906610394262E+01
         68   0.456178168644E+07   0.317332944505E+07   0.906751635944E+01
         65   0.456226365623E+07   0.317263925355E+07   0.906766857599E+01
        153   0.456840128754E+07   0.317275881036E+07   0.906204624051E+01
        181   0.457048296540E+07   0.317340705828E+07   0.905899408525E+01
         80   0.455838621953E+07   0.317726714607E+07   0.907017259259E+01
        100   0.456007583666E+07   0.317634601850E+07   0.906919631771E+01
         99   0.455887467874E+07   0.317877984933E+07   0.907017583056E+01
         31   0.455379970789E+07   0.317666917424E+07   0.907250783213E+01
        115   0.456563187167E+07   0.317226440250E+07   0.906526320872E+01
        125   0.456512880936E+07   0.317334775652E+07   0.906557206822E+01
        104   0.456463163440E+07   0.317296222950E+07   0.906605370631E+01
         83   0.456316363032E+07   0.317249594434E+07   0.906610501968E+01
         66   0.456288971719E+07   0.317215458550E+07   0.906638325920E+01
        101   0.456278579446E+07   0.317366876980E+07   0.906584041043E+01
         85   0.456199078833E+07   0.317391718400E+07   0.906661175535E+01
         86   0.456352334303E+07   0.317261381051E+07   0.906611001411E+01
         87   0.456443990520E+07   0.317215414539E+07   0.906636338669E+01
        200   0.457214984825E+07   0.317432023888E+07   0.905533073509E+01
        203   0.456917414071E+07   0.318421752150E+07   0.906822092944E+01
        199   0.457032645598E+07   0.317580973267E+07   0.905848586279E+01
        205   0.457471876772E+07   0.317372036170E+07   0.905236421913E+01
        206   0.457581962559E+07   0.317246190600E+07   0.904888440421E+01
        220   0.457565119752E+07   0.317403905870E+07   0.904920696824E+01
        290   0.457857054976E+07   0.317921059993E+07   0.903587170193E+01
        262   0.457377715546E+07   0.318374474932E+07   0.905023093331E+01
        301   0.457992427267E+07   0.318104537624E+07   0.903513350759E+01
        308   0.458287978913E+07   0.317876828519E+07   0.903381575553E+01
        108   0.455867170690E+07   0.318310750807E+07   0.906930380255E+01
         94   0.455869486700E+07   0.318412065128E+07   0.906908283813E+01
        148   0.456286675043E+07   0.318431566049E+07   0.906762878903E+01
        160   0.456350529906E+07   0.318265497874E+07   0.906487847095E+01
        107   0.455857295124E+07   0.318206771703E+07   0.907011438794E+01
       1649   0.456035566393E+07   0.318397683052E+07   0.906802843080E+01
        109   0.455948261625E+07   0.318397438144E+07   0.906891715414E+01
        105   0.455939851499E+07   0.318480265444E+07   0.906725936922E+01
         69   0.455641759659E+07   0.318379794959E+07   0.907105892261E+01
         43   0.455409304137E+07   0.318120967494E+07   0.907394455462E+01
         41   0.455655341485E+07   0.317404503328E+07   0.907206762495E+01
         48   0.455690894593E+07   0.317568808089E+07   0.907187364743E+01
         61   0.456059253219E+07   0.317356079471E+07   0.906914261855E+01
         79   0.456033589363E+07   0.317469519733E+07   0.906940856510E+01
         38   0.455366293011E+07   0.318453468210E+07   0.907153812251E+01
         92   0.455802842387E+07   0.318415323260E+07   0.906935725325E+01
        121   0.455975855168E+07   0.317991677272E+07   0.906902714581E+01
         12   0.454809804963E+07   0.317906081482E+07   0.907752594573E+01
         17   0.454932866727E+07   0.317861230951E+07   0.907628533510E+01
         11   0.454825348371E+07   0.317970689157E+07   0.907744308807E+01
         29   0.455277406312E+07   0.318404725195E+07   0.907348639071E+01
         28   0.455217110895E+07   0.318400735435E+07   0.907348537421E+01
         16   0.454864601771E+07   0.318015641583E+07   0.907726558212E+01
         15   0.454813929883E+07   0.318138095727E+07   0.907783188994E+01
         13   0.454742087633E+07   0.318251721213E+07   0.907790068022E+01
         14   0.454721970261E+07   0.318345828760E+07   0.907563785509E+01
          4   0.454639112671E+07   0.318180024918E+07   0.907889979866E+01
          9   0.454702928255E+07   0.318200676971E+07   0.907877134372E+01
          2   0.454611158386E+07   0.318291289011E+07   0.907869897452E+01
         22   0.454920963995E+07   0.318341368351E+07   0.907481385831E+01
         30   0.455315051020E+07   0.318469386894E+07   0.907207806703E+01
         78   0.455701566503E+07   0.318087370733E+07   0.907178472736E+01
         76   0.455675938286E+07   0.318245203297E+07   0.907114948951E+01
         91   0.455757977151E+07   0.318379510642E+07   0.906994735571E+01
         73   0.455786005514E+07   0.318498862212E+07   0.906789333650E+01
         72   0.455717323362E+07   0.318496359606E+07   0.906919650653E+01
         90   0.455738048151E+07   0.318285548458E+07   0.907078339036E+01
        106   0.455982758144E+07   0.318499471097E+07   0.906714604996E+01
         93   0.455856038431E+07   0.318508714091E+07   0.906805580827E+01
        140   0.456368233104E+07   0.318641949385E+07   0.906407930565E+01
        150   0.456371157094E+07   0.318551456858E+07   0.906525398048E+01
        131   0.456252776721E+07   0.318549915076E+07   0.906732230448E+01
        145   0.456187689893E+07   0.318072027851E+07   0.906778457942E+01
        159   0.456357637427E+07   0.318071283401E+07   0.906779180769E+01
        146   0.456203845543E+07   0.318412652502E+07   0.906810909139E+01
        129   0.456122996436E+07   0.318387149194E+07   0.906806245233E+01
        144   0.456162495356E+07   0.318242013935E+07   0.906783376611E+01
        167   0.456532540192E+07   0.318449348206E+07   0.906566700500E+01
        133   0.456310199825E+07   0.318561817064E+07   0.906645457109E+01
        210   0.456987198466E+07   0.318603642972E+07   0.906677228250E+01
        192   0.456939574239E+07   0.318565964739E+07   0.906365573563E+01
        209   0.457015367351E+07   0.318503598611E+07   0.906174906282E+01
        208   0.456985886239E+07   0.318442945838E+07   0.906254977010E+01
        239   0.457266942476E+07   0.318711036623E+07   0.904534755213E+01
        240   0.457187846755E+07   0.318701459472E+07   0.905612538971E+01
        242   0.457201843114E+07   0.318432122474E+07   0.905805480965E+01
        222   0.457075691229E+07   0.318523353223E+07   0.906109449876E+01
       1650   0.457098900559E+07   0.318383609743E+07   0.905750383821E+01
        279   0.457651968255E+07   0.318564634335E+07   0.904714107253E+01
        264   0.457533346585E+07   0.318609804380E+07   0.905251648830E+01
        325   0.458447408593E+07   0.319101237836E+07   0.904689720014E+01
        226   0.457358377750E+07   0.318762860992E+07   0.905473022671E+01
        225   0.457330264339E+07   0.318731101870E+07   0.905437702142E+01
        173   0.456788638770E+07   0.318601311329E+07   0.907280897012E+01
        171   0.456709945599E+07   0.318524692080E+07   0.906417651072E+01
       1647   0.456692144467E+07   0.318438977580E+07   0.906772510574E+01
        185   0.456797098388E+07   0.318383522332E+07   0.906820992208E+01
        168   0.456503216762E+07   0.318567693689E+07   0.906707445900E+01
       1648   0.456596545762E+07   0.318515624486E+07   0.906816388757E+01
        169   0.456539050436E+07   0.318642543812E+07   0.906989601384E+01
        217   0.457028583235E+07   0.318093230206E+07   0.905843403651E+01
        202   0.456918425062E+07   0.318300438837E+07   0.906543429434E+01
       1347   0.460148095039E+07   0.325627114875E+07   0.901963173815E+01
       1391   0.460247388706E+07   0.325463501200E+07   0.901990537848E+01
        156   0.456424692823E+07   0.318570132754E+07   0.906407714406E+01
        170   0.456640139553E+07   0.318606590111E+07   0.906515793828E+01
       1591   0.460439000184E+07   0.323666328515E+07   0.901703841629E+01
       1576   0.460400508786E+07   0.323647187548E+07   0.901951202706E+01
       1468   0.460561372704E+07   0.323138457014E+07   0.901686125969E+01
       1508   0.460550627044E+07   0.323205319678E+07   0.901655574888E+01
       1509   0.460496649058E+07   0.323220651580E+07   0.901892493637E+01
       1579   0.460528398287E+07   0.323573932651E+07   0.901570167984E+01
       1618   0.460287879629E+07   0.324026119568E+07   0.902044940292E+01
       1612   0.460203222265E+07   0.324021260865E+07   0.902322605747E+01
       1613   0.460556933539E+07   0.323907033021E+07   0.901557337869E+01
       1614   0.460416259619E+07   0.323906634285E+07   0.901745745743E+01
       1632   0.459999379880E+07   0.324399113617E+07   0.902210719014E+01
       1631   0.460063307971E+07   0.324398301029E+07   0.902173326881E+01
       1635   0.459998776704E+07   0.324457691121E+07   0.902231625760E+01
       1609   0.460616131092E+07   0.324046853091E+07   0.901561047895E+01
       1604   0.460781802675E+07   0.323809494672E+07   0.901614018461E+01
       1646   0.459880232420E+07   0.324685099619E+07   0.902632952949E+01
       1644   0.459875682983E+07   0.324623312022E+07   0.902559369328E+01
       1610   0.460366907740E+07   0.324403897130E+07   0.902111533529E+01
       1615   0.460464846529E+07   0.324250837301E+07   0.901840779763E+01
       1607   0.460465401425E+07   0.324379956713E+07   0.901784884211E+01
       1640   0.459957046228E+07   0.324544757335E+07   0.902384231803E+01
       1637   0.459951733570E+07   0.324470078907E+07   0.902277335804E+01
       1619   0.460172661124E+07   0.324124459547E+07   0.902284288365E+01
       1602   0.460222594378E+07   0.323926586046E+07   0.902265187042E+01
       1601   0.460277332054E+07   0.323841208701E+07   0.902069668799E+01
       1536   0.460598750877E+07   0.323214916343E+07   0.901625491862E+01
       1537   0.460490248489E+07   0.323313809166E+07   0.901763672051E+01
       1559   0.460586046511E+07   0.323332059711E+07   0.901602269564E+01
       1465   0.460825854942E+07   0.322948467096E+07   0.901716627089E+01
       1505   0.460816847077E+07   0.323015874906E+07   0.901716362501E+01
       1504   0.460764894310E+07   0.323036693533E+07   0.901793523358E+01
       1533   0.461929496965E+07   0.322583854692E+07   0.900325472096E+01
       1552   0.461986760159E+07   0.323013008807E+07   0.901051568984E+01
       1458   0.461383803205E+07   0.322331624106E+07   0.901255000363E+01
       1499   0.461270345731E+07   0.322549316427E+07   0.901305503577E+01
       1457   0.461239785602E+07   0.322424539501E+07   0.901306587707E+01
       1466   0.460878592238E+07   0.322932097313E+07   0.901530015842E+01
       1539   0.460449318590E+07   0.323442385535E+07   0.901842751105E+01
       1364   0.460885467642E+07   0.322719823922E+07   0.901228009545E+01
       1339   0.460838603648E+07   0.322700642814E+07   0.901495099428E+01
       1326   0.460908519828E+07   0.322633034493E+07   0.901278886298E+01
       1500   0.461470033822E+07   0.322441879024E+07   0.901232823401E+01
       1531   0.461312285736E+07   0.322710799400E+07   0.901330732580E+01
        492   0.460328381749E+07   0.319834081152E+07   0.900297126121E+01
        507   0.460303166156E+07   0.319680979498E+07   0.901097105826E+01
        546   0.460736858521E+07   0.319714760506E+07   0.900470645327E+01
        571   0.460890864259E+07   0.319574609690E+07   0.899937529404E+01
        547   0.460799488629E+07   0.319721296955E+07   0.900192820246E+01
        491   0.460169680462E+07   0.319850553991E+07   0.902139750913E+01
        489   0.460039265842E+07   0.319727657551E+07   0.902083525541E+01
        490   0.460095336081E+07   0.319807436046E+07   0.902313548550E+01
        545   0.460692140955E+07   0.319632491482E+07   0.900440785731E+01
        544   0.460673071231E+07   0.319522845790E+07   0.900426293579E+01
        551   0.461154983769E+07   0.319709096087E+07   0.899141455122E+01
        550   0.461066983274E+07   0.319709396141E+07   0.899141351785E+01
       1510   0.460686475539E+07   0.323106140168E+07   0.901635178304E+01
       1470   0.460671632363E+07   0.323057053023E+07   0.901613005419E+01
       1471   0.460741586734E+07   0.323000934731E+07   0.901592373581E+01
       1530   0.461117755922E+07   0.322917809614E+07   0.901260625017E+01
       1584   0.461094377779E+07   0.324002449773E+07   0.901578661520E+01
       1567   0.460908547905E+07   0.324411655420E+07   0.901686171305E+01
       1585   0.460787631034E+07   0.324309106181E+07   0.901702012309E+01
       1494   0.462865566403E+07   0.322786021384E+07   0.900459203442E+01
       1476   0.461744948725E+07   0.324299648449E+07   0.901611510400E+01
       1513   0.461792509028E+07   0.324057546715E+07   0.901663659815E+01
       1497   0.461998326326E+07   0.324042286680E+07   0.901531408868E+01
       1516   0.461222148132E+07   0.324731949601E+07   0.901581973649E+01
       1484   0.461105134161E+07   0.324965340252E+07   0.901769381099E+01
       1546   0.460740756984E+07   0.324719292821E+07   0.901684970847E+01
       1547   0.460950117264E+07   0.324640074332E+07   0.901777614922E+01
       1527   0.462525045578E+07   0.322654661004E+07   0.900394451939E+01
       1477   0.461554055360E+07   0.324478512872E+07   0.901736669206E+01
       1514   0.461576949684E+07   0.324266581115E+07   0.901732721295E+01
       1544   0.461172976202E+07   0.324556220347E+07   0.901591576355E+01
       1565   0.461159240402E+07   0.324284093629E+07   0.901632992390E+01
       1543   0.461392424148E+07   0.324246023935E+07   0.901599403601E+01
       1529   0.461998297380E+07   0.323715815381E+07   0.901441346800E+01
       1598   0.460360520555E+07   0.324474205742E+07   0.902058312738E+01
       1594   0.460395460797E+07   0.324498875706E+07   0.901982408906E+01
       1589   0.460933339926E+07   0.323508676032E+07   0.901561032861E+01
       1588   0.460782879500E+07   0.323445185899E+07   0.901617694467E+01
       1571   0.460928737154E+07   0.323281275157E+07   0.901548234006E+01
       1590   0.461065374680E+07   0.323698684748E+07   0.901604425554E+01
       1597   0.460800704664E+07   0.324056772566E+07   0.901681487910E+01
       1583   0.460578936890E+07   0.324531213114E+07   0.901729766315E+01
       1566   0.460678475911E+07   0.324591083556E+07   0.901746559256E+01
       1562   0.460536289600E+07   0.324712535611E+07   0.901805527714E+01
       1629   0.460143855338E+07   0.324381320881E+07   0.902085311245E+01
       1626   0.460202037083E+07   0.324412462095E+07   0.902061498060E+01
       1630   0.460121225043E+07   0.324477679192E+07   0.902072997244E+01
       1442   0.460219229456E+07   0.324936364767E+07   0.902074006177E+01
       1487   0.460284553444E+07   0.324845035387E+07   0.902058827124E+01
       1441   0.460282916220E+07   0.324916663918E+07   0.902070525420E+01
       1627   0.460142974040E+07   0.324291800583E+07   0.902123438183E+01
       1621   0.460373943676E+07   0.324219189923E+07   0.902078247786E+01
       1616   0.460481795623E+07   0.324094167841E+07   0.901771152710E+01
       1472   0.460347377859E+07   0.324818430611E+07   0.902039124675E+01
       1652   0.460123956094E+07   0.325213100003E+07   0.902110351445E+01
       1393   0.460063018295E+07   0.325173284152E+07   0.902239549867E+01
       1394   0.460143858969E+07   0.325103998083E+07   0.902114648248E+01
       1639   0.460018213718E+07   0.324616925728E+07   0.902293033150E+01
       1638   0.460018729682E+07   0.324543764294E+07   0.902260924636E+01
       1475   0.460350124774E+07   0.324904890778E+07   0.902067558826E+01
       1344   0.460054150054E+07   0.325459691558E+07   0.902116320201E+01
       1427   0.460209025397E+07   0.325184985498E+07   0.902072026042E+01
       1426   0.460205800237E+07   0.325098712352E+07   0.902068027726E+01
       1474   0.460275203551E+07   0.325074815705E+07   0.902055573646E+01
       1438   0.460353403196E+07   0.325271561402E+07   0.901950230715E+01
       1440   0.460452727951E+07   0.325370923917E+07   0.901804528074E+01
       1515   0.461384566997E+07   0.324492843982E+07   0.901426956371E+01
       1483   0.460902588796E+07   0.325233133260E+07   0.901807288690E+01
       1519   0.460593693767E+07   0.324941062568E+07   0.901721873239E+01
       1324   0.461629947284E+07   0.325043981056E+07   0.901500761633E+01
       1363   0.461895141683E+07   0.324906135711E+07   0.901447979133E+01
       1325   0.461626036452E+07   0.325288657034E+07   0.901467051829E+01
       1362   0.461769190682E+07   0.324803052112E+07   0.901541283634E+01
       1361   0.461617771780E+07   0.324851496371E+07   0.901689166356E+01
       1404   0.461750617341E+07   0.324626988799E+07   0.901739747789E+01
        118   0.456921721568E+07   0.317014693861E+07   0.906175599926E+01
        536   0.461674076819E+07   0.317660927345E+07   0.899669385755E+01
        530   0.461809522121E+07   0.317577489073E+07   0.900227553313E+01
        515   0.461700686658E+07   0.317504575450E+07   0.899121650987E+01
        516   0.461772895117E+07   0.317518922333E+07   0.900022079269E+01
        520   0.461050875926E+07   0.317974078246E+07   0.900697994700E+01
        498   0.461134443241E+07   0.317739194767E+07   0.900988362045E+01
        517   0.461221817457E+07   0.317770959004E+07   0.900514913926E+01
        563   0.461501563039E+07   0.317856979083E+07   0.899991422441E+01
        564   0.461641420256E+07   0.317832405454E+07   0.900055673518E+01
        477   0.461082992313E+07   0.317652375871E+07   0.900602525279E+01
        478   0.461194861129E+07   0.317590289273E+07   0.900563787382E+01
        493   0.461269188801E+07   0.317593504699E+07   0.900525397748E+01
        476   0.460988961192E+07   0.317722910006E+07   0.901544226772E+01
        439   0.460872379886E+07   0.317720637025E+07   0.903013604046E+01
        419   0.460878362222E+07   0.317655664835E+07   0.901428350944E+01
        474   0.460711856959E+07   0.317944998682E+07   0.902836656217E+01
        459   0.460719892773E+07   0.317847564685E+07   0.903235122734E+01
        433   0.460472148842E+07   0.317782839217E+07   0.901884750432E+01
        449   0.460388243727E+07   0.317930121886E+07   0.902611367798E+01
        482   0.460201756559E+07   0.318412346730E+07   0.902487076547E+01
        496   0.460752495531E+07   0.318038213276E+07   0.902486592988E+01
        521   0.460869855083E+07   0.318222235267E+07   0.901395683219E+01
        667   0.461907719159E+07   0.318718966341E+07   0.896855536376E+01
        638   0.461619873383E+07   0.319112537279E+07   0.896817234013E+01
        611   0.461248779629E+07   0.319052188169E+07   0.898044501769E+01
        432   0.460378986365E+07   0.317800511824E+07   0.902154992816E+01
        466   0.460264979671E+07   0.318152208951E+07   0.902211036980E+01
        448   0.460155451502E+07   0.318114664116E+07   0.902467456733E+01
        415   0.460183294860E+07   0.317725496911E+07   0.902050187669E+01
        465   0.460014243413E+07   0.318350111132E+07   0.902632235242E+01
        403   0.459903044061E+07   0.317793173185E+07   0.902350423026E+01
        388   0.459950856639E+07   0.317623549484E+07   0.902202743502E+01
        426   0.459578937272E+07   0.318269842073E+07   0.902669505128E+01
        420   0.459345223217E+07   0.318540715874E+07   0.902904026817E+01
        445   0.459797799734E+07   0.318327280486E+07   0.902718053448E+01
        404   0.460031739153E+07   0.317671069324E+07   0.902091407806E+01
        371   0.459593428196E+07   0.317570102964E+07   0.902405305282E+01
        386   0.459496939008E+07   0.317745016179E+07   0.902724490060E+01
        314   0.459152305854E+07   0.317262898597E+07   0.903148288424E+01
        313   0.459027028311E+07   0.317307082207E+07   0.902903188206E+01
        379   0.459223965013E+07   0.317891229697E+07   0.902661895449E+01
        270   0.458269915621E+07   0.317409415140E+07   0.903663187931E+01
        249   0.458275281018E+07   0.317199542525E+07   0.903970092622E+01
        231   0.458319182436E+07   0.317088314326E+07   0.903985832189E+01
        287   0.458475588087E+07   0.317457283744E+07   0.903520082924E+01
        230   0.458252611090E+07   0.317088158099E+07   0.903972549685E+01
        284   0.458068674153E+07   0.317598272678E+07   0.903647204299E+01
        228   0.458053325090E+07   0.317070244048E+07   0.904348900483E+01
        229   0.458161143201E+07   0.317082463528E+07   0.904187763457E+01
        213   0.457873110976E+07   0.317175160139E+07   0.904458904354E+01
        194   0.457860564896E+07   0.317126038514E+07   0.904447636978E+01
        195   0.457909187059E+07   0.317073134170E+07   0.904129416973E+01
        221   0.457701738179E+07   0.317311033275E+07   0.904673653961E+01
        234   0.457797204061E+07   0.317311527333E+07   0.904499789340E+01
        212   0.457801334517E+07   0.317186605864E+07   0.904905036356E+01
        296   0.458113954853E+07   0.317805210247E+07   0.903423217154E+01
        298   0.458475258526E+07   0.317595146902E+07   0.903321622427E+01
        267   0.458192218383E+07   0.317352588809E+07   0.903788897672E+01
        311   0.458795046617E+07   0.317499303904E+07   0.902914711733E+01
        312   0.458908566875E+07   0.317422421882E+07   0.902894985249E+01
        300   0.458726109248E+07   0.317454457188E+07   0.902992865083E+01
       1654   0.458912238665E+07   0.318214160581E+07   0.903396232415E+01
        462   0.459768295667E+07   0.318616534729E+07   0.902812619886E+01
        480   0.459979754638E+07   0.318639807201E+07   0.902695197356E+01
        398   0.459042631731E+07   0.318464839434E+07   0.903277725844E+01
        396   0.459122445077E+07   0.318168038413E+07   0.903063512600E+01
        352   0.458560375419E+07   0.318555129291E+07   0.904098518924E+01
        440   0.459552524732E+07   0.318585051523E+07   0.902915751377E+01
        334   0.458324603825E+07   0.318507799533E+07   0.904517637264E+01
        317   0.458146972325E+07   0.318692771446E+07   0.904524831810E+01
        500   0.460171897777E+07   0.318722131516E+07   0.902584661539E+01
        592   0.461106778106E+07   0.319361784781E+07   0.898451403123E+01
        572   0.461003734098E+07   0.319574427160E+07   0.899451926655E+01
        614   0.461349385517E+07   0.319231100497E+07   0.897646722171E+01
        549   0.460959478441E+07   0.319711581330E+07   0.899733411810E+01
        548   0.460869674667E+07   0.319745313060E+07   0.900094263556E+01
        612   0.461417976470E+07   0.319562531097E+07   0.898065598562E+01
        589   0.461310737077E+07   0.319711793756E+07   0.898630525599E+01
        573   0.461226629055E+07   0.319709159061E+07   0.899220745646E+01
        637   0.461596358746E+07   0.319384700686E+07   0.897043861065E+01
        524   0.460333838687E+07   0.319252780641E+07   0.901473364069E+01
        456   0.459831128122E+07   0.319520163552E+07   0.902288533133E+01
        590   0.461389119409E+07   0.319724443488E+07   0.898096902619E+01
        528   0.460569104060E+07   0.319734073123E+07   0.900730775368E+01
        503   0.460113272780E+07   0.319445285456E+07   0.902079245574E+01
        488   0.460004038173E+07   0.319648464810E+07   0.902483150804E+01
        485   0.459979325667E+07   0.319575862092E+07   0.902484415671E+01
        529   0.460635778154E+07   0.319740223965E+07   0.900929736118E+01
        487   0.460025261034E+07   0.319398604821E+07   0.902277745137E+01
        472   0.459923845232E+07   0.319535176038E+07   0.902439614250E+01
        424   0.459530348712E+07   0.319084727495E+07   0.902863630251E+01
        425   0.459532294894E+07   0.319201659316E+07   0.902534201386E+01
        395   0.459225348529E+07   0.319216397858E+07   0.902726829600E+01
        336   0.458435590627E+07   0.318731713741E+07   0.904711206498E+01
        335   0.458411096260E+07   0.318597603921E+07   0.904601485533E+01
        382   0.458826413974E+07   0.318630136680E+07   0.903688933585E+01
        367   0.458687409235E+07   0.318745815851E+07   0.904166756121E+01
        381   0.458885289726E+07   0.318415020180E+07   0.903605191801E+01
        444   0.459603526448E+07   0.319180752441E+07   0.902550688737E+01
        451   0.459664109111E+07   0.319192032108E+07   0.902561952669E+01
        337   0.458448720574E+07   0.318817591908E+07   0.904516844956E+01
        207   0.457682770818E+07   0.317206541590E+07   0.904617441119E+01
        174   0.457302536578E+07   0.317091232465E+07   0.905500101922E+01
        183   0.457183114631E+07   0.317303087280E+07   0.905524613395E+01
        190   0.457502244082E+07   0.317241088711E+07   0.905261118474E+01
        151   0.457099075382E+07   0.317033210089E+07   0.906012726663E+01
        134   0.457077176771E+07   0.316980577137E+07   0.906129283728E+01
        155   0.457184583999E+07   0.317050956500E+07   0.905852575942E+01
        166   0.457201530044E+07   0.317126882761E+07   0.905626200951E+01
        164   0.456727605107E+07   0.317498907698E+07   0.906158110836E+01
         96   0.456514250722E+07   0.317201112438E+07   0.906611552769E+01
         75   0.456513472639E+07   0.317131676314E+07   0.906630368481E+01
         97   0.456586916774E+07   0.317129749797E+07   0.906569134997E+01
         67   0.456116517145E+07   0.317353168322E+07   0.906837724499E+01
         84   0.456113437971E+07   0.317455890701E+07   0.906818763606E+01
         53   0.456177223235E+07   0.317241921096E+07   0.906804700712E+01
        141   0.456160818756E+07   0.317906520921E+07   0.906761209808E+01
        241   0.457226710999E+07   0.318211792140E+07   0.905191687014E+01
        218   0.457053111360E+07   0.318270384718E+07   0.905716320312E+01
        320   0.458329088458E+07   0.318917594834E+07   0.904956424886E+01
         98   0.455811991092E+07   0.318107067985E+07   0.907058546959E+01
        147   0.456241382961E+07   0.318276289246E+07   0.906810879068E+01
        130   0.456157343421E+07   0.318556807211E+07   0.906736306474E+01
         95   0.455973865697E+07   0.318575153621E+07   0.906708090808E+01
         89   0.455929737659E+07   0.318553811882E+07   0.906690435065E+01
         88   0.455879377495E+07   0.318554046484E+07   0.906711090001E+01
         62   0.455697484518E+07   0.317744396210E+07   0.907171765915E+01
         57   0.455575004453E+07   0.318379424220E+07   0.907145483680E+01
         46   0.455470883021E+07   0.318465190976E+07   0.907110339085E+01
         77   0.455702807952E+07   0.317924508081E+07   0.907198666681E+01
         52   0.456115768410E+07   0.317276234746E+07   0.906792424282E+01
         51   0.456042046824E+07   0.317276485986E+07   0.906862344505E+01
         49   0.455839160914E+07   0.317404660676E+07   0.907043688420E+01
         32   0.455495565023E+07   0.317505626720E+07   0.907201287008E+01
         21   0.455096100064E+07   0.317809430563E+07   0.907368151758E+01
         27   0.455190039814E+07   0.318324376391E+07   0.907317998614E+01
         35   0.455260884551E+07   0.318176246421E+07   0.907366461916E+01
         26   0.455078740067E+07   0.318321930072E+07   0.907325050870E+01
          6   0.454732152291E+07   0.317952756752E+07   0.907795298802E+01
         18   0.454808985885E+07   0.318349426676E+07   0.907392769339E+01
         71   0.455691420401E+07   0.318398840228E+07   0.907011431143E+01
         70   0.455671054855E+07   0.318494250216E+07   0.906901384721E+01
        111   0.456032125798E+07   0.318504937007E+07   0.906650660873E+01
         74   0.455908076313E+07   0.318625491231E+07   0.906824467525E+01
        112   0.456183555907E+07   0.318656379940E+07   0.907296128576E+01
        128   0.456083731971E+07   0.318502544671E+07   0.906637679465E+01
        120   0.456290355933E+07   0.318698398518E+07   0.906764532484E+01
        184   0.456660147927E+07   0.318333472559E+07   0.906546511501E+01
        193   0.456902424137E+07   0.318653156074E+07   0.906226229131E+01
        177   0.456862083461E+07   0.318643873836E+07   0.906702078119E+01
        282   0.457696513824E+07   0.318877752060E+07   0.904835346204E+01
        306   0.458089845732E+07   0.318903773550E+07   0.905098286000E+01
        283   0.457788056355E+07   0.318868194185E+07   0.904545959530E+01
        294   0.457900940821E+07   0.318717592796E+07   0.904567064783E+01
        295   0.457920918101E+07   0.318831828052E+07   0.904363192316E+01
        305   0.458014540545E+07   0.318847165582E+07   0.904386668682E+01
        265   0.457568489086E+07   0.318703970647E+07   0.905115265223E+01
        246   0.457472934036E+07   0.318727888466E+07   0.905103074975E+01
        227   0.457406463331E+07   0.318756852296E+07   0.905010858034E+01
       1395   0.460868428468E+07   0.322798716673E+07   0.901314929576E+01
       1420   0.460824546300E+07   0.322886094406E+07   0.901750924922E+01
       1377   0.460817764289E+07   0.322784190558E+07   0.901817060258E+01
       1423   0.460687004386E+07   0.322995373246E+07   0.901637735164E+01
       1421   0.460661786630E+07   0.322961879286E+07   0.901735328581E+01
       1379   0.460725952306E+07   0.322912124379E+07   0.901664905585E+01
       1378   0.460703925043E+07   0.322868467407E+07   0.901844871888E+01
       1556   0.460408299029E+07   0.323555070707E+07   0.901980232435E+01
       1469   0.460512338123E+07   0.323147489320E+07   0.901999316656E+01
       1422   0.460561288339E+07   0.323084568328E+07   0.901811822483E+01
       1507   0.460616118984E+07   0.323128219804E+07   0.901619311296E+01
       1467   0.460619302662E+07   0.323055196793E+07   0.901667428090E+01
       1506   0.460871082371E+07   0.322998106367E+07   0.901622843384E+01
       1538   0.460667484078E+07   0.323194379425E+07   0.901648770522E+01
       1628   0.460049063533E+07   0.324328481280E+07   0.902193497107E+01
       1636   0.460019780089E+07   0.324488521467E+07   0.902201220823E+01
       1641   0.459913188804E+07   0.324539620641E+07   0.902409091618E+01
       1633   0.460074488396E+07   0.324467988732E+07   0.902142199176E+01
       1586   0.460317350542E+07   0.324547397255E+07   0.902092298273E+01
       1587   0.460258908040E+07   0.324597126784E+07   0.902269824899E+01
       1599   0.460295589902E+07   0.324497808582E+07   0.902231802259E+01
       1634   0.460064808804E+07   0.324544582235E+07   0.902163044461E+01
       1622   0.460291803570E+07   0.324335078009E+07   0.902038635861E+01
       1624   0.460117900548E+07   0.324213491716E+07   0.902253142667E+01
       1550   0.460930162156E+07   0.323102511065E+07   0.901533365144E+01
       1525   0.460913244690E+07   0.323013509274E+07   0.901537068335E+01
       1464   0.460771581777E+07   0.322964988781E+07   0.902095167977E+01
       1572   0.461095596031E+07   0.323245984780E+07   0.901521963891E+01
       1524   0.461009201465E+07   0.322928289659E+07   0.901310868636E+01
       1551   0.461055727097E+07   0.323100751069E+07   0.901353516482E+01
       1498   0.461113571785E+07   0.322754653027E+07   0.901260181009E+01
       1456   0.461132362947E+07   0.322579863815E+07   0.901313741701E+01
       1408   0.461031689155E+07   0.322615831912E+07   0.901323804400E+01
       1407   0.460943068526E+07   0.322735321377E+07   0.901237718331E+01
       1411   0.461341052514E+07   0.322248893047E+07   0.901288682332E+01
       1409   0.461106892307E+07   0.322443852730E+07   0.901348095827E+01
       1366   0.460992142957E+07   0.322574960294E+07   0.901350413679E+01
       1365   0.460948271613E+07   0.322662208028E+07   0.901275279585E+01
       1410   0.461238416235E+07   0.322321387320E+07   0.901342996534E+01
       1424   0.460731931581E+07   0.322958010826E+07   0.901647467774E+01
       1596   0.460615324512E+07   0.324339588450E+07   0.901648930105E+01
       1608   0.460588437515E+07   0.324217268567E+07   0.901587517157E+01
       1511   0.460349112579E+07   0.324755245876E+07   0.902049052293E+01
       1573   0.461469704338E+07   0.323497176079E+07   0.901573309683E+01
       1564   0.461423676569E+07   0.323907953478E+07   0.901663363941E+01
       1383   0.461487496885E+07   0.324778941078E+07   0.901969299147E+01
       1431   0.461528711825E+07   0.324646128231E+07   0.901885525062E+01
       1382   0.461600937236E+07   0.324709831628E+07   0.901865529976E+01
       1542   0.461654975333E+07   0.323951400933E+07   0.901748127735E+01
       1553   0.461817499053E+07   0.323528944699E+07   0.901357430695E+01
       1532   0.461597684231E+07   0.322614160874E+07   0.900859076638E+01
       1428   0.461678630283E+07   0.324522018147E+07   0.901777409100E+01
       1454   0.462216345023E+07   0.324109175725E+07   0.901550684405E+01
       1452   0.462714129776E+07   0.323738923040E+07   0.901384907589E+01
       1453   0.461897051256E+07   0.324352405122E+07   0.901638309200E+01
       1451   0.463265823251E+07   0.322949010488E+07   0.900508735106E+01
       1406   0.462234284027E+07   0.324423654444E+07   0.901631077251E+01
       1405   0.461953377831E+07   0.324549251853E+07   0.901602199065E+01
       1381   0.461506922181E+07   0.324863596291E+07   0.901784698337E+01
       1380   0.461405029233E+07   0.324989848403E+07   0.901727095702E+01
       1430   0.461435956200E+07   0.324834142296E+07   0.901502740542E+01
       1343   0.461480583090E+07   0.325045597936E+07   0.901633466751E+01
       1479   0.461399100703E+07   0.324667950498E+07   0.901498857562E+01
       1478   0.461315184723E+07   0.324857882067E+07   0.901328068761E+01
       1429   0.461315029752E+07   0.324986986712E+07   0.901401788903E+01
       1432   0.461442933641E+07   0.324759514778E+07   0.901516429961E+01
       1437   0.461160215620E+07   0.325100480973E+07   0.901564282881E+01
       1342   0.461408828580E+07   0.325307104334E+07   0.901575652836E+01
       1387   0.461278592017E+07   0.325189391611E+07   0.901503249478E+01
       1341   0.461321118268E+07   0.325720899656E+07   0.901539516710E+01
       1436   0.461064627494E+07   0.325330799567E+07   0.901496429567E+01
       1386   0.461144750028E+07   0.325508296103E+07   0.901923436442E+01
       1435   0.460821718628E+07   0.325600025289E+07   0.901745987955E+01
       1485   0.460547283273E+07   0.325142044895E+07   0.901733663822E+01
       1545   0.460546038768E+07   0.324823464573E+07   0.901851785986E+01
       1434   0.460287702325E+07   0.325137777505E+07   0.902009578778E+01
       1518   0.460415841312E+07   0.324948864416E+07   0.901952528620E+01
       1541   0.460412405391E+07   0.324867545216E+07   0.901933397538E+01
       1482   0.460453578010E+07   0.325106930288E+07   0.901887975565E+01
       1563   0.460452982311E+07   0.324715011615E+07   0.901848774331E+01
       1512   0.460330446725E+07   0.324983432141E+07   0.902041564918E+01
       1473   0.460270066647E+07   0.324996838342E+07   0.902081850749E+01
       1595   0.460482426585E+07   0.324485723521E+07   0.901753519911E+01
       1581   0.460378200944E+07   0.324574891583E+07   0.901974356686E+01
       1582   0.460453115717E+07   0.324607180143E+07   0.901798704385E+01
       1517   0.460462100585E+07   0.324997845033E+07   0.901918025544E+01
       1561   0.460330412120E+07   0.324648141687E+07   0.902088908309E+01
       1548   0.460273503046E+07   0.324703407832E+07   0.902094507305E+01
       1568   0.460281182284E+07   0.324637315170E+07   0.902102285177E+01
       1522   0.460273500083E+07   0.324778889186E+07   0.902071858163E+01
       1540   0.460331848607E+07   0.324702956825E+07   0.902077097026E+01
       1580   0.460330583532E+07   0.324585169803E+07   0.902064400533E+01
       1617   0.460371720359E+07   0.324329337149E+07   0.902164427998E+01
       1569   0.460214723899E+07   0.324694612309E+07   0.902234312031E+01
       1549   0.460217176005E+07   0.324766656575E+07   0.902158835079E+01
       1488   0.460229295155E+07   0.324866270652E+07   0.902083224877E+01
       1481   0.460355184122E+07   0.325048700424E+07   0.901993918017E+01
       1425   0.460208020551E+07   0.325012328912E+07   0.902087538605E+01
       1489   0.460171505909E+07   0.324930595189E+07   0.902173209660E+01
       1443   0.460135002581E+07   0.325028978290E+07   0.902181140647E+01
       1523   0.460196506760E+07   0.324843724409E+07   0.902186263462E+01
       1349   0.460031091843E+07   0.325274602354E+07   0.902200792136E+01
       1340   0.460060237399E+07   0.325342943742E+07   0.902152216920E+01
       1346   0.460073747489E+07   0.325553945599E+07   0.902049299689E+01
       1480   0.460359597137E+07   0.325135140567E+07   0.901966756593E+01
       1310   0.460049383544E+07   0.325667085189E+07   0.902005800266E+01
       1311   0.460025655969E+07   0.325789342125E+07   0.901982215129E+01
       1345   0.460887867436E+07   0.326311189168E+07   0.902274045722E+01
       1385   0.460888352532E+07   0.325884874010E+07   0.902011612899E+01
