       4387       2725       1656         32         12          2          1          1          0          0          0          0          0          0          0          0          0          0
 local to global mapping:
         232
           1           3
           2           4
           3          10
           4          51
           5          53
           6          56
           7          58
           8          60
           9          61
          10          64
          11          65
          12          67
          13         103
          14         155
          15         157
          16         191
          17         223
          18         232
          19         233
          20         234
          21         237
          22         238
          23         239
          24         241
          25         242
          26         243
          27         247
          28         248
          29         249
          30         250
          31         251
          32         252
          33         253
          34         254
          35         259
          36         263
          37         264
          38         267
          39         272
          40         275
          41         276
          42         277
          43         278
          44         279
          45         281
          46         282
          47         283
          48         284
          49         285
          50         289
          51         290
          52         291
          53         292
          54         294
          55         295
          56         296
          57         298
          58         830
          59         833
          60         834
          61         892
          62         894
          63         916
          64         919
          65         922
          66         923
          67         934
          68         935
          69         937
          70         938
          71         939
          72         950
          73         952
          74         953
          75         954
          76         955
          77         956
          78         957
          79         958
          80         959
          81         960
          82         961
          83         962
          84         963
          85         964
          86         965
          87         966
          88         967
          89         968
          90         969
          91         970
          92         971
          93         972
          94         973
          95         974
          96         975
          97         976
          98         977
          99         978
         100         979
         101         980
         102         981
         103         982
         104         983
         105         984
         106         985
         107         986
         108         987
         109         988
         110         989
         111         990
         112         991
         113        1001
         114        1002
         115        1010
         116        1011
         117        1012
         118        1013
         119        1014
         120        1015
         121        1016
         122        1017
         123        1018
         124        1019
         125        1020
         126        1021
         127        1022
         128        1024
         129        1025
         130        1048
         131        1049
         132        1050
         133        1051
         134        1052
         135        1053
         136        1054
         137        1055
         138        1056
         139        1057
         140        1058
         141        1059
         142        1060
         143        1061
         144        1062
         145        1063
         146        1064
         147        1065
         148        1066
         149        1067
         150        1068
         151        1069
         152        1070
         153        1078
         154        1080
         155        1084
         156        1085
         157        1094
         158        1095
         159        1100
         160        1101
         161        1102
         162        1103
         163        1104
         164        1105
         165        1106
         166        1107
         167        1108
         168        1109
         169        1110
         170        1111
         171        1112
         172        1113
         173        1114
         174        1115
         175        1116
         176        1117
         177        1118
         178        1119
         179        1120
         180        1121
         181        1123
         182        1124
         183        1125
         184        1126
         185        1129
         186        1131
         187        1133
         188        1134
         189        1135
         190        1136
         191        1137
         192        1138
         193        1139
         194        1140
         195        1141
         196        1142
         197        1143
         198        1144
         199        1145
         200        1146
         201        1147
         202        1148
         203        1149
         204        1150
         205        1151
         206        1152
         207        1153
         208        1154
         209        1155
         210        1156
         211        1157
         212        1158
         213        1159
         214        1160
         215        1161
         216        1162
         217        1163
         218        1164
         219        1165
         220        1166
         221        1167
         222        1168
         223        1169
         224        1170
         225        1171
         226        1172
         227        1176
         228        1177
         229        1178
         230        1180
         231        1181
         232        1188
         163
           1        1074
           2        1013
           3        1014
           4        1081
           5        1071
           6        1070
           7         960
           8        1026
           9        1025
          10         899
          11         953
          12         959
          13        1280
          14        1246
          15        1281
          16        1076
          17        1020
          18        1019
          19        1075
          20        1134
          21        1135
          22        1196
          23         957
          24         956
          25         896
          26         967
          27         964
          28         906
          29        1032
          30        1029
          31        1021
          32        1087
          33        1004
          34        1064
          35        1005
          36        1017
          37        1139
          38        1198
          39        1138
          40        1094
          41        1097
          42        1164
          43        1084
          44        1085
          45        1024
          46        1023
          47        1083
          48        1018
          49        1082
          50        1141
          51        1200
          52        1142
          53        1199
          54        1193
          55        1195
          56        1241
          57        1063
          58        1247
          59        1067
          60        1068
          61         940
          62        1655
          63        1007
          64        1011
          65        1073
          66        1008
          67         946
          68        1010
          69         939
          70         941
          71         942
          72         945
          73        1009
          74        1140
          75         951
          76        1027
          77        1091
          78        1028
          79         842
          80         889
          81         888
          82         891
          83         885
          84         818
          85         791
          86         792
          87         809
          88         841
          89         811
          90        1022
          91         954
          92         904
          93         952
          94        1157
          95        1090
          96        1088
          97         955
          98         895
          99         844
         100         958
         101         808
         102         900
         103         847
         104         898
         105        1156
         106        1212
         107        1149
         108        1150
         109        1151
         110         810
         111        1089
         112         968
         113         907
         114         949
         115         950
         116         948
         117        1012
         118         892
         119         944
         120         947
         121        1066
         122        1245
         123        1197
         124        1137
         125        1136
         126        1131
         127        1244
         128        1279
         129        1072
         130        1282
         131        1308
         132        1243
         133        1132
         134        1133
         135        1069
         136         937
         137        1062
         138        1003
         139        1065
         140        1006
         141         938
         142         883
         143         882
         144         884
         145         843
         146         890
         147         943
         148         886
         149         887
         150         840
         151         963
         152         962
         153         819
         154         852
         155         961
         156         903
         157        1158
         158        1093
         159         894
         160         893
         161         897
         162         902
         163         901
         393
           1           7
           2           8
           3           9
           4          10
           5          11
           6          12
           7          28
           8          29
           9          30
          10         147
          11         148
          12         149
          13         153
          14         154
          15         155
          16         161
          17         162
          18         163
          19         167
          20         168
          21         169
          22         173
          23         174
          24         175
          25         176
          26         177
          27         178
          28         184
          29         185
          30         186
          31         187
          32         188
          33         189
          34         193
          35         194
          36         195
          37         296
          38         297
          39         298
          40         445
          41         446
          42         450
          43         451
          44         452
          45         541
          46         542
          47         543
          48         618
          49         619
          50         620
          51         643
          52         644
          53         645
          54         646
          55         647
          56         648
          57         649
          58         656
          59         657
          60         658
          61         659
          62         660
          63         661
          64         662
          65         666
          66         667
          67         668
          68         669
          69         670
          70         671
          71         680
          72         681
          73         682
          74         683
          75         684
          76         685
          77         686
          78         687
          79         688
          80         689
          81         690
          82         691
          83         692
          84         693
          85         694
          86         695
          87         696
          88         697
          89         709
          90         710
          91         711
          92         721
          93         722
          94         723
          95         724
          96         730
          97         731
          98         732
          99         744
         100         745
         101         752
         102         753
         103         754
         104         755
         105         756
         106         757
         107         758
         108         759
         109         760
         110         761
         111         762
         112         763
         113         764
         114         765
         115         769
         116         770
         117         771
         118         772
         119         773
         120         774
         121         775
         122         776
         123         777
         124         778
         125         779
         126         780
         127         781
         128         782
         129         783
         130         793
         131         794
         132         795
         133         796
         134         797
         135         798
         136         799
         137         800
         138         801
         139         802
         140         803
         141         807
         142         808
         143         809
         144         810
         145         811
         146         814
         147         815
         148         816
         149        1987
         150        1988
         151        1992
         152        1993
         153        1994
         154        1991
         155        1995
         156        2061
         157        2062
         158        2063
         159        2064
         160        2091
         161        2092
         162        2093
         163        2090
         164        2098
         165        2099
         166        2100
         167        2101
         168        2102
         169        2111
         170        2112
         171        2113
         172        2103
         173         533
         174        2115
         175        2125
         176        2127
         177        2126
         178        2128
         179        2129
         180        2130
         181        2131
         182        2132
         183        2133
         184        2134
         185        2135
         186        2136
         187        2137
         188        2138
         189        2139
         190        2140
         191        2141
         192        2142
         193        2143
         194        2144
         195        2145
         196        2146
         197        2147
         198        2148
         199        2149
         200        2150
         201        2151
         202        2152
         203        2153
         204        2154
         205        2155
         206        2156
         207        2157
         208        2158
         209        2159
         210        2160
         211        2161
         212        2162
         213        2163
         214        2164
         215        2165
         216        2166
         217        2167
         218        2168
         219        2169
         220        2170
         221        2171
         222        2172
         223        2173
         224        2174
         225        2175
         226        2176
         227        2177
         228        2178
         229        2179
         230        2180
         231        2181
         232        2182
         233        2183
         234        2196
         235        2197
         236        2198
         237        2214
         238        2207
         239        2201
         240        2215
         241         164
         242        2216
         243        2217
         244        2218
         245        2219
         246        2220
         247        2221
         248        2222
         249        2223
         250        2224
         251        2225
         252        2226
         253        2227
         254        2228
         255        2229
         256        2230
         257        2231
         258         704
         259        2233
         260        2270
         261        2271
         262        2272
         263        2273
         264        2274
         265        2275
         266        2276
         267        2277
         268        2278
         269        2279
         270        2280
         271        2281
         272        2282
         273        2283
         274        2284
         275        2285
         276        2286
         277        2287
         278        2288
         279        2289
         280        2290
         281        2291
         282        2292
         283        2293
         284        2294
         285        2295
         286        2296
         287        2297
         288        2298
         289        2299
         290        2316
         291        2319
         292        2318
         293        2325
         294        2326
         295        2337
         296         766
         297        2338
         298        2339
         299        2340
         300        2347
         301        2348
         302        2349
         303        2350
         304        2351
         305        2352
         306        2353
         307        2354
         308        2355
         309        2356
         310        2357
         311        2358
         312        2359
         313        2360
         314        2361
         315        2362
         316        2363
         317        2364
         318        2365
         319        2366
         320        2367
         321        2368
         322        2369
         323        2370
         324        2371
         325        2372
         326        2373
         327        2374
         328        2376
         329        2377
         330        2378
         331        2379
         332        2380
         333        2383
         334        2384
         335        2387
         336        2388
         337        2391
         338        2392
         339        2345
         340        2393
         341        2394
         342        2395
         343        2396
         344        2390
         345        2397
         346        2398
         347        2399
         348        2400
         349        2401
         350        2402
         351        2403
         352        2404
         353        2405
         354        1990
         355        2406
         356        2407
         357        2408
         358         650
         359         652
         360        2386
         361        2409
         362        2410
         363        2411
         364        2412
         365        2413
         366        2414
         367        2415
         368        2416
         369        2417
         370        2418
         371        2419
         372        2420
         373        2421
         374        2422
         375        2423
         376        2424
         377        2425
         378        2426
         379        2427
         380        2428
         381        2429
         382        2430
         383        2431
         384        2432
         385        2433
         386        2434
         387        2442
         388        2445
         389        2441
         390        2444
         391        2389
         392        2443
         393        2454
 Header:
       2000          2          1           0.00           0.00
        48  0.9000000E+03      3     32     12    0.99999998E-02    0.20000000E+03    0.10000000E+02    0.00000000E+00    0.99999997E-04   2
  -1800.00000    
  -1600.00000    
  -1400.00000    
  -1200.00000    
  -1000.00000    
  -800.000000    
  -600.000000    
  -400.000000    
  -300.000000    
  -260.000000    
  -230.000000    
  -1.00000000    
 -0.949999988    
 -0.899999976    
 -0.850000024    
 -0.800000012    
 -0.750000000    
 -0.699999988    
 -0.649999976    
 -0.600000024    
 -0.550000012    
 -0.500000000    
 -0.449999988    
 -0.400000006    
 -0.349999994    
 -0.300000012    
 -0.250000000    
 -0.200000003    
 -0.150000006    
 -0.100000001    
  -5.00000007E-02
   0.00000000    
         163         232
   34.616357241700001        27.959242984799996        8.66826820              12
   34.607770561499997        27.950991084500000        5.00000000              12
   34.617961057700001        27.946121799600004        5.04941511              12
   34.654402763599997        27.927195571899997        8.68326283              12
   34.655942466600003        27.936401958099999        5.00000000              12
   34.647364398999997        27.935568668900004        5.49577332              12
   34.451638282600001        27.973049453600005        519.762573               7
   34.446432860199998        27.958356827700001        1141.36951               4
   34.465916386600000        27.964928462199996        917.584045               5
   34.428068018899999        27.982072006199996        21.4774437              12
   34.421924644699999        27.968329859899999        47.1456757              12
   34.436188297199998        27.972585724199998        354.400848               8
   34.680819095600000        27.987762739899996        16.6352310              12
   34.671436241000002        27.969545717600003        13.9727268              12
   34.692562401700009        27.973953060800000        24.4622860              12
   34.638680333499998        27.944000345700001        10.5406704              12
   34.638195199700000        27.933469372800005        6.32255173              12
   34.628533925699998        27.939062903000000        5.00000000              12
   34.628793414999997        27.952955441099999        16.6725655              12
   34.623920996700001        28.007088314000001        11.0852499              12
   34.616948630800003        27.988244046000002        7.34628201              12
   34.638480680299999        27.990255908300000        42.5749626              12
   34.399555780599989        27.938034465500003        892.573547               5
   34.407381250999997        27.943914929799998        855.126282               5
   34.396086917199995        27.945546234799998        513.709045               7
   34.378384850700002        27.913218561800004        861.912476               5
   34.384096150799998        27.925957220800004        746.196472               6
   34.371702232499999        27.922089151700000        325.002167               8
   34.384928245600001        27.899047922500003        1276.24695               3
   34.393451538800001        27.914109295900001        1250.47205               3
   34.396844220200002        27.928229385700003        1066.28796               4
   34.410447181199991        27.918325102800004        1420.98828               2
   34.647879573099999        28.042981625600000        5.00000000              12
   34.659748745199998        28.040331927400004        5.00000000              12
   34.656777142099990        28.048445552499999        5.00000000              12
   34.662201618499992        27.931810043599999        5.00000000              12
   34.658331649799997        27.943397190799995        5.00000000              12
   34.658711421699998        27.957002356000000        10.8439779              12
   34.649512946700000        27.946039158300000        6.51668167              12
   34.405568157200001        27.900378020100003        1415.38489               2
   34.393085995600003        27.881140974099999        1313.24280               3
   34.422983965500002        27.882726238400004        1339.25916               3
   34.631400731699998        27.927781629000002        5.77876711              12
   34.639311085499990        27.924025060700004        15.1576166              12
   34.410786020700002        27.932931193999998        1259.71716               3
   34.420753028199996        27.943069556000001        1163.21533               4
   34.623674256500003        27.930002011700005        5.00000000              12
   34.618461693999997        27.935307930299999        5.00000000              12
   34.645876813000001        27.928185045600003        9.81606674              12
   34.642532087399992        27.957651476700001        21.9239750              12
   34.675419495900002        27.952577436300000        7.21358490              12
   34.666043652799999        27.949924049099998        5.00000000              12
   34.649826834399995        27.972377040100000        26.7994919              12
   34.659760548400001        28.024718380800000        5.00000000              12
   34.663511501899990        28.013643093100004        5.52469492              12
   34.669889300000001        28.025403102399999        5.06907034              12
   34.649883597799999        28.035391834700000        5.00000000              12
   34.684917964999990        27.957980041200003        14.3843880              12
   34.600412146899998        28.003055945800003        6.35965300              12
   34.596188186500001        27.984552821499999        5.58430243              12
   34.580011124099997        28.031009817300003        5.24270487              12
   34.593975269399998        28.018855183499998        5.74817944              12
   34.601480420100003        28.031602848999999        5.00000000              12
   34.592368517499999        27.969330160100000        5.00000000              12
   34.609270181100001        27.972799439999996        5.90812635              12
   34.578205192500000        28.011379089399998        5.70056391              12
   34.566297980499996        27.998788258099999        5.00000000              12
   34.581133779699996        27.993853833000003        5.69702101              12
   34.594632820599998        28.042088204599999        5.00222635              12
   34.558716093599998        28.023031734899998        5.00000000              12
   34.559608022399999        28.008739179500001        5.00000000              12
   34.564844816100006        27.987522987400002        5.00000000              12
   34.578814659099997        27.979403700500001        5.00307846              12
   34.629228213300003        27.970839374499999        28.3933792              12
   34.607421168800002        27.940656683600000        5.00000000              12
   34.484743219000009        27.957604244300001        607.982849               6
   34.484405131199999        27.941133038699995        1068.11304               4
   34.504615763700002        27.947354537800003        212.727676              11
   34.546300551999998        27.974678799400003        5.60346794              12
   34.556130373000002        27.979366075000002        5.00000000              12
   34.550969664299998        27.985203082100000        5.07512903              12
   34.552185891500002        28.000068412200001        5.00000000              12
   34.540948873900000        28.008664618999997        5.00000000              12
   34.512811567000000        27.977897225100001        5.00000000              12
   34.524267037200005        27.977672369399997        6.65764809              12
   34.522610060200002        27.985998193400004        5.47018623              12
   34.531647498300003        27.983242758700005        6.58223677              12
   34.541081392099997        27.983320379700004        6.99708271              12
   34.534933973100003        27.991169818199999        5.00000000              12
   34.426157404199998        27.957228339000000        650.437988               6
   34.408847622800003        27.963206592500001        40.7324219              12
   34.373318842300002        27.930974075599995        220.134644              11
   34.387320255400006        27.939180894600000        455.320435               7
   34.450146510099998        27.921729833600004        1442.39783               2
   34.463999599200001        27.943619009500001        1465.10168               2
   34.439125712500001        27.942272803700000        1356.37036               3
   34.411626890900003        27.952889276200004        539.470276               7
   34.402078869699999        27.950960437099997        475.183014               7
   34.393626602900000        27.953158307600003        121.675575              12
   34.463302686399999        27.983506128199995        168.412277              12
   34.523133601100000        27.968604355600000        5.30142546              12
   34.447189126799998        27.986057817300001        108.313095              12
   34.436993383100003        27.998774338499999        73.1825027              12
   34.435118360799997        27.987363029599997        40.4608269              12
   34.429661018899999        27.906947080300000        1421.76404               2
   34.457532309199991        27.891620703899999        1303.41504               3
   34.649004638699999        27.920938140400001        31.4361439              12
   34.622515525399990        27.920289691200001        29.3263893              12
   34.632159711400000        27.917614500200003        40.3362274              12
   34.534043611600005        27.975068745100000        6.74679565              12
   34.427056307299999        27.927440141700004        1370.44104               3
   34.369362961500002        27.902771306699997        806.077698               5
   34.364986694199999        27.914757622100002        188.124542              12
   34.598646065299995        27.953529996200004        5.00000000              12
   34.598717886999999        27.945617089399999        5.00000000              12
   34.592225870699998        27.959339468200003        5.00000000              12
   34.603263401800000        27.961379453399999        5.00000000              12
   34.590702353799998        27.950879839399999        5.00000000              12
   34.567877101800001        27.970233873600002        5.00000000              12
   34.579627345599995        27.967735911700004        5.00000000              12
   34.611473712100000        28.018982502200000        5.00242662              12
   34.660546249500001        27.986428579199998        20.5890770              12
   34.654638686100000        28.001347422399995        24.4213982              12
   34.640762106799997        28.005878576000001        30.7212505              12
   34.651096076999998        28.015365334100000        10.2185717              12
   34.648602562400001        28.026044473199999        5.10288048              12
   34.671003437300001        28.001399413400001        9.60679817              12
   34.689163718099998        28.005972014699996        23.4747734              12
   34.666341279199997        27.939175041199999        5.00000000              12
   34.703615297600003        27.959899951500002        16.5153446              12
   34.703543313600001        27.992638231100003        52.8420753              12
   34.676455855900002        28.014912880699999        5.13605452              12
   34.657554708799999        28.032405360599995        5.00000000              12
   34.666439707099997        28.033884459500001        5.00000000              12
   34.638432942700000        28.017754618599998        17.3276539              12
   34.647513816500002        28.053132266700004        5.00000000              12
   34.637759345500001        28.029490887900000        5.02586412              12
   34.641011096299998        28.037939856500000        5.00000000              12
   34.627879442199998        28.024701643899999        6.37986088              12
   34.616428740899998        28.033399864000000        5.00000000              12
   34.611777594400003        28.045625251099995        5.00000000              12
   34.559611369199999        28.045632307300000        5.10914755              12
   34.580476630400000        28.046672342900003        5.15558338              12
   34.538376133599996        28.029525484499999        5.00000000              12
   34.545027188100001        27.992230874600001        5.00000000              12
   34.554575743299999        27.992806845600001        5.00000000              12
   34.565200038500009        27.978423627100000        5.00000000              12
   34.557991191299998        27.972276460099998        5.00000000              12
   34.552559978900000        27.964571637100001        5.00000000              12
   34.536473619399999        27.965061503299999        5.00000000              12
   34.504739964000002        27.961584116499999        37.1691742              12
   34.492262088300002        27.970434396700000        118.224014              12
   34.511508984700001        27.988388313200002        5.00000000              12
   34.505377141700002        27.983437605799995        5.00000000              12
   34.478642283100001        27.976467659799997        196.010284              12
   34.501255163499998        27.977545590699997        10.9983025              12
   34.477116123800002        27.919316884200001        1259.50903               3
   34.498905243899998        27.932863049200002        719.699219               6
   34.401074988100000        27.958489733599997        79.5854568              12
   34.387801421500001        27.946547977599998        143.876678              12
   34.455947403400003        28.001247295599999        177.203720              12
   34.491138343899998        27.984467535200000        14.2624598              12
   34.476417754200000        27.995664427699996        111.125214              12
           3           1           2           3
           3           4           5           6
           3           7           8           9
           3          10          11          12
           3          13          14          15
           3          16          17           6
           3          18          19           3
           3          20          21          22
           3          23          24          25
           3          26          27          28
           3          26          29          30
           3          31          30          32
           3          33          34          35
           3           4          36           5
           3          37          38          39
           3          40          41          42
           3          43          44          17
           3          32          45          31
           3          40          32          30
           3          45          46          24
           3          47          18          48
           3           6           5          39
           3          47          43          18
           3          43          17          18
           3          49           4           6
           3          16          39          50
           3          51          38          52
           3          37          52          38
           3          53          38          14
           3          50          39          38
           3          54          55          56
           3          34          33          57
           3          15          14          58
           3          21          59          60
           3          61          62          63
           3          64          65          60
           3          50          38          53
           3          66          67          68
           3          69          61          63
           3          70          71          66
           3          68          72          73
           3           1          19          74
           3           3           2          75
           3          76          77          78
           3          79          80          81
           3          82          71          83
           3          84          85          86
           3          87          88          89
           3          90          11          91
           3          92          27          93
           3          94          95          96
           3          90          91          97
           3          25          98          99
           3         100           7           9
           3          84         101          85
           3          83          71          70
           3         102         103         104
           3          29          41          40
           3         105          32          40
           3          94         105         106
           3          44         107          49
           3          44          49          17
           3         108         109          43
           3         109          44          43
           3          85         110          87
           3          77          76          95
           3         111         105          94
           3         111          32         105
           3         105          40          42
           3          30          29          40
           3          26         112          29
           3          27          26          30
           3         113          26          28
           3          27          92          28
           3           2         114         115
           3         116         114         117
           3         115          75           2
           3           3          75          48
           3         118         114         116
           3         118         115         114
           3         119         120          73
           3         116         117          64
           3          68          60          59
           3          65          74          21
           3         121          59          20
           3          60          65          21
           3          64         117          65
           3         114           2         117
           3         117           1          65
           3         117           2           1
           3         122         123          22
           3          65           1          74
           3          22         124          20
           3          74          22          21
           3         125          54         126
           3          19          50          74
           3         127          13         128
           3          13         122          14
           3          22          74          53
           3          74          50          53
           3          19          16          50
           3          18           3          48
           3          19           1           3
           3         108          43          47
           3          18          16          19
           3          18          17          16
           3          16           6          39
           3          17          49           6
           3         107           4          49
           3           5          37          39
           3           5          36         129
           3          37           5         129
           3          15          58         130
           3          14          38          51
           3         123         124          22
           3         131          13          15
           3         128         132         127
           3          58          14          51
           3          53         122          22
           3          53          14         122
           3          13         127         122
           3          55         125         123
           3         123         127          55
           3         123         122         127
           3          57         126         133
           3          34         133         134
           3          54         134         133
           3          55         132          56
           3          55         127         132
           3         125         124         123
           3         135         124         125
           3          35         136          33
           3         137         126          57
           3         133          34          57
           3         133         126          54
           3          57         138         137
           3          54         125          55
           3         126         135         125
           3         137         135         126
           3         139          20         135
           3          20         124         135
           3         139         135         137
           3         121         140          63
           3         140         121         139
           3          59          21          20
           3          63          62         121
           3          66          59          62
           3          59         121          62
           3          20         139         121
           3         141          69          63
           3          61         142          70
           3         140         141          63
           3          66          61          70
           3          69         143          61
           3          61          66          62
           3          71          82          67
           3         144          83          70
           3          79          88         110
           3          86          87          89
           3          89          88         145
           3         146          67          82
           3          72         147          73
           3          71          67          66
           3          66          68          59
           3         119         148         149
           3          88          81         145
           3          81          72         146
           3          67          72          68
           3          67         146          72
           3          79          81          88
           3         146         145          81
           3         147          80         148
           3          72          81          80
           3         119         147         148
           3          72          80         147
           3          60          73          64
           3          60          68          73
           3          73         147         119
           3          64          73         120
           3         148          79         149
           3         149          79         150
           3         150          79         110
           3         148          80          79
           3         150         110         101
           3          76          78         151
           3          76         151         152
           3         153          84          86
           3         101         110          85
           3          85          87          86
           3         110          88          87
           3         154          84         153
           3           9          76         155
           3         151         156         152
           3         111          96          46
           3           7         102          12
           3         100         102           7
           3          96         111          94
           3         155          76         152
           3          95          94         157
           3           9          95          76
           3           9           8          95
           3         157          77          95
           3         158          78          77
           3           8          96          95
           3           8          90          96
           3         159          97          91
           3          46          90          97
           3          96          90          46
           3           8          12          90
           3          27          31          93
           3          46          97          24
           3         111          45          32
           3         111          46          45
           3          24          23          45
           3          27          30          31
           3          23          25          93
           3          31          23          93
           3          31          45          23
           3         159          99          98
           3          93          25         160
           3          24          97          98
           3         159          98          97
           3          25          24          98
           3         160          25          99
           3          10          12         104
           3          11          90          12
           3         104          12         102
           3           8           7          12
           3           9         155         100
           3         161         102         100
           3         152         162         155
           3         100         155         163
           1           2           3
           2           3           1
           3           1           2
           4           5           6
           5           6           4
           6           4           5
           7           8           9
           8           9           7
           9           7           8
          10          11          12
          11          12          10
          12          10          11
          13          14          15
          14          15          13
          15          13          14
          16          17           6
          17           6          16
          18          16          17
          19          19           3
          20           3          18
          21          18          19
          22          21          22
          23          22          20
          24          20          21
          25          24          25
          26          25          23
          27          23          24
          28          27          28
          29          28          26
          30          26          27
          31          29          30
          32          30          26
          33          26          29
          34          30          32
          35          32          31
          36          31          30
          37          34          35
          38          35          33
          39          33          34
          40          36           5
          41           4          36
          42          38          39
          43          39          37
          44          37          38
          45          41          42
          46          42          40
          47          40          41
          48          44          17
          49          17          43
          50          43          44
          51          45          31
          52          32          45
          53          30          40
          54          40          32
          55          46          24
          56          24          45
          57          45          46
          58          18          48
          59          48          47
          60          47          18
          61           5          39
          62          39           6
          63          43          18
          64          47          43
          65          17          18
          66           6          49
          67          49           4
          68          39          50
          69          50          16
          70          16          39
          71          38          52
          72          52          51
          73          51          38
          74          37          52
          75          38          14
          76          14          53
          77          53          38
          78          38          50
          79          55          56
          80          56          54
          81          54          55
          82          33          57
          83          57          34
          84          14          58
          85          58          15
          86          59          60
          87          60          21
          88          21          59
          89          62          63
          90          63          61
          91          61          62
          92          65          60
          93          60          64
          94          64          65
          95          53          50
          96          67          68
          97          68          66
          98          66          67
          99          63          69
         100          69          61
         101          71          66
         102          66          70
         103          70          71
         104          72          73
         105          73          68
         106          68          72
         107          19          74
         108          74           1
         109           1          19
         110           2          75
         111          75           3
         112          77          78
         113          78          76
         114          76          77
         115          80          81
         116          81          79
         117          79          80
         118          71          83
         119          83          82
         120          82          71
         121          85          86
         122          86          84
         123          84          85
         124          88          89
         125          89          87
         126          87          88
         127          11          91
         128          91          90
         129          90          11
         130          27          93
         131          93          92
         132          92          27
         133          95          96
         134          96          94
         135          94          95
         136          91          97
         137          97          90
         138          98          99
         139          99          25
         140          25          98
         141           9         100
         142         100           7
         143         101          85
         144          84         101
         145          70          83
         146         103         104
         147         104         102
         148         102         103
         149          40          29
         150          29          41
         151          40         105
         152         105          32
         153         105         106
         154          94         106
         155          94         105
         156         107          49
         157          49          44
         158          44         107
         159          49          17
         160         109          43
         161          43         108
         162         108         109
         163          44         109
         164         110          87
         165          87          85
         166          85         110
         167          76          95
         168          95          77
         169          94         111
         170         111         105
         171         111          32
         172         105          42
         173          29         112
         174          26         112
         175          30          27
         176          28         113
         177          26         113
         178          92          28
         179         114         115
         180         115           2
         181           2         114
         182         114         117
         183         117         116
         184         116         114
         185         115          75
         186          75          48
         187          48           3
         188         116         118
         189         118         114
         190         118         115
         191         120          73
         192          73         119
         193         119         120
         194         117          64
         195          64         116
         196          59          68
         197          68          60
         198          74          21
         199          21          65
         200          65          74
         201          59          20
         202          20         121
         203         121          59
         204         117          65
         205           2         117
         206           1          65
         207         117           1
         208         123          22
         209          22         122
         210         122         123
         211         124          20
         212          22         124
         213          74          22
         214          54         126
         215         126         125
         216         125          54
         217          50          74
         218          19          50
         219          13         128
         220         128         127
         221         127          13
         222         122          14
         223          13         122
         224          74          53
         225          53          22
         226          19          16
         227          47         108
         228          18          16
         229         107           4
         230           5          37
         231          36         129
         232         129           5
         233         129          37
         234          58         130
         235         130          15
         236          51          14
         237         123         124
         238         131          15
         239          13         131
         240         132         127
         241         132         128
         242          51          58
         243          53         122
         244         127         122
         245         125         123
         246         123          55
         247          55         125
         248         127          55
         249         123         127
         250         126         133
         251         133          57
         252          57         126
         253         133         134
         254         134          34
         255          34         133
         256         133          54
         257          54         134
         258          56         132
         259          55         132
         260         125         124
         261         125         135
         262         135         124
         263         136          33
         264          35         136
         265          57         137
         266         137         126
         267         138         137
         268          57         138
         269         126         135
         270         137         135
         271          20         135
         272         135         139
         273         139          20
         274         137         139
         275         140          63
         276          63         121
         277         121         140
         278         121         139
         279         139         140
         280          62         121
         281          59          62
         282          62          66
         283          66          59
         284          63         141
         285         141          69
         286         142          70
         287          70          61
         288          61         142
         289         140         141
         290          66          61
         291         143          61
         292         143          69
         293          82          67
         294          67          71
         295         144          70
         296          83         144
         297          88         110
         298         110          79
         299          79          88
         300          89          86
         301          86          87
         302          88         145
         303         145          89
         304          82         146
         305         146          67
         306         147          73
         307          72         147
         308         148         149
         309         149         119
         310         119         148
         311          81         145
         312          88          81
         313          72         146
         314         146          81
         315          81          72
         316          67          72
         317         146         145
         318          80         148
         319         148         147
         320         147          80
         321          80          72
         322         119         147
         323          73          64
         324          60          73
         325         120          64
         326          79         149
         327         148          79
         328          79         150
         329         150         149
         330         110         150
         331         110         101
         332         101         150
         333          78         151
         334         151          76
         335         151         152
         336         152          76
         337          86         153
         338         153          84
         339         154         153
         340         154          84
         341          76         155
         342         155           9
         343           9          76
         344         152         156
         345         151         156
         346          96          46
         347          46         111
         348         111          96
         349         102          12
         350          12           7
         351           7         102
         352         100         102
         353         152         155
         354         157          94
         355         157          95
         356           9          95
         357           8          95
         358          77         157
         359         158          77
         360          78         158
         361           8          96
         362          90          96
         363           8          90
         364          91         159
         365         159          97
         366          97          46
         367          46          90
         368          12          90
         369           8          12
         370          31          93
         371          27          31
         372          97          24
         373         111          45
         374          23          45
         375          25          93
         376          93          23
         377          31          23
         378          98         159
         379         159          99
         380          25         160
         381         160          93
         382          97          98
         383          98          24
         384          99         160
         385          12         104
         386         104          10
         387         155         100
         388         100         161
         389         102         161
         390         155         162
         391         162         152
         392         163         155
         393         100         163
