       4387       2725       1656         32         12          2          1          1          0          0          0          0          0          0          0          0          0          0
 local to global mapping:
         203
           1          17
           2          32
           3          68
           4          72
           5         101
           6         107
           7         111
           8         143
           9         261
          10         262
          11         266
          12         268
          13         269
          14         270
          15         273
          16         274
          17         280
          18         286
          19         288
          20         293
          21         300
          22         301
          23         302
          24         304
          25         306
          26         307
          27         351
          28         355
          29         368
          30         371
          31         375
          32         377
          33         379
          34         383
          35         434
          36         435
          37         439
          38         440
          39         442
          40         443
          41         447
          42        1071
          43        1072
          44        1073
          45        1074
          46        1075
          47        1076
          48        1077
          49        1079
          50        1081
          51        1082
          52        1083
          53        1086
          54        1087
          55        1088
          56        1089
          57        1090
          58        1091
          59        1092
          60        1093
          61        1096
          62        1097
          63        1098
          64        1099
          65        1132
          66        1173
          67        1174
          68        1175
          69        1179
          70        1182
          71        1183
          72        1184
          73        1185
          74        1186
          75        1187
          76        1189
          77        1190
          78        1191
          79        1192
          80        1193
          81        1194
          82        1195
          83        1196
          84        1197
          85        1198
          86        1199
          87        1200
          88        1201
          89        1202
          90        1203
          91        1204
          92        1205
          93        1206
          94        1207
          95        1208
          96        1209
          97        1210
          98        1211
          99        1212
         100        1213
         101        1218
         102        1219
         103        1220
         104        1226
         105        1227
         106        1229
         107        1231
         108        1232
         109        1233
         110        1234
         111        1235
         112        1236
         113        1237
         114        1238
         115        1239
         116        1240
         117        1241
         118        1242
         119        1243
         120        1244
         121        1245
         122        1246
         123        1247
         124        1248
         125        1249
         126        1250
         127        1251
         128        1252
         129        1254
         130        1255
         131        1259
         132        1263
         133        1403
         134        1404
         135        1405
         136        1406
         137        1458
         138        1459
         139        1460
         140        1461
         141        1462
         142        1463
         143        1464
         144        1465
         145        1466
         146        1467
         147        1468
         148        1470
         149        1472
         150        1473
         151        1474
         152        1476
         153        1477
         154        1478
         155        1479
         156        1486
         157        1487
         158        1497
         159        1498
         160        1507
         161        1569
         162        1570
         163        1574
         164        1576
         165        1581
         166        1582
         167        1584
         168        1616
         169        1617
         170        1626
         171        1627
         172        1631
         173        1768
         174        1769
         175        1770
         176        1771
         177        1772
         178        1774
         179        1775
         180        1801
         181        1802
         182        1803
         183        1804
         184        1805
         185        1806
         186        1807
         187        1808
         188        1810
         189        1812
         190        1813
         191        1814
         192        1815
         193        1816
         194        1817
         195        1818
         196        1819
         197        1820
         198        1822
         199        1823
         200        1824
         201        1825
         202        1826
         203        1827
         153
           1         453
           2         469
           3         454
           4         468
           5         849
           6         817
           7         816
           8         848
           9         813
          10         814
          11         834
          12         881
          13         880
          14         348
          15         330
          16         331
          17         347
          18         470
          19         455
          20         833
          21         800
          22         801
          23         762
          24         761
          25         746
          26         778
          27         781
          28         779
          29         763
          30         815
          31         838
          32         807
          33         784
          34         805
          35         783
          36         804
          37         782
          38         803
          39         837
          40         839
          41         885
          42         884
          43         789
          44         790
          45         902
          46         852
          47         850
          48         765
          49         766
          50         787
          51         785
          52         768
          53         788
          54         772
          55         773
          56         806
          57         786
          58         836
          59         835
          60         519
          61         501
          62         495
          63         473
          64         483
          65         467
          66         447
          67         431
          68         430
          69         446
          70         428
          71         457
          72         450
          73         417
          74         332
          75         422
          76         409
          77         408
          78         429
          79         427
          80         416
          81         484
          82         464
          83         481
          84         441
          85         442
          86         423
          87         452
          88         463
          89         443
          90         411
          91         410
          92         938
          93         939
          94         802
          95         780
          96         882
          97         883
          98         940
          99         845
         100         941
         101         903
         102         851
         103         819
         104         962
         105         847
         106         897
         107         846
         108         901
         109         900
         110         961
         111         958
         112         774
         113         812
         114         757
         115         749
         116         758
         117         745
         118         748
         119         747
         120         764
         121         769
         122         770
         123         771
         124         433
         125         434
         126         449
         127         482
         128         432
         129         466
         130         448
         131         415
         132         465
         133         445
         134         414
         135         404
         136         403
         137         314
         138         313
         139         329
         140         462
         141         480
         142         426
         143         500
         144         522
         145         424
         146         425
         147         395
         148         440
         149         444
         150         486
         151         451
         152         421
         153         502
         353
           1          49
           2          50
           3          51
           4          93
           5          94
           6         196
           7         197
           8         198
           9         208
          10         209
          11         210
          12         291
          13         292
          14         293
          15         307
          16         308
          17         309
          18         318
          19         319
          20         411
          21         412
          22         413
          23         715
          24         716
          25         717
          26         718
          27         719
          28         720
          29         728
          30         729
          31         733
          32         734
          33         735
          34         736
          35         737
          36         738
          37         739
          38         740
          39         741
          40         746
          41         747
          42         748
          43         749
          44         750
          45         751
          46         766
          47         767
          48         768
          49         784
          50         785
          51         786
          52         790
          53         791
          54         792
          55         804
          56         805
          57         806
          58         820
          59         821
          60         822
          61         823
          62         824
          63         825
          64         826
          65         827
          66         831
          67         832
          68         833
          69         837
          70         838
          71         839
          72         840
          73         841
          74         939
          75         940
          76         941
          77         950
          78         951
          79         952
          80         977
          81         978
          82         979
          83         985
          84         986
          85         987
          86         995
          87         996
          88         983
          89         998
          90         999
          91        1003
          92        1004
          93        1014
          94        1015
          95        1016
          96        1143
          97        1144
          98        1145
          99        1146
         100        1147
         101        1156
         102        1157
         103        1158
         104        1159
         105        1160
         106        1161
         107        1165
         108        1166
         109        1167
         110        1168
         111        1169
         112        1177
         113        1178
         114        1179
         115        2300
         116        2301
         117        2302
         118        2303
         119        2304
         120        2305
         121        2306
         122        2307
         123        2295
         124        2308
         125        2309
         126        2310
         127        2311
         128        2312
         129        2313
         130        2314
         131        2315
         132        2317
         133        2318
         134        2320
         135        2321
         136        2322
         137        2323
         138        2324
         139        2298
         140        2319
         141        2327
         142        2328
         143        2329
         144        2330
         145        2331
         146        2332
         147        2333
         148        2334
         149        2335
         150        2336
         151        2296
         152        2337
         153        2341
         154        2342
         155        2343
         156        2344
         157        2345
         158        2346
         159        2389
         160        2390
         161        2435
         162        2436
         163        2437
         164        2438
         165        2439
         166        2440
         167        2441
         168         816
         169        2443
         170        2444
         171        2446
         172        2447
         173        2448
         174        2449
         175        2450
         176        2451
         177        2452
         178        2453
         179        2445
         180        2454
         181        2455
         182        2456
         183        2457
         184        2458
         185        2459
         186        2460
         187        2461
         188        2462
         189        2463
         190        2464
         191        2465
         192        2466
         193        2467
         194        2468
         195        2469
         196        2470
         197        2471
         198        2472
         199        2473
         200        2474
         201        2475
         202        2476
         203        2477
         204        2478
         205        2479
         206        2480
         207        2481
         208        2482
         209        2483
         210        2484
         211        2485
         212        2486
         213        2487
         214        2496
         215        2497
         216         813
         217        2498
         218        2499
         219        2500
         220         848
         221        2502
         222         199
         223        2503
         224        2504
         225        2505
         226        2508
         227        2509
         228        2510
         229        2511
         230        2512
         231        2513
         232        2514
         233        2515
         234        2516
         235        2517
         236        2518
         237        2519
         238        2520
         239        2521
         240        2522
         241        2523
         242        2526
         243        2533
         244        2534
         245        2535
         246        2541
         247        2717
         248         997
         249        2718
         250        2719
         251        2720
         252        2721
         253        2722
         254        2723
         255        2724
         256        2782
         257        2783
         258        2784
         259        2785
         260        2786
         261        2787
         262        2788
         263        2789
         264        2790
         265        2791
         266        2792
         267        2793
         268        2794
         269        2795
         270        2796
         271        2797
         272        2798
         273        2799
         274        2800
         275        2802
         276        2803
         277        2807
         278        2808
         279        2812
         280        2813
         281        2814
         282        2815
         283        2816
         284        2824
         285        2825
         286        2822
         287        2823
         288        2840
         289        2841
         290        2842
         291        2843
         292        2861
         293        2862
         294        2952
         295        2953
         296        2954
         297        2955
         298        2964
         299        2965
         300        2820
         301        2971
         302        2972
         303        2973
         304        2975
         305        2976
         306        2977
         307        3028
         308        3029
         309        3030
         310        3037
         311        3038
         312        3039
         313        3027
         314        3214
         315        3215
         316        3216
         317        3217
         318        3218
         319        3219
         320        3220
         321        3221
         322        3222
         323        3225
         324        3226
         325        3227
         326        3228
         327        3261
         328        3262
         329        3263
         330        3264
         331        3265
         332        3266
         333        3267
         334        3268
         335        3269
         336        3270
         337        3208
         338        3271
         339        3273
         340        3274
         341        3275
         342        3276
         343        3277
         344        3278
         345        3279
         346        3229
         347        2963
         348        3280
         349        3281
         350        3272
         351        3282
         352        3283
         353        3284
 Header:
       2000          2          1           0.00           0.00
        48  0.9000000E+03      3     32     12    0.99999998E-02    0.20000000E+03    0.10000000E+02    0.00000000E+00    0.99999997E-04   2
  -1800.00000    
  -1600.00000    
  -1400.00000    
  -1200.00000    
  -1000.00000    
  -800.000000    
  -600.000000    
  -400.000000    
  -300.000000    
  -260.000000    
  -230.000000    
  -1.00000000    
 -0.949999988    
 -0.899999976    
 -0.850000024    
 -0.800000012    
 -0.750000000    
 -0.699999988    
 -0.649999976    
 -0.600000024    
 -0.550000012    
 -0.500000000    
 -0.449999988    
 -0.400000006    
 -0.349999994    
 -0.300000012    
 -0.250000000    
 -0.200000003    
 -0.150000006    
 -0.100000001    
  -5.00000007E-02
   0.00000000    
         153         203
   34.783572919599997        28.648443176699995        41.2280273              12
   34.769696577900000        28.640364276100001        307.354431               8
   34.786073070199990        28.636064846899995        27.2423744              12
   34.763935172600000        28.655423940500000        438.699921               7
   34.489818013700003        28.009356472100002        13.7017927              12
   34.503804458099999        28.000570583799998        5.00000000              12
   34.509090614900003        28.012554918500001        5.00000000              12
   34.471267308100003        28.016853106899998        170.202988              12
   34.473453455900000        28.040852585300001        670.360657               6
   34.455959259600007        28.031768074199999        313.867432               8
   34.595849421099999        28.065128750400000        5.00000000              12
   34.596035106999999        28.053729875000002        5.00000000              12
   34.608695199200000        28.058410325499999        5.00000000              12
   34.666029155300002        28.927255097500009        70.6104279              12
   34.661938603800003        28.948059624699997        33.9036522              12
   34.646203056200001        28.937556238799996        32.8866501              12
   34.684847311799999        28.938586929900001        101.784264              12
   34.771087885900002        28.624755021199999        203.277451              11
   34.791061145699999        28.622446624700004        7.77803469              12
   34.606233877500003        28.067032115399993        5.00000000              12
   34.610736628700003        28.075133040599997        5.00000000              12
   34.601521812300007        28.075517522200002        5.00000000              12
   34.602182876100002        28.090599573100004        5.00000000              12
   34.609730611200000        28.094475861900001        5.00000000              12
   34.599431374600009        28.100303715500001        5.00000000              12
   34.609405093800000        28.084573245700003        5.00000000              12
   34.586816776699997        28.083911319799999        5.00000000              12
   34.597283099400009        28.083335632099995        5.00000000              12
   34.593024010199997        28.092780280500001        5.00000000              12
   34.492995067000003        28.026939803599998        99.6754456              12
   34.515700910200003        28.031600257399997        20.2294273              12
   34.499829955900005        28.050327948100005        458.190094               7
   34.475054483299999        28.083976029300000        714.179199               6
   34.505730697399997        28.078892146100003        971.190002               5
   34.487404204400001        28.101951329399999        1021.02777               4
   34.574279755799999        28.075706742000001        5.00000000              12
   34.576388135800002        28.088294257699999        22.6365871              12
   34.560141781200002        28.087434048300004        115.248833              12
   34.530086187899997        28.055595509600003        100.955391              12
   34.524174108600000        28.010794720400000        5.00000000              12
   34.540948873900000        28.008664618999997        5.00000000              12
   34.538376133599996        28.029525484499999        5.00000000              12
   34.452216570700003        28.046056380600000        287.499176               9
   34.437376889500001        28.040751882399999        75.8037720              12
   34.491138343899998        27.984467535200000        14.2624598              12
   34.505377141700002        27.983437605799995        5.00000000              12
   34.499739691000002        27.989664526500000        5.00000000              12
   34.460313935400002        28.100763323799999        279.317444               9
   34.451665320799997        28.086820249500001        72.2074966              12
   34.479871759100000        28.063670826500001        828.502502               5
   34.519280879900002        28.110201378599996        979.701660               5
   34.490019561399997        28.124988866499997        1020.39703               4
   34.459796536299997        28.058190852100005        444.429626               7
   34.459434329300002        28.073464384800005        210.700638              11
   34.447764553299997        28.066613257299998        107.591248              12
   34.536011319499998        28.084185167999998        454.162384               7
   34.554145178200002        28.106315780499997        220.291611              11
   34.556219277300009        28.067060782900004        18.8317184              12
   34.578471102099996        28.061042667200002        5.00000000              12
   34.644113946899999        28.610506898000001        1189.84106               4
   34.668552341400002        28.637235756599999        1203.05579               3
   34.635030508299998        28.639398106499996        1316.41382               3
   34.618644607199997        28.657530245000000        1129.70056               4
   34.647196406299997        28.661584441799999        1348.23206               3
   34.629668570100002        28.675982129800001        879.364258               5
   34.636839181799999        28.707042444599995        914.576843               5
   34.642724179299996        28.722704465000003        951.472961               5
   34.623487246800003        28.719536132900000        163.026947              12
   34.666691846200003        28.727500289899993        1137.57507               4
   34.644502020600008        28.739983655800003        892.103577               5
   34.608780607200011        28.671327373600004        564.852112               7
   34.614982036599997        28.683837349399997        292.803650               9
   34.627553687999992        28.731200183900004        268.894318               9
   34.646563885600003        28.917437575300003        17.2104969              12
   34.765620688399999        28.742528105700000        912.349609               5
   34.785439928499997        28.733728406699999        251.491547              10
   34.788249305500003        28.750662442400003        551.788940               7
   34.664354437899995        28.747289510099996        967.341614               5
   34.676827234599997        28.764445786400000        889.925842               5
   34.646818834800001        28.762632350499999        651.998596               6
   34.746235507700000        28.635547799600001        749.769287               6
   34.760092991000000        28.673985914599999        572.776428               7
   34.737260712700007        28.662029584100001        1059.45557               4
   34.748661333999998        28.727597921899999        1254.35010               3
   34.753868878600002        28.707109531700002        1037.54944               4
   34.774914166099990        28.719548736600004        332.852386               8
   34.778972220100002        28.659086636500000        31.5316963              12
   34.740154523399994        28.689138702099992        1231.14233               3
   34.765532679000003        28.689855019899998        481.882751               7
   34.792747573299998        28.704828076399995        22.4227905              12
   34.798872414400002        28.720961027400005        11.5230103              12
   34.611777594400003        28.045625251099995        5.00000000              12
   34.594632820599998        28.042088204599999        5.00222635              12
   34.588919891300009        28.073982498500001        5.00000000              12
   34.574572088700002        28.100189321799999        37.9886055              12
   34.580476630400000        28.046672342900003        5.15558338              12
   34.559611369199999        28.045632307300000        5.10914755              12
   34.580011124099997        28.031009817300003        5.24270487              12
   34.451941566199999        28.016296673999996        237.083847              10
   34.558716093599998        28.023031734899998        5.00000000              12
   34.501255163499998        27.977545590699997        10.9983025              12
   34.491717086300000        27.996287119300003        10.7054558              12
   34.511508984700001        27.988388313200002        5.00000000              12
   34.492262088300002        27.970434396700000        118.224014              12
   34.436993383100003        27.998774338499999        73.1825027              12
   34.455947403400003        28.001247295599999        177.203720              12
   34.437115098100008        28.008846487600003        90.8814087              12
   34.476417754200000        27.995664427699996        111.125214              12
   34.447189126799998        27.986057817300001        108.313095              12
   34.478642283100001        27.976467659799997        196.010284              12
   34.463302686399999        27.983506128199995        168.412277              12
   34.441052565000000        28.057656040700000        66.2943039              12
   34.441389847499998        28.027071722100001        99.3130798              12
   34.442312539400000        28.075737762799999        18.6973839              12
   34.433874036500001        28.085409737500001        10.3147154              12
   34.434080093299997        28.065479841200002        19.5157146              12
   34.430082097000003        28.073703520599999        9.70015430              12
   34.440223047499998        28.102195422299996        22.0128250              12
   34.444521152800000        28.116297582000001        13.0576534              12
   34.468139014700007        28.115487454499998        456.425232               7
   34.544632587000002        28.131809443300000        424.300598               7
   34.566925814100003        28.122433768000000        6.32506752              12
   34.577245181700007        28.111206481899995        6.08375835              12
   34.610484870599997        28.696174054700002        53.5950623              12
   34.600515001100000        28.682495150200005        58.2470093              12
   34.627778769999999        28.693437929400002        551.072998               7
   34.679254672399999        28.670829411200003        1354.72327               3
   34.617394265600005        28.708637596999999        156.864822              12
   34.653664872999997        28.688792423100001        1366.74207               3
   34.656880379199997        28.709640016400002        1379.51611               3
   34.622459435600000        28.746700710900004        178.672928              12
   34.684940138700000        28.706310695199996        1385.19519               3
   34.695635938400002        28.742004652000002        1284.30408               3
   34.666332913900000        28.783881387200005        677.502197               6
   34.626694144600002        28.775757947799999        87.2204742              12
   34.644487371399997        28.782566561399996        415.548584               7
   34.643514886100000        28.953574220299998        22.8778648              12
   34.654559419500004        28.968033428400002        6.64153242              12
   34.677186469500000        28.958909582199997        30.1120682              12
   34.721715614799997        28.715756538799994        1492.65784               2
   34.711341431000001        28.680761479600001        1390.85095               3
   34.703564246600003        28.781701975499999        1210.41431               3
   34.707068962699999        28.642399349500000        1192.02478               4
   34.687168194500003        28.602842918299995        1122.26807               4
   34.775007428400002        28.702414596500006        294.400299               9
   34.784729239100002        28.689636912699999        38.4191666              12
   34.803908919300000        28.735197115000002        74.3528442              12
   34.731657059500002        28.752244620200003        1511.49756               2
   34.778810061199991        28.680919891599999        106.982582              12
   34.756600307900008        28.610714209600001        480.602692               7
   34.776220553100003        28.670399936199995        96.3498230              12
   34.764890969999996        28.766120659799999        1436.54346               2
   34.727440007500000        28.612560315500005        971.403992               5
           3           1           2           3
           3           4           2           1
           3           5           6           7
           3           8           9          10
           3          11          12          13
           3          14          15          16
           3          14          17          15
           3           3          18          19
           3          20          21          22
           3          23          24          25
           3          26          22          21
           3          27          28          29
           3          30          31          32
           3          33          34          35
           3          36          37          38
           3          34          32          39
           3          40          41          42
           3          43          44          10
           3          45          46          47
           3          33          48          49
           3          33          50          34
           3          35          51          52
           3          53          54          55
           3          56          57          51
           3          36          58          59
           3          29          23          25
           3          60          61          62
           3          63          64          65
           3          66          67          68
           3          69          70          67
           3          71          65          72
           3          67          73          68
           3          14          16          74
           3          75          76          77
           3          78          79          80
           3           4          81           2
           3           4          82          83
           3          84          85          86
           3           1          87           4
           3          88          89          85
           3          90          91          86
           3          42          39          31
           3          13          12          92
           3          20          11          13
           3          92          12          93
           3          22          28          94
           3          37          95          38
           3          58          56          39
           3          93          12          96
           3          12          11          59
           3          12          59          96
           3          38          57          56
           3          96          97          98
           3          96          59          97
           3          10          99           8
           3          31          39          32
           3          30           7          31
           3          39          42          97
           3          31           7          40
           3          42         100          97
           3          31          40          42
           3         101          46          45
           3           5         102           6
           3          47          46         103
           3         104         101          45
           3         105         106         107
           3         108          45         102
           3         105         109         106
           3          45         108         110
           3          47           6         102
           3         108         102           5
           3          45          47         102
           3           9           8          30
           3           8         108           5
           3         111         108         106
           3         108           8         106
           3           9          32          50
           3           5          30           8
           3           5           7          30
           3           9          50          53
           3          32          34          50
           3          32           9          30
           3          99         107         106
           3          53          43           9
           3          53          55         112
           3           9          43          10
           3         113         107          99
           3           8          99         106
           3          10         113          99
           3          53         112          43
           3          10          44         113
           3          43         112          44
           3         114          49         115
           3         112          55         116
           3         116          55         114
           3         116         114         117
           3          49          48         118
           3         117         114         115
           3          55          54         114
           3          49         118         115
           3          48         119         118
           3          48         120         119
           3          49          54          33
           3          57         121          51
           3          35          52         120
           3          34          56          51
           3          48          35         120
           3          34          51          35
           3         114          54          49
           3          53          50          54
           3          48          33          35
           3          54          50          33
           3          39          56          34
           3          39          97          58
           3          59          58          97
           3          37          27          29
           3          57          38          95
           3          56          58          38
           3          58          36          38
           3          59          11          94
           3          94          27          36
           3          59          94          36
           3          11          22          94
           3          22          11          20
           3          23          26          24
           3          28          22          26
           3          36          27          37
           3          94          28          27
           3          28          23          29
           3          28          26          23
           3         122          57         123
           3          95         123          57
           3          72         124         125
           3          72          65         126
           3          72         126         124
           3         127          64          61
           3         128         124         126
           3          68         128          66
           3         128         126          66
           3          65          64         129
           3          65         129         126
           3         130          67          66
           3         127         129          64
           3          66         126         129
           3         129         130          66
           3          70          80         131
           3         132          69         130
           3          73          70         131
           3          69          67         130
           3          70          73          67
           3          69          78          70
           3          70          78          80
           3          69         132         133
           3          80          79         134
           3          78          69         133
           3          80         135         131
           3          80         136         135
           3         137          15         138
           3         137          16          15
           3         138          15         139
           3         140         132         141
           3         130         129         132
           3          79          78         133
           3          79         133         142
           3         140         141          88
           3         132         129         127
           3          81          83         143
           3         141         127         143
           3         141         132         127
           3         143          61         144
           3         143         127          61
           3          61          64          62
           3         145          85          89
           3         146         145          89
           3         140          85          84
           3          90          86         145
           3           2          18           3
           3          76          86          91
           3          91         147          76
           3         142         133         148
           3          86          75          84
           3          86          76          75
           3          90         145         146
           3          86          85         145
           3         149          89          82
           3         149         146          89
           3          81          18           2
           3          81         150          18
           3         151           4          87
           3         151         149          82
           3          83          82          88
           3           4         151          82
           3         152         148          75
           3         133         132         140
           3          83          88         141
           3          82          89          88
           3         143         153          81
           3         143          83         141
           3          81           4          83
           3          85         140          88
           3          84         148         140
           3         140         148         133
           3          84          75         148
           1           2           3
           2           3           1
           3           1           2
           4           1           4
           5           4           2
           6           6           7
           7           7           5
           8           5           6
           9           9          10
          10          10           8
          11           8           9
          12          12          13
          13          13          11
          14          11          12
          15          15          16
          16          16          14
          17          14          15
          18          17          15
          19          14          17
          20          18          19
          21          19           3
          22           3          18
          23          21          22
          24          22          20
          25          20          21
          26          24          25
          27          25          23
          28          23          24
          29          21          26
          30          26          22
          31          28          29
          32          29          27
          33          27          28
          34          31          32
          35          32          30
          36          30          31
          37          34          35
          38          35          33
          39          33          34
          40          37          38
          41          38          36
          42          36          37
          43          32          39
          44          39          34
          45          34          32
          46          41          42
          47          42          40
          48          40          41
          49          44          10
          50          10          43
          51          43          44
          52          46          47
          53          47          45
          54          45          46
          55          48          49
          56          49          33
          57          33          48
          58          50          34
          59          33          50
          60          51          52
          61          52          35
          62          35          51
          63          54          55
          64          55          53
          65          53          54
          66          57          51
          67          51          56
          68          56          57
          69          58          59
          70          59          36
          71          36          58
          72          25          29
          73          29          23
          74          61          62
          75          62          60
          76          60          61
          77          64          65
          78          65          63
          79          63          64
          80          67          68
          81          68          66
          82          66          67
          83          70          67
          84          67          69
          85          69          70
          86          65          72
          87          72          71
          88          65          71
          89          73          68
          90          67          73
          91          16          74
          92          74          14
          93          76          77
          94          77          75
          95          75          76
          96          79          80
          97          80          78
          98          78          79
          99          81           2
         100           4          81
         101          82          83
         102          83           4
         103           4          82
         104          85          86
         105          86          84
         106          84          85
         107          87           4
         108           1          87
         109          89          85
         110          85          88
         111          88          89
         112          91          86
         113          86          90
         114          90          91
         115          39          31
         116          31          42
         117          42          39
         118          12          92
         119          92          13
         120          13          20
         121          20          11
         122          12          93
         123          92          93
         124          28          94
         125          94          22
         126          22          28
         127          95          38
         128          37          95
         129          56          39
         130          39          58
         131          58          56
         132          12          96
         133          96          93
         134          11          59
         135          59          12
         136          59          96
         137          56          38
         138          38          57
         139          98          97
         140          96          98
         141          96          97
         142          59          97
         143          99           8
         144          10          99
         145           7          31
         146          30           7
         147          42          97
         148          97          39
         149           7          40
         150          40          31
         151          97         100
         152          42         100
         153          45         101
         154         101          46
         155         102           6
         156           5         102
         157          46         103
         158         103          47
         159          45         104
         160         104         101
         161         106         107
         162         107         105
         163         105         106
         164          45         102
         165         102         108
         166         108          45
         167         109         106
         168         109         105
         169         108         110
         170         110          45
         171         102          47
         172          47           6
         173           5         108
         174           8          30
         175          30           9
         176           5           8
         177           8         108
         178         108         106
         179         111         106
         180         111         108
         181           8         106
         182          32          50
         183          50           9
         184           9          32
         185           5          30
         186          50          53
         187          53           9
         188         106          99
         189          99         107
         190          43           9
         191          53          43
         192          55         112
         193         112          53
         194          99         113
         195         113         107
         196          10         113
         197         112          43
         198          44         113
         199         112          44
         200          49         115
         201         115         114
         202         114          49
         203          55         116
         204         116         112
         205          55         114
         206         114         116
         207         114         117
         208         117         116
         209          48         118
         210         118          49
         211         115         117
         212          54         114
         213         118         115
         214         119         118
         215          48         119
         216         119         120
         217          48         120
         218          54          33
         219          49          54
         220          51         121
         221          57         121
         222         120          52
         223         120          35
         224          51          34
         225          34          56
         226          48          35
         227          50          54
         228          97          58
         229          29          37
         230          37          27
         231          95          57
         232          58          38
         233          11          94
         234          94          59
         235          27          36
         236          36          94
         237          94          27
         238          11          22
         239          26          24
         240          23          26
         241          26          28
         242          28          23
         243          57         123
         244         123         122
         245         122          57
         246          95         123
         247         124         125
         248          72         125
         249          72         124
         250          65         126
         251         126          72
         252         126         124
         253          64          61
         254          61         127
         255         127          64
         256         126         128
         257         128         124
         258         128          66
         259          68         128
         260         126          66
         261          64         129
         262         129          65
         263         129         126
         264          66         130
         265         130          67
         266         127         129
         267         129          66
         268         129         130
         269          80         131
         270         131          70
         271          70          80
         272          69         130
         273         130         132
         274         132          69
         275         131          73
         276          73          70
         277          78          70
         278          69          78
         279         132         133
         280         133          69
         281          79         134
         282         134          80
         283         133          78
         284         135         131
         285          80         135
         286         135         136
         287         136          80
         288          15         138
         289         138         137
         290         137          15
         291         137          16
         292          15         139
         293         139         138
         294         132         141
         295         141         140
         296         140         132
         297         129         132
         298         133          79
         299         133         142
         300          79         142
         301         141          88
         302          88         140
         303         127         132
         304          83         143
         305         143          81
         306          81          83
         307         127         143
         308         143         141
         309         141         127
         310         144          61
         311         144         143
         312         143          61
         313          62          64
         314          89         145
         315         145          85
         316          89         146
         317         146         145
         318          84         140
         319         140          85
         320          86         145
         321         145          90
         322           2          18
         323          91          76
         324          76          86
         325         147          76
         326          91         147
         327         133         148
         328         148         142
         329          75          84
         330          86          75
         331         146          90
         332          89          82
         333          82         149
         334         149          89
         335         149         146
         336          81          18
         337          18         150
         338          81         150
         339          87         151
         340         151           4
         341          82         151
         342         151         149
         343          82          88
         344          88          83
         345         148          75
         346         152          75
         347         148         152
         348         140         133
         349         141          83
         350          81         153
         351         143         153
         352         148         140
         353          84         148
