       4387       2725       1656         32         12          2          1          1          0          0          0          0          0          0          0          0          0          0
 local to global mapping:
         231
           1          25
           2          27
           3          29
           4          30
           5         108
           6         110
           7         112
           8         114
           9         115
          10         116
          11         120
          12         128
          13         133
          14         134
          15         136
          16         387
          17         388
          18         451
          19         467
          20         468
          21         471
          22         472
          23         473
          24         475
          25         476
          26         478
          27         480
          28         482
          29         483
          30         484
          31         485
          32         493
          33         494
          34         495
          35         496
          36         497
          37         498
          38         499
          39         500
          40         501
          41         502
          42         503
          43         508
          44         540
          45         547
          46         549
          47         552
          48         553
          49         554
          50         555
          51         556
          52         557
          53         558
          54         559
          55         561
          56         562
          57         563
          58         564
          59         565
          60         568
          61         569
          62        1372
          63        1516
          64        1523
          65        1524
          66        1525
          67        1526
          68        1527
          69        1528
          70        1529
          71        1530
          72        1531
          73        1532
          74        1533
          75        1534
          76        1535
          77        1536
          78        1537
          79        1538
          80        1539
          81        1542
          82        1853
          83        1854
          84        1855
          85        1856
          86        1857
          87        1858
          88        1859
          89        1860
          90        1861
          91        1862
          92        1863
          93        1864
          94        1865
          95        1866
          96        1867
          97        1870
          98        1871
          99        1872
         100        1873
         101        1874
         102        1875
         103        1876
         104        1877
         105        1878
         106        1879
         107        1880
         108        1881
         109        1882
         110        1883
         111        1884
         112        1885
         113        1886
         114        1887
         115        1888
         116        1889
         117        1890
         118        1891
         119        1892
         120        1893
         121        1894
         122        1895
         123        1896
         124        1897
         125        1898
         126        1899
         127        1900
         128        1901
         129        1902
         130        1903
         131        1904
         132        1925
         133        1930
         134        1931
         135        1932
         136        1933
         137        1934
         138        1935
         139        1936
         140        1937
         141        1938
         142        1939
         143        1940
         144        1941
         145        1942
         146        1943
         147        1944
         148        1945
         149        1946
         150        1947
         151        1948
         152        1949
         153        1952
         154        2091
         155        2100
         156        2101
         157        2102
         158        2103
         159        2104
         160        2105
         161        2106
         162        2107
         163        2108
         164        2109
         165        2110
         166        2111
         167        2112
         168        2113
         169        2114
         170        2115
         171        2120
         172        2121
         173        2122
         174        2123
         175        2124
         176        2125
         177        2126
         178        2127
         179        2128
         180        2129
         181        2130
         182        2131
         183        2132
         184        2133
         185        2134
         186        2135
         187        2136
         188        2137
         189        2138
         190        2139
         191        2140
         192        2141
         193        2142
         194        2143
         195        2144
         196        2145
         197        2146
         198        2147
         199        2148
         200        2149
         201        2150
         202        2151
         203        2152
         204        2153
         205        2154
         206        2155
         207        2156
         208        2157
         209        2158
         210        2159
         211        2160
         212        2161
         213        2167
         214        2168
         215        2169
         216        2170
         217        2188
         218        2189
         219        2190
         220        2192
         221        2193
         222        2194
         223        2195
         224        2196
         225        2197
         226        2198
         227        2199
         228        2200
         229        2201
         230        2202
         231        2203
         150
           1         179
           2         197
           3         198
           4         266
           5         247
           6         248
           7         276
           8         291
           9         278
          10         263
          11         244
          12         260
          13         245
          14         292
          15         302
          16         293
          17         201
          18         215
          19         216
          20         204
          21         219
          22         182
          23         178
          24         180
          25         243
          26         224
          27         223
          28         258
          29         236
          30         235
          31         135
          32         136
          33         152
          34         191
          35         176
          36         187
          37         186
          38         172
          39         211
          40         214
          41         196
          42         149
          43         161
          44         162
          45         132
          46         113
          47         114
          48         257
          49        1656
          50         259
          51         237
          52         238
          53         274
          54         256
          55         275
          56         277
          57         261
          58         175
          59         189
          60         188
          61         154
          62         163
          63         165
          64         139
          65         138
          66         119
          67         137
          68         117
          69         153
          70         181
          71         200
          72         203
          73         199
          74         205
          75         206
          76         220
          77         290
          78         262
          79         301
          80         308
          81         315
          82         140
          83         150
          84         167
          85         133
          86         210
          87         192
          88         209
          89         208
          90         239
          91         240
          92         242
          93         222
          94        1650
          95         279
          96         264
          97         226
          98         225
          99         173
         100         171
         101        1647
         102         185
         103         168
         104        1648
         105         169
         106         217
         107         202
         108         156
         109         170
         110         118
         111         270
         112         286
         113         284
         114         228
         115         230
         116         249
         117         229
         118         213
         119         194
         120         195
         121         221
         122         234
         123         212
         124         296
         125         267
         126         297
         127         207
         128         174
         129         183
         130         190
         131         151
         132         134
         133         155
         134         166
         135         164
         136         158
         137         241
         138         218
         139         112
         140         120
         141         131
         142         184
         143         148
         144         193
         145         177
         146        1651
         147         265
         148         246
         149         280
         150         227
         380
           1          72
           2          73
           3          74
           4          78
           5          79
           6          80
           7          84
           8          85
           9          86
          10          87
          11          88
          12          89
          13         310
          14         311
          15         315
          16         316
          17         317
          18         320
          19         321
          20         322
          21         326
          22         327
          23         328
          24         329
          25         330
          26         331
          27         332
          28         333
          29         343
          30         344
          31         345
          32         367
          33         368
          34         369
          35         382
          36         383
          37         384
          38         385
          39         386
          40         387
          41         391
          42         392
          43         393
          44        1025
          45        1026
          46        1027
          47        1028
          48        1029
          49        1030
          50        1188
          51        1189
          52        1190
          53        1224
          54        1225
          55        1226
          56        1227
          57        1228
          58        1229
          59        1235
          60        1236
          61        1237
          62        1238
          63        1239
          64        1240
          65        1241
          66        1242
          67        1243
          68        1246
          69        1247
          70        1248
          71        1249
          72        1250
          73        1254
          74        1255
          75        1256
          76        1259
          77        1260
          78        1261
          79        1265
          80        1266
          81        1267
          82        1268
          83        1269
          84        1270
          85        1271
          86        1272
          87        1273
          88        1293
          89        1294
          90        1295
          91        1296
          92        1297
          93        1298
          94        1299
          95        1300
          96        1301
          97        1302
          98        1303
          99        1304
         100        1305
         101        1306
         102        1307
         103        1308
         104        1309
         105        1310
         106        1311
         107        1312
         108        1313
         109        1314
         110        1315
         111        1316
         112        1317
         113        1329
         114        1330
         115        1404
         116        1405
         117        1406
         118        1419
         119        1421
         120        1426
         121        1427
         122        1428
         123        1429
         124        1430
         125        1431
         126        1432
         127        1433
         128        1434
         129        1435
         130        1436
         131        1437
         132        1438
         133        1439
         134        1440
         135        1441
         136        1442
         137        1443
         138        1444
         139        1445
         140        1446
         141        1447
         142        1448
         143        1451
         144        1452
         145        1453
         146        1454
         147        1455
         148        1456
         149        1457
         150        1458
         151        1459
         152        1460
         153        1461
         154        1462
         155        1463
         156        1464
         157        1469
         158        1470
         159        1471
         160        1472
         161        1473
         162        2665
         163        2666
         164        2870
         165        2871
         166        2878
         167        2879
         168        2880
         169        2881
         170        2882
         171        2883
         172        2884
         173        2876
         174        2885
         175        2886
         176        2887
         177        2888
         178        2889
         179        2890
         180        2891
         181        2892
         182        2893
         183        2894
         184        2895
         185        2896
         186        2897
         187        2898
         188        2899
         189        2900
         190        2901
         191        2902
         192        2903
         193        2904
         194        2905
         195        2906
         196        2907
         197        2908
         198        2909
         199        2910
         200        2911
         201        2915
         202        2916
         203        3307
         204        3308
         205        3309
         206        3310
         207        3311
         208        2918
         209        3312
         210        3313
         211        3314
         212        1038
         213        3315
         214        3316
         215        3317
         216        3318
         217        3319
         218        3320
         219        3321
         220        3322
         221        3323
         222        3324
         223        3325
         224        3326
         225        3327
         226        3328
         227        3331
         228        3332
         229        3333
         230        3334
         231        3335
         232        3336
         233        3337
         234        3338
         235        3339
         236        3340
         237        3341
         238        3342
         239        3343
         240        3344
         241        3345
         242        3346
         243        3347
         244        3348
         245        3349
         246        3350
         247        3351
         248        3352
         249        3353
         250        3354
         251        3355
         252        3356
         253        3357
         254        3358
         255        3359
         256        3360
         257        3361
         258        3362
         259        3363
         260        3364
         261        3365
         262        3366
         263        3367
         264        3368
         265        3369
         266        3370
         267        3371
         268        3404
         269        3373
         270        3407
         271        3408
         272        3409
         273        3410
         274        3411
         275        3412
         276        3413
         277        3414
         278        3415
         279        3416
         280        3417
         281        3418
         282        3419
         283        3420
         284        3421
         285        3422
         286        3423
         287        3424
         288        3425
         289        3330
         290        3426
         291        1318
         292        3590
         293        3591
         294        3602
         295        3603
         296        3604
         297        3601
         298        3605
         299        3606
         300        3607
         301        3608
         302        3609
         303        3610
         304        3611
         305        3612
         306        3613
         307        3614
         308        3615
         309        3616
         310        3617
         311        3618
         312        3619
         313        3620
         314        1409
         315        1325
         316        1408
         317        3624
         318        3625
         319        3626
         320        3627
         321        3628
         322        3629
         323        3630
         324        3631
         325        3632
         326        3633
         327        3634
         328        3635
         329        3636
         330        3637
         331        3638
         332        3639
         333        3640
         334        3641
         335        3642
         336        3643
         337        3644
         338        3645
         339        3646
         340        3647
         341        3648
         342        3649
         343        3650
         344        3651
         345        3652
         346        3653
         347        3654
         348        3655
         349        3656
         350        3657
         351        3658
         352        3659
         353        3660
         354        3661
         355        3662
         356        3663
         357        3664
         358        3665
         359        3677
         360        3678
         361        1006
         362        3679
         363        3680
         364        3701
         365        3702
         366        3703
         367        3704
         368        3705
         369        1199
         370        3706
         371        3708
         372        3709
         373        3710
         374        3711
         375        3712
         376        3713
         377        3714
         378        3715
         379        3716
         380        3717
 Header:
       2000          2          1           0.00           0.00
        48  0.9000000E+03      3     32     12    0.99999998E-02    0.20000000E+03    0.10000000E+02    0.00000000E+00    0.99999997E-04   2
  -1800.00000    
  -1600.00000    
  -1400.00000    
  -1200.00000    
  -1000.00000    
  -800.000000    
  -600.000000    
  -400.000000    
  -300.000000    
  -260.000000    
  -230.000000    
  -1.00000000    
 -0.949999988    
 -0.899999976    
 -0.850000024    
 -0.800000012    
 -0.750000000    
 -0.699999988    
 -0.649999976    
 -0.600000024    
 -0.550000012    
 -0.500000000    
 -0.449999988    
 -0.400000006    
 -0.349999994    
 -0.300000012    
 -0.250000000    
 -0.200000003    
 -0.150000006    
 -0.100000001    
  -5.00000007E-02
   0.00000000    
         150         231
   34.865523381699994        29.262789162499999        827.880371               5
   34.830467170500000        29.251771365699998        879.515442               5
   34.855810660700001        29.233371266500004        845.041748               5
   34.719921173499998        29.106566804700002        742.597229               6
   34.704753491500007        29.125239628899998        340.278595               8
   34.698264416699999        29.108332837699997        403.463898               7
   34.834414366399997        29.084254109400000        626.846375               6
   34.807664778000003        29.068362422800000        838.853638               5
   34.833687367300001        29.062956134899999        455.207153               7
   34.851356635599998        29.074630970600005        91.1375275              12
   34.864495931900002        29.080097973600001        6.78725243              12
   34.859011356200000        29.093085414800001        130.885010              12
   34.864360928399996        29.067400307400000        8.74667931              12
   34.817564162799997        29.044462900199996        594.747620               7
   34.812615522999998        29.019489886599999        575.442200               7
   34.834973821600002        29.028176994900001        253.683350              10
   34.859922039799997        29.206304776100005        701.280762               6
   34.823693251599998        29.217027364900002        900.281372               5
   34.788401849200000        29.212646442300002        538.194885               7
   34.758833324400001        29.214073966899999        163.790848              12
   34.771910856200002        29.192768060000002        531.215637               7
   34.804726463400002        29.270779476300000        623.986694               6
   34.838773404700000        29.285694988100005        853.811096               5
   34.881311781600004        29.239823543400000        616.287659               6
   34.864962040300000        29.111570121300005        175.663239              12
   34.878676400099998        29.112846546300002        16.1888237              12
   34.881945831000003        29.125771689600004        42.2653923              12
   34.802317736299997        29.150218370200001        945.672913               5
   34.826210449999998        29.167182958899996        935.818237               5
   34.804241525499997        29.185264065299997        832.305298               5
   34.793217613100005        29.336713023600002        266.992737               9
   34.776012469299999        29.330923343500000        74.5665207              12
   34.795178334100001        29.319402955499999        368.512695               8
   34.883611473599998        29.161940999699997        29.5672550              12
   34.893475013299998        29.164401177899997        5.00000000              12
   34.885757392999999        29.171418444399993        16.1834145              12
   34.881505015000002        29.181579744600000        40.6616707              12
   34.894128801999997        29.179156254100000        5.00000000              12
   34.692214344400000        29.152691758000000        8.27849197              12
   34.701954220499999        29.153188356399998        16.8405037              12
   34.693380728699999        29.157675057100001        5.01448107              12
   34.909351317199999        29.251219548200002        277.827728               9
   34.892954048900002        29.255202485000002        648.853699               6
   34.901900085099996        29.239788532799995        350.278290               8
   34.925424787600001        29.240775797300003        5.00000000              12
   34.936282549699996        29.243575424399999        5.00000000              12
   34.928861892599997        29.249091095399997        5.00000000              12
   34.725222903099997        29.125043831999999        613.323242               6
   34.711457814500008        29.143253710400000        127.960533              12
   34.767967512299997        29.139981518599996        867.553894               5
   34.774577034300009        29.168341795500005        795.753113               6
   34.749251012599998        29.158588011500004        638.333862               6
   34.751571930499999        29.111624841099999        854.839722               5
   34.739509873000003        29.139203688599995        670.398376               6
   34.788196966799994        29.117206911499999        902.729431               5
   34.810770734800002        29.096635897400002        893.185303               5
   34.823670026200006        29.124644489400001        892.010986               5
   34.735608753100003        29.236335402599998        7.27949858              12
   34.740276066699998        29.220294985900001        5.00000000              12
   34.750849267600003        29.234542514899999        20.3333454              12
   34.762238134800000        29.292854689899997        68.4141769              12
   34.757857144900008        29.278328985600002        27.5896397              12
   34.780748265400007        29.284330175800005        213.939117              11
   34.751264112299999        29.299097732100002        26.5646877              12
   34.761044817699997        29.306784408199999        67.7567978              12
   34.745852671900003        29.307646279700002        7.51993036              12
   34.771616475300000        29.317423182599999        109.560547              12
   34.761411356300009        29.329524864500002        16.9559021              12
   34.780013609900003        29.302971167700001        199.470688              12
   34.773268794300002        29.264779098500004        173.656906              12
   34.771204131399990        29.230029194899998        276.428925               9
   34.872303438499998        29.170946843599996        178.604401              12
   34.794505898899999        29.241945349399998        576.003357               7
   34.751057143300002        29.197480607500001        228.254791              11
   34.733960046199996        29.194029184500000        10.0587063              12
   34.748282844700007        29.180022707799999        384.689209               8
   34.774857124500002        29.081354423499995        825.564453               5
   34.841257249000002        29.106248499999996        585.507263               7
   34.782409040199994        29.041437264100001        788.967041               6
   34.745876320300006        29.020527650399995        550.065186               7
   34.781408755999990        29.002031292600005        751.161804               6
   34.923222062299999        29.230686237400000        7.31580257              12
   34.915411353999993        29.239772801099996        102.380157              12
   34.897284734499998        29.226176116600001        262.574768               9
   34.919878124400007        29.247873339500000        11.3353109              12
   34.883547832199994        29.141212973599998        11.4382954              12
   34.883170204400002        29.152392798200001        13.3960791              12
   34.873449701799998        29.147502872499995        97.2669373              12
   34.870064967399998        29.158357761399998        223.470383              11
   34.876157700399993        29.087504787999997        10.0488758              12
   34.879999674800004        29.100504162299995        24.2773914              12
   34.856455194600002        29.126812820200001        399.550690               8
   34.871569290400004        29.136289868199995        134.104919              12
   34.858412024499998        29.147512884400001        403.832520               7
   34.841194487000003        29.044558215700004        200.083832              11
   34.851968622800001        29.057792885700003        44.4066086              12
   34.875153896100002        29.068162264700000        5.00000000              12
   34.874128094499994        29.075783355100000        5.00000000              12
   34.895033856399998        29.171489459600000        5.00000000              12
   34.893199692800003        29.191456481000003        13.3425398              12
   34.887012513700000        29.203173861999996        165.426895              12
   34.876154568899999        29.193159533499998        139.756866              12
   34.909001904000000        29.218141101699995        62.0180321              12
   34.899110528799994        29.209537392899996        108.047348              12
   34.913208465600000        29.204847464600000        9.67360973              12
   34.838029660499991        29.188731608400001        910.921570               5
   34.862003299100003        29.183572967599996        457.821350               7
   34.913833538900001        29.229732143899998        79.0155487              12
   34.904221116000009        29.193371234800004        9.89573002              12
   34.753116602200002        29.318001738900005        16.0293427              12
   34.707459802800003        29.072539096200000        402.859558               7
   34.723720376000003        29.061156754500001        379.578583               8
   34.735196751799997        29.083229399000007        718.448120               6
   34.691466954700005        29.141079292700002        50.3169289              12
   34.681319401200000        29.108953414199998        103.155457              12
   34.689409396700000        29.093802990400000        251.617096              10
   34.686189841100010        29.123437411599998        84.4326859              12
   34.710891511800000        29.157388218099999        6.73992825              12
   34.707472497399998        29.164446131999998        5.00000000              12
   34.700150606900003        29.162629935400002        5.00000000              12
   34.732421416500003        29.169087444100001        179.692245              12
   34.726868378899994        29.154571579700001        197.601166              12
   34.716064149099999        29.167063420599998        17.2186508              12
   34.750021240499997        29.054545667199999        642.818787               6
   34.707205330800001        29.090323766299996        574.179260               7
   34.722252916899997        29.040608322500002        328.570557               8
   34.724697718300000        29.182929128700003        26.9203415              12
   34.737240581599991        29.252526478899998        18.6156635              12
   34.762170980599997        29.248365640300005        76.4283066              12
   34.738203023600001        29.206627091299996        8.67137623              12
   34.744270559900002        29.289318703800003        11.1235485              12
   34.741101214700002        29.298129348599996        5.00000000              12
   34.740753663299998        29.274556350399997        28.8609600              12
   34.746183866499997        29.264047589499999        19.0580139              12
   34.805493875799996        29.296573292000005        585.440186               7
   34.825409598199997        29.315210191500004        685.701172               6
   34.836397361199992        29.146274250999998        810.271179               5
   34.851546422600002        29.166371800999997        635.992004               6
   34.935326193000002        29.257008123700004        5.00000000              12
   34.932576297399997        29.236485785300001        5.00000000              12
   34.922257838000000        29.257781129599998        37.3652573              12
   34.879988453700001        29.219111682299999        432.937500               7
   34.910267266400005        29.265122047599995        240.918976              10
   34.892712321799998        29.148815503100000        5.00000000              12
   34.894302904699998        29.155896344699997        5.00000000              12
   34.842386742099997        29.009534805500003        136.499283              12
   34.857845258600001        29.042502025499999        8.06439972              12
   34.865474340400006        29.054478491499999        5.00000000              12
   34.854052955800000        29.029316237800000        32.6462364              12
   34.871821662499997        29.061502690099999        5.00000000              12
           3           1           2           3
           3           4           5           6
           3           7           8           9
           3          10          11          12
           3          10          13          11
           3          14          15          16
           3          17           3          18
           3          19          20          21
           3          22           2          23
           3           3          24           1
           3          25          26          27
           3          28          29          30
           3          31          32          33
           3          34          35          36
           3          37          36          38
           3          39          40          41
           3          42          43          44
           3          45          46          47
           3           5          48          49
           3          50          51          52
           3          53          50          54
           3          55          56          57
           3          58          59          60
           3          51          50          28
           3          61          62          63
           3          64          65          66
           3          67          32          68
           3          61          69          65
           3          69          33          67
           3          65          69          67
           3          63          62          70
           3          20          60          59
           3          20          71          60
           3          36          37          72
           3          28          55          57
           3          73          71          19
           3          74          75          76
           3          10          12           7
           3          56          55          77
           3          12          78           7
           3          55          53          77
           3          79          80          81
           3          43           1          24
           3          82          45          83
           3          63          69          61
           3          23           2           1
           3          84          44          24
           3          83          85          42
           3          86          87          88
           3          89          34          72
           3          90          91          12
           3          92          93          94
           3           9          95          96
           3           9           8          14
           3          97          98          13
           3          99          36          35
           3         100         101         102
           3         103         104         105
           3         106         107          17
           3          83          44         108
           3         104         109         105
           3         110          65          67
           3          48          53          54
           3         111         112         113
           3          49         114           5
           3         115         116           6
           3           5         114         117
           3         118          40          49
           3         119         120         118
           3          39         114          40
           3          40         120          41
           3         120          40         118
           3          52         121         122
           3         123         119         118
           3         122          49          54
           3          40         114          49
           3         115           6         117
           3          53           4         113
           3         117           6           5
           3         113         112         124
           3         116         125           6
           3          79          14           8
           3          77         113         124
           3         125         111         113
           3          77         124          79
           3         112         126         124
           3          30          21          51
           3         122         123         118
           3          50          53          55
           3          48           5           4
           3         122          54          52
           3          54          50          52
           3          51          76          52
           3          76         127         121
           3         123         122         121
           3         118          49         122
           3         125           4           6
           3         125         113           4
           3          53          48           4
           3          54          49          48
           3         121         127         123
           3         127          76          75
           3         121          52          76
           3         128          60         129
           3          20         130          74
           3          19          18          73
           3         128          58          60
           3         131          61          64
           3         132          64          66
           3         133          62         131
           3         133         134          62
           3         131          64         132
           3          61          65          64
           3          66          65         110
           3         110          67          68
           3         131          62          61
           3         134         128         129
           3          23         135          22
           3          62         134          70
           3           2          73          18
           3         129          60          71
           3          73         129          71
           3          70         134         129
           3          75          74         130
           3          76          51          21
           3         130          20          59
           3          74          76          21
           3          74          21          20
           3          51          28          30
           3          67          33          32
           3          69         135          33
           3         136          33         135
           3          78          57          56
           3         137         138          29
           3           9          14          95
           3           8          77          79
           3          55          28          50
           3          57         137          28
           3         106          30          29
           3          18          19          30
           3          69          63         135
           3          70         129          73
           3          22          73           2
           3          22          70          73
           3          22          63          70
           3          22         135          63
           3          56          77           8
           3          53         113          77
           3          80          79         124
           3          15          14          79
           3          20          19          71
           3          21          30          19
           3          79          81          15
           3          47          46         139
           3         140          46          45
           3         139         141          47
           3         140          45          82
           3          82          83         108
           3          45          47          85
           3          45          85          83
           3          47         141          85
           3         108          44          84
           3         109         104         101
           3          84          24         142
           3          38          36          99
           3         100          37          38
           3         103          84         104
           3         103         108          84
           3          83          42          44
           3          85         141          42
           3          44          43          24
           3          42         143          43
           3         109         101         100
           3         104          84         142
           3         102          37         100
           3          34          89          87
           3         102         107          37
           3          86          88          93
           3         142          17         101
           3         107         106         138
           3           3         142          24
           3         101         104         142
           3         106          17          18
           3         102         101          17
           3          18           3           2
           3          17         142           3
           3          30         106          18
           3          29         138         106
           3         107         138          72
           3         137          57          92
           3          37         107          72
           3         102          17         107
           3         138          89          72
           3         138          94          89
           3          92          94         137
           3          88          89          94
           3         138         137          94
           3          29          28         137
           3          78          92          57
           3          93          88          94
           3          27          93          92
           3          86         144          87
           3          92          25          27
           3          12          11          90
           3          35          34         145
           3          89          88          87
           3         145          34          87
           3          36          72          34
           3          87         144         145
           3          27          86          93
           3           7          78          56
           3          12          91          25
           3          14          16          95
           3          15         146          16
           3           8           7          56
           3           9          96          10
           3         147          96          95
           3          13          96         148
           3         149          16         146
           3          95         149         147
           3          95          16         149
           3           9          10           7
           3          96          13          10
           3          78          25          92
           3          78          12          25
           3         147         148          96
           3          98          11          13
           3          13         148         150
           3          13         150          97
           3          26          25          91
           3          98          90          11
           1           2           3
           2           3           1
           3           1           2
           4           5           6
           5           6           4
           6           4           5
           7           8           9
           8           9           7
           9           7           8
          10          11          12
          11          12          10
          12          10          11
          13          13          11
          14          10          13
          15          15          16
          16          16          14
          17          14          15
          18           3          18
          19          18          17
          20          17           3
          21          20          21
          22          21          19
          23          19          20
          24           2          23
          25          23          22
          26          22           2
          27          24           1
          28           3          24
          29          26          27
          30          27          25
          31          25          26
          32          29          30
          33          30          28
          34          28          29
          35          32          33
          36          33          31
          37          31          32
          38          35          36
          39          36          34
          40          34          35
          41          36          38
          42          38          37
          43          37          36
          44          40          41
          45          41          39
          46          39          40
          47          43          44
          48          44          42
          49          42          43
          50          46          47
          51          47          45
          52          45          46
          53          48          49
          54          49           5
          55           5          48
          56          51          52
          57          52          50
          58          50          51
          59          50          54
          60          54          53
          61          53          50
          62          56          57
          63          57          55
          64          55          56
          65          59          60
          66          60          58
          67          58          59
          68          50          28
          69          28          51
          70          62          63
          71          63          61
          72          61          62
          73          65          66
          74          66          64
          75          64          65
          76          32          68
          77          68          67
          78          67          32
          79          69          65
          80          65          61
          81          61          69
          82          33          67
          83          67          69
          84          69          33
          85          67          65
          86          62          70
          87          70          63
          88          59          20
          89          20          60
          90          71          60
          91          20          71
          92          37          72
          93          72          36
          94          57          28
          95          28          55
          96          71          19
          97          19          73
          98          73          71
          99          75          76
         100          76          74
         101          74          75
         102          12           7
         103           7          10
         104          55          77
         105          77          56
         106          78           7
         107          12          78
         108          53          77
         109          55          53
         110          80          81
         111          81          79
         112          79          80
         113          24          43
         114          43           1
         115          45          83
         116          83          82
         117          82          45
         118          63          69
         119          23           1
         120          44          24
         121          24          84
         122          84          44
         123          85          42
         124          42          83
         125          83          85
         126          87          88
         127          88          86
         128          86          87
         129          34          72
         130          72          89
         131          89          34
         132          91          12
         133          12          90
         134          90          91
         135          93          94
         136          94          92
         137          92          93
         138          95          96
         139          96           9
         140           9          95
         141           8          14
         142          14           9
         143          98          13
         144          13          97
         145          97          98
         146          35          99
         147          99          36
         148         101         102
         149         102         100
         150         100         101
         151         104         105
         152         105         103
         153         103         104
         154         107          17
         155          17         106
         156         106         107
         157          44         108
         158         108          83
         159          83          44
         160         109         105
         161         104         109
         162          67         110
         163         110          65
         164          54          48
         165          48          53
         166         112         113
         167         113         111
         168         111         112
         169         114           5
         170          49         114
         171         116           6
         172           6         115
         173         116         115
         174         114         117
         175         117           5
         176          40          49
         177          49         118
         178         118          40
         179         120         118
         180         118         119
         181         119         120
         182         114          40
         183          39         114
         184         120          41
         185          40         120
         186         121         122
         187         122          52
         188          52         121
         189         118         123
         190         123         119
         191          49          54
         192          54         122
         193         122          49
         194           6         117
         195         117         115
         196           4         113
         197         113          53
         198          53           4
         199         112         124
         200         124         113
         201         125           6
         202         116         125
         203           8          79
         204          79          14
         205         124          77
         206          77         113
         207         113         125
         208         111         125
         209         124          79
         210          79          77
         211         126         124
         212         126         112
         213          21          51
         214          51          30
         215          30          21
         216         118         122
         217         122         123
         218          55          50
         219           4          48
         220          54          52
         221          76          52
         222          51          76
         223         127         121
         224         121          76
         225          76         127
         226         121         123
         227         125           4
         228         127         123
         229          75         127
         230          60         129
         231         129         128
         232         128          60
         233         130          74
         234          74          20
         235          20         130
         236          18          73
         237          19          18
         238         128          58
         239          61          64
         240          64         131
         241         131          61
         242          66         132
         243         132          64
         244          62         131
         245         131         133
         246         133          62
         247         134          62
         248         133         134
         249         132         131
         250         110          66
         251          68         110
         252         129         134
         253         134         128
         254         135          22
         255          23         135
         256         134          70
         257          18           2
         258           2          73
         259          71         129
         260          73         129
         261         129          70
         262         130          75
         263          21          76
         264          59         130
         265          21          74
         266         135          33
         267          69         135
         268         136         135
         269          33         136
         270          56          78
         271          78          57
         272         138          29
         273          29         137
         274         137         138
         275          14          95
         276           8          77
         277         137          28
         278          57         137
         279          29         106
         280         106          30
         281          19          30
         282          30          18
         283          63         135
         284          73          70
         285          22          73
         286          22          70
         287          22          63
         288           8          56
         289          80         124
         290          79          15
         291          15          81
         292          46         139
         293         139          47
         294          45         140
         295         140          46
         296         141          47
         297         141         139
         298          82         140
         299         108          82
         300          47          85
         301          85          45
         302         141          85
         303          84         108
         304         104         101
         305         101         109
         306          24         142
         307         142          84
         308          99          38
         309          38         100
         310         100          37
         311          84         104
         312         103          84
         313         103         108
         314          42         141
         315          43         143
         316         143          42
         317         100         109
         318         142         104
         319         102          37
         320          89          87
         321          87          34
         322         107          37
         323         102         107
         324          88          93
         325          93          86
         326          17         101
         327         101         142
         328         142          17
         329         106         138
         330         138         107
         331           3         142
         332          18         106
         333          17         102
         334         138          72
         335          72         107
         336          57          92
         337          92         137
         338         138          89
         339          94          89
         340         138          94
         341          94         137
         342          94          88
         343          88          89
         344          78          92
         345          92          27
         346          27          93
         347         144          87
         348          86         144
         349          92          25
         350          11          90
         351          34         145
         352         145          35
         353          87         145
         354         144         145
         355          27          86
         356          56           7
         357          91          25
         358          25          12
         359          16          95
         360         146          16
         361         146          15
         362          96          10
         363          10           9
         364          95         147
         365         147          96
         366          96         148
         367         148          13
         368          13          96
         369         149         146
         370         149          16
         371         149         147
         372          95         149
         373          78          25
         374         147         148
         375          98          11
         376         148         150
         377         150          13
         378         150          97
         379          91          26
         380          98          90
