       4387       2725       1656         32         12          2          1          1          0          0          0          0          0          0          0          0          0          0
 local to global mapping:
         230
           1          23
           2          28
           3          91
           4          92
           5          94
           6         104
           7         105
           8         106
           9         109
          10         113
          11         118
          12         135
          13         138
          14         144
          15         145
          16         373
          17         378
          18         380
          19         381
          20         382
          21         385
          22         386
          23         389
          24         390
          25         391
          26         392
          27         393
          28         394
          29         395
          30         396
          31         397
          32         398
          33         399
          34         400
          35         401
          36         438
          37         441
          38         444
          39         445
          40         446
          41         448
          42         449
          43         450
          44         452
          45         453
          46         454
          47         455
          48         456
          49         457
          50         458
          51         459
          52         460
          53         461
          54         462
          55         463
          56         464
          57         465
          58         466
          59         469
          60         470
          61         504
          62         560
          63         566
          64        1397
          65        1469
          66        1471
          67        1475
          68        1480
          69        1481
          70        1482
          71        1483
          72        1484
          73        1485
          74        1488
          75        1489
          76        1490
          77        1491
          78        1492
          79        1493
          80        1494
          81        1495
          82        1496
          83        1499
          84        1500
          85        1501
          86        1502
          87        1503
          88        1504
          89        1505
          90        1506
          91        1508
          92        1509
          93        1510
          94        1511
          95        1512
          96        1513
          97        1514
          98        1515
          99        1517
         100        1518
         101        1519
         102        1520
         103        1521
         104        1522
         105        1540
         106        1541
         107        1543
         108        1544
         109        1545
         110        1546
         111        1547
         112        1548
         113        1549
         114        1550
         115        1551
         116        1552
         117        1553
         118        1554
         119        1555
         120        1556
         121        1557
         122        1558
         123        1559
         124        1560
         125        1561
         126        1562
         127        1563
         128        1564
         129        1565
         130        1566
         131        1567
         132        1568
         133        1571
         134        1572
         135        1573
         136        1575
         137        1577
         138        1578
         139        1579
         140        1580
         141        1773
         142        1776
         143        1777
         144        1778
         145        1779
         146        1780
         147        1781
         148        1782
         149        1783
         150        1784
         151        1785
         152        1786
         153        1787
         154        1788
         155        1789
         156        1790
         157        1791
         158        1792
         159        1793
         160        1794
         161        1795
         162        1796
         163        1797
         164        1798
         165        1799
         166        1800
         167        1828
         168        1829
         169        1830
         170        1831
         171        1832
         172        1833
         173        1834
         174        1835
         175        1836
         176        1837
         177        1838
         178        1839
         179        1840
         180        1841
         181        1842
         182        1843
         183        1844
         184        1845
         185        1846
         186        1847
         187        1848
         188        1849
         189        1850
         190        1851
         191        1852
         192        1868
         193        1869
         194        1950
         195        1951
         196        1953
         197        1954
         198        1955
         199        1956
         200        1957
         201        1958
         202        1959
         203        1960
         204        1961
         205        1962
         206        1963
         207        1964
         208        1965
         209        1966
         210        2162
         211        2163
         212        2164
         213        2165
         214        2166
         215        2171
         216        2172
         217        2173
         218        2174
         219        2175
         220        2176
         221        2177
         222        2178
         223        2179
         224        2180
         225        2181
         226        2182
         227        2183
         228        2184
         229        2187
         230        2191
         153
           1         414
           2         413
           3         402
           4         355
           5         340
           6         354
           7         332
           8         350
           9         349
          10         323
          11         324
          12         400
          13         399
          14         338
          15         392
          16         406
          17         407
          18         299
          19         288
          20         289
          21         333
          22         316
          23         315
          24         271
          25         269
          26         254
          27         304
          28         303
          29         342
          30         356
          31         357
          32         339
          33         363
          34         358
          35         375
          36         359
          37         387
          38         385
          39         384
          40         369
          41         302
          42        1651
          43         412
          44         397
          45         401
          46         383
          47         368
          48         250
          49         251
          50         268
          51         252
          52         233
          53         253
          54         232
          55         255
          56         297
          57         286
          58         285
          59         309
          60         310
          61         273
          62         272
          63         361
          64         347
          65         348
          66         365
          67         351
          68        1653
          69         328
          70         329
          71         346
          72         364
          73         380
          74         370
          75         393
          76         377
          77         391
          78         389
          79         405
          80         390
          81         421
          82         394
          83         408
          84         376
          85         374
          86         344
          87         343
          88         341
          89         322
          90         319
          91         307
          92         318
          93         281
          94         280
          95         345
          96         327
          97         372
          98         373
          99         353
         100         366
         101         321
         102         326
         103         360
         104         378
         105         362
         106         325
         107         403
         108         388
         109         426
         110         420
         111         427
         112         404
         113         416
         114         371
         115         386
         116         379
         117         270
         118         249
         119         231
         120         287
         121         230
         122         298
         123         267
         124         308
         125         311
         126         312
         127         313
         128         330
         129         300
         130        1654
         131         398
         132         396
         133         352
         134         440
         135         334
         136         317
         137         395
         138         409
         139         422
         140         336
         141         335
         142         382
         143         367
         144         381
         145         337
         146         296
         147         320
         148         282
         149         306
         150         283
         151         294
         152         295
         153         305
         382
           1          66
           2          67
           3          68
           4          81
           5          82
           6          83
           7         263
           8         264
           9         265
          10         266
          11         267
          12         268
          13         271
          14         272
          15         273
          16         299
          17         300
          18         301
          19         302
          20         303
          21         304
          22         305
          23         306
          24         312
          25         313
          26         314
          27         323
          28         324
          29         325
          30         337
          31         338
          32         339
          33         388
          34         389
          35         390
          36         397
          37         398
          38         414
          39         415
          40         416
          41         417
          42         418
          43         991
          44         992
          45         993
          46        1000
          47        1001
          48        1002
          49        1005
          50        1006
          51        1007
          52        1008
          53        1009
          54        1010
          55        1011
          56        1012
          57        1013
          58        1019
          59        1020
          60        1021
          61        1022
          62        1023
          63        1024
          64        1031
          65        1032
          66        1033
          67        1034
          68        1035
          69        1036
          70        1037
          71        1038
          72        1039
          73        1040
          74        1041
          75        1042
          76        1043
          77        1044
          78        1045
          79        1046
          80        1047
          81         319
          82        1048
          83        1049
          84        1050
          85        1051
          86        1052
          87        1053
          88        1054
          89        1055
          90        1056
          91        1057
          92        1058
          93        1059
          94        1060
          95        1061
          96        1153
          97        1154
          98        1155
          99        1162
         100        1163
         101        1164
         102        1170
         103        1171
         104        1172
         105        1173
         106        1174
         107        1175
         108        1176
         109        1180
         110        1181
         111        1182
         112        1183
         113        1184
         114        1185
         115        1186
         116        1187
         117        1191
         118        1192
         119        1193
         120        1194
         121        1195
         122        1196
         123        1197
         124        1198
         125        1199
         126        1200
         127        1201
         128        1202
         129        1203
         130        1204
         131        1205
         132        1206
         133        1207
         134        1208
         135        1209
         136        1210
         137        1211
         138        1212
         139        1213
         140        1214
         141        1215
         142        1216
         143        1217
         144        1218
         145        1219
         146        1220
         147        1221
         148        1222
         149        1223
         150        1230
         151        1231
         152        1232
         153        1233
         154        1234
         155        1318
         156        1319
         157        1449
         158        1450
         159        1465
         160        2709
         161        2801
         162        2804
         163        2805
         164        2806
         165        2809
         166        2810
         167        2811
         168        2817
         169        2818
         170        2819
         171        2814
         172        2820
         173        2821
         174        2822
         175        2823
         176        2815
         177        2826
         178        2827
         179        2828
         180        2829
         181        2830
         182        2831
         183        2832
         184        2833
         185        2834
         186        2835
         187        2836
         188        2837
         189        2838
         190        2839
         191        2844
         192        2845
         193        2846
         194        2847
         195        2848
         196        2849
         197        2850
         198        2851
         199        2852
         200        2853
         201        2854
         202        2855
         203        2856
         204        2857
         205        2858
         206        2859
         207        2860
         208        2863
         209        2864
         210        1004
         211        2865
         212        2866
         213        2867
         214        2868
         215        2869
         216        2872
         217        2873
         218        2874
         219        2875
         220        2876
         221        2877
         222        2912
         223        2913
         224        2914
         225        2880
         226        2917
         227        2916
         228        2918
         229        2919
         230        2920
         231        2921
         232        2922
         233        2923
         234        2924
         235        2925
         236        2926
         237        2927
         238        2928
         239        2929
         240        2930
         241        2862
         242        2931
         243        2932
         244        2933
         245        2934
         246        2935
         247        2936
         248        2937
         249        2938
         250        2861
         251         318
         252        2939
         253        2940
         254        2941
         255        2942
         256        2943
         257        2944
         258        2945
         259        2946
         260        2947
         261        2948
         262        2949
         263        2950
         264        2951
         265        2956
         266        2957
         267        2958
         268        2959
         269        2960
         270        2961
         271        2962
         272        2963
         273        2966
         274        2967
         275        2968
         276        2969
         277        2970
         278        3223
         279        3224
         280        3227
         281        1014
         282        3229
         283        1015
         284        3230
         285        3231
         286        3232
         287        3233
         288        3234
         289        3235
         290        3236
         291        3237
         292        3238
         293        3239
         294        3240
         295        3241
         296        3242
         297        3243
         298        3244
         299        3245
         300        3246
         301        3247
         302        3248
         303        3249
         304        3250
         305        3251
         306        3252
         307        3253
         308        3254
         309        3255
         310        3256
         311        3257
         312        3258
         313        3259
         314        3260
         315        3285
         316        3262
         317        3286
         318        3287
         319        3288
         320        3289
         321        3290
         322        3291
         323        3292
         324        3293
         325        3294
         326        3295
         327        3296
         328        3297
         329        3298
         330        3299
         331        3300
         332        3301
         333        3302
         334        3303
         335        3304
         336        3305
         337        3306
         338        1315
         339        3329
         340        3314
         341        3330
         342        3427
         343        3428
         344        3429
         345        3430
         346        3431
         347        3432
         348        3433
         349        3434
         350        3435
         351        3436
         352        3437
         353        3438
         354        3439
         355        3440
         356        3441
         357        3666
         358        3667
         359        3668
         360        3669
         361        3670
         362        3671
         363        3672
         364        3673
         365        3674
         366        3675
         367        3676
         368        3681
         369        3682
         370        3683
         371        3684
         372        3685
         373        3686
         374        3687
         375        3688
         376        3689
         377        3690
         378        3691
         379        3692
         380        3693
         381        3700
         382        3707
 Header:
       2000          2          1           0.00           0.00
        48  0.9000000E+03      3     32     12    0.99999998E-02    0.20000000E+03    0.10000000E+02    0.00000000E+00    0.99999997E-04   2
  -1800.00000    
  -1600.00000    
  -1400.00000    
  -1200.00000    
  -1000.00000    
  -800.000000    
  -600.000000    
  -400.000000    
  -300.000000    
  -260.000000    
  -230.000000    
  -1.00000000    
 -0.949999988    
 -0.899999976    
 -0.850000024    
 -0.800000012    
 -0.750000000    
 -0.699999988    
 -0.649999976    
 -0.600000024    
 -0.550000012    
 -0.500000000    
 -0.449999988    
 -0.400000006    
 -0.349999994    
 -0.300000012    
 -0.250000000    
 -0.200000003    
 -0.150000006    
 -0.100000001    
  -5.00000007E-02
   0.00000000    
         153         230
   34.666332913900000        28.783881387200005        677.502197               6
   34.676771422999998        28.808059261200000        636.765198               6
   34.648334141300005        28.798990626300004        368.535034               8
   34.813553160900000        28.865367357900002        174.609253              12
   34.818077935100007        28.875660256300005        53.8833809              12
   34.804627136100009        28.878632563300002        360.935852               8
   34.646563885600003        28.917437575300003        17.2104969              12
   34.651529866600001        28.894575878400005        17.6004715              12
   34.667182667799999        28.906778724399995        122.456520              12
   34.822436373599999        28.882463339600001        9.11810684              12
   34.828854934699997        28.878882678699998        5.00000000              12
   34.646731450399997        28.815999192100005        282.677063               9
   34.659832606199998        28.829346976300002        403.347839               7
   34.814021426799997        28.886253290399999        123.481079              12
   34.802195777199998        28.782002164699996        515.429443               7
   34.778597061900001        28.790749769499996        1227.65796               3
   34.792134516300003        28.768854890299995        753.655457               6
   34.690670477499999        29.009603278599997        78.5799713              12
   34.689214224399997        29.024785067299998        91.0457840              12
   34.677463063799998        29.017008214600004        13.5600538              12
   34.772140785099992        28.965784529600000        697.389404               6
   34.802524102100001        28.974672970999997        508.884216               7
   34.781408755999990        29.002031292600005        751.161804               6
   34.688430439299999        29.043912311899998        82.4046860              12
   34.682877145600003        29.053011673000000        43.9642830              12
   34.676766379499995        29.042839072499998        8.89167023              12
   34.828154855900003        28.974849568300002        138.692856              12
   34.817397770000007        28.996155744700008        457.119293               7
   34.835755500300003        28.853619761400005        5.00000000              12
   34.819873482600002        28.853154906000000        46.7495232              12
   34.828128343899998        28.842699400200001        5.44010305              12
   34.827281419399995        28.870659950499999        5.00000000              12
   34.668760426600002        28.886198637100001        171.408066              12
   34.828883980599997        28.830395034300004        22.2860508              12
   34.810610913399998        28.824191190499999        340.376617               8
   34.832420939999999        28.816587979900000        5.00000000              12
   34.627186647099997        28.807071622699997        70.4447708              12
   34.625060753299998        28.819154834700001        50.8083839              12
   34.637973335399991        28.830430611200001        149.740234              12
   34.622828136400003        28.831489850100002        53.6468010              12
   34.812615522999998        29.019489886599999        575.442200               7
   34.842386742099997        29.009534805500003        136.499283              12
   34.715749643500004        28.822107130500001        1073.27100               4
   34.692635396999997        28.851935134100000        558.498291               7
   34.682240630400010        28.831568465999997        539.204102               7
   34.647618050500000        28.841185798300000        196.449509              12
   34.629467396199999        28.846169596500001        27.2394047              12
   34.671935104200003        29.072001157999999        8.73040771              12
   34.673086541600000        29.060005189900000        8.98907948              12
   34.688000749800004        29.064969962399999        115.704185              12
   34.671092166900003        29.049369415099999        5.00000000              12
   34.666027154500000        29.043121182200004        5.00000000              12
   34.689682460100002        29.078497402500002        198.300156              12
   34.675802549599993        29.082449074399999        9.72117043              12
   34.668633943300001        29.035454043999998        5.00000000              12
   34.722252916899997        29.040608322500002        328.570557               8
   34.723720376000003        29.061156754500001        379.578583               8
   34.701526556399998        29.053284027800004        219.801834              11
   34.717230466700002        29.001516898699997        253.489670              10
   34.698835373400001        28.990527094000004        108.799553              12
   34.673574904600002        29.028574272099995        9.76408195              12
   34.682276080399994        29.034944873499995        49.7666779              12
   34.688728770799997        28.915516653200001        282.984924               9
   34.684847311799999        28.938586929900001        101.784264              12
   34.666029155300002        28.927255097500009        70.6104279              12
   34.762679644700000        28.900984907500003        933.458862               5
   34.769530957699999        28.931489737400000        718.657959               6
   34.738491665399998        28.916908111100003        689.014526               6
   34.693047831000001        28.970888974699999        93.0583191              12
   34.677186469500000        28.958909582199997        30.1120682              12
   34.703931024900001        28.952902539699995        292.279541               9
   34.648182679800001        28.878860970800002        24.3351192              12
   34.669279601600003        28.868576699700000        242.065964              10
   34.650020619599999        28.866385087400001        67.0667496              12
   34.813583717699998        28.769513013500003        85.8700180              12
   34.818932460799999        28.783581182399999        64.3622971              12
   34.790938956600002        28.812269687400001        979.320496               5
   34.785770755900003        28.834955669599996        985.071655               5
   34.758403705500001        28.815401422200001        1549.54395               2
   34.804682555699998        28.796908759200001        492.387573               7
   34.764890969999996        28.766120659799999        1436.54346               2
   34.811329951499999        28.756789914500001        129.276474              12
   34.788249305500003        28.750662442400003        551.788940               7
   34.815422173100004        28.809066435600002        149.994141              12
   34.826354916699998        28.796241631900003        5.34842825              12
   34.833556750800000        28.837182455299995        5.00000000              12
   34.838359049499999        28.845953529599996        5.00000000              12
   34.828086307600003        28.861472158500000        5.66666651              12
   34.836511904399991        28.874826682000002        5.00000000              12
   34.819635388300000        28.919296832899999        64.2825546              12
   34.836060888500000        28.925044043400003        5.00000000              12
   34.820356628700004        28.936686329200001        95.7519913              12
   34.859706986799999        29.016810071899997        9.93173504              12
   34.854052955800000        29.029316237800000        32.6462364              12
   34.737765389300002        28.950329955599997        608.174316               6
   34.716965534000003        28.974785935300002        303.486511               8
   34.801153389400000        28.852541542800004        596.522827               7
   34.812253869400003        28.839689377799996        273.934906               9
   34.800867045899999        28.893048362100000        433.756927               7
   34.782974333600002        28.883116585000000        933.292786               5
   34.825692242000002        28.891498620099995        14.4094143              12
   34.745706470599998        28.985396444300001        562.217896               7
   34.711696191400002        28.927117031000005        508.127502               7
   34.711652272200006        28.896220489000005        611.001953               6
   34.685830239200001        28.896103789700000        401.995209               7
   34.839755668899997        28.866539050600000        5.00000000              12
   34.644487371399997        28.782566561399996        415.548584               7
   34.627397003500000        28.793211898400003        111.917740              12
   34.703564246600003        28.781701975499999        1210.41431               3
   34.740028213700000        28.788755250100003        1625.16321               1
   34.676827234599997        28.764445786400000        889.925842               5
   34.626694144600002        28.775757947799999        87.2204742              12
   34.646818834800001        28.762632350499999        651.998596               6
   34.643717373500003        28.853668130500004        75.3713074              12
   34.664101393899990        28.849928810600005        334.875854               8
   34.692365610300001        28.876222342200002        529.177490               7
   34.707459802800003        29.072539096200000        402.859558               7
   34.689409396700000        29.093802990400000        251.617096              10
   34.677438310500008        29.098826356900002        23.6835632              12
   34.699470849199997        29.036221667400000        209.359482              11
   34.681319401200000        29.108953414199998        103.155457              12
   34.711133932300001        29.021741053400003        251.339340              10
   34.707205330800001        29.090323766299996        574.179260               7
   34.745876320300006        29.020527650399995        550.065186               7
   34.684343184299998        28.983136783900001        21.5849934              12
   34.671218410599998        28.973937901800003        8.95622635              12
   34.654559419500004        28.968033428400002        6.64153242              12
   34.661938603800003        28.948059624699997        33.9036522              12
   34.684584720000004        28.998373459300005        17.5959625              12
   34.737811292000004        28.889673882699995        855.816589               5
   34.751317413300001        28.843153507000000        1382.05542               3
   34.721637553299999        28.862425815200002        802.482788               5
   34.787138560400010        28.907268192499995        662.264587               6
   34.731657059500002        28.752244620200003        1511.49756               2
   34.796957036199998        28.948241797600005        427.377258               7
   34.822958185899999        28.955711397100000        68.1552048              12
   34.803908919300000        28.735197115000002        74.3528442              12
   34.785439928499997        28.733728406699999        251.491547              10
   34.765620688399999        28.742528105700000        912.349609               5
   34.809326115300003        28.907583078299997        210.968002              11
   34.799459967099999        28.925540291899999        391.695129               8
   34.777888867199998        28.858674024700001        1101.50574               4
   34.795768371100003        28.867637000700004        690.465088               6
   34.756318711200009        28.872500283400004        1213.25586               3
   34.815791865500003        28.896467054900000        105.582031              12
   34.750021240499997        29.054545667199999        642.818787               6
   34.831225316700007        28.904106686400002        5.19999981              12
   34.864976473100000        29.004660225500000        8.77090645              12
   34.844087550700003        28.942045957100003        16.9780369              12
   34.858796809799998        28.991753963800001        19.2022209              12
   34.839479412899991        28.990533779100002        126.467560              12
   34.847935069899997        28.975394332400001        27.2060375              12
   34.843735045000003        28.959517458300002        9.41037369              12
           3           1           2           3
           3           4           5           6
           3           7           8           9
           3          10           5          11
           3          12           2          13
           3          10          14           5
           3          15          16          17
           3          18          19          20
           3          21          22          23
           3          24          25          26
           3          27          28          22
           3          29          30          31
           3          32           5           4
           3          33           9           8
           3          34          35          36
           3          37           3          12
           3          38          39          40
           3          41          28          42
           3          43          44          45
           3          39          46          47
           3          48          49          50
           3          51          52          26
           3          53          54          48
           3          26          52          55
           3          56          57          58
           3          58          25          24
           3          59          18          60
           3          19          61          20
           3          55          62          26
           3          63          64          65
           3          66          67          68
           3          69          70          71
           3          33           8          72
           3          73          72          74
           3           6           5          14
           3          75          76          15
           3          77          78          79
           3          15          80          16
           3          81          17          16
           3          82          75          17
           3          82          17          83
           3          36          84          85
           3          31          86          87
           3           5          32          11
           3          88          32           4
           3          89          11          32
           3          90          91          92
           3          93          94          42
           3          95          96          71
           3          30          97          98
           3          84          80          85
           3          77          16          80
           3          99         100           6
           3          97          78          98
           3          14          99           6
           3          13          46          39
           3          10         101          14
           3          95         102          96
           3          95          71         103
           3         104          63         105
           3          23          28          41
           3         106          89          32
           3          87          29          31
           3          39          12          13
           3          81          83          17
           3         107           3         108
           3          43         109         110
           3           3           2          12
           3          79          16          77
           3         107           1           3
           3         111         109           1
           3         112         107         108
           3         113           1         107
           3         108           3          37
           3          37          12          38
           3         114          47          46
           3          38          12          39
           3          45          44         115
           3          74         115          73
           3          13         115          46
           3          39          47          40
           3          70          64          71
           3          46         115         114
           3          33          73         116
           3          62          55          61
           3          58         117          50
           3          50          53          48
           3         118         119          54
           3          25          49          51
           3          25          50          49
           3          65           9          63
           3          65           7           9
           3         114         115          74
           3          13           2          45
           3          73          33          72
           3         105           9          33
           3          13          45         115
           3         105          63           9
           3         118          54          53
           3          62          24          26
           3          25          51          26
           3         120          58          24
           3          58          50          25
           3         119         118         121
           3          19         122         120
           3          57         117          58
           3         118          53         123
           3          53         117         123
           3          53          50         117
           3         124         122          59
           3          56          58         120
           3          60          69          96
           3          64          63         103
           3         125          69          60
           3         126         127          70
           3          59          60          96
           3         125         126          69
           3          62         120          24
           3         122          56         120
           3          19          62          61
           3          19         120          62
           3         126          70          69
           3         128          64          70
           3         129         125          60
           3          60          18         129
           3         122          19          18
           3         115          44          73
           3         116         104         105
           3         116         105          33
           3         104         130          68
           3         109          43           2
           3          44         116          73
           3          43         131         132
           3         133         100          99
           3         134          81         110
           3           1         109           2
           3         135         136          22
           3          71          64         103
           3          63         104         103
           3         132          44          43
           3         137          82          83
           3          83         138         137
           3          83          81         139
           3          98          35          34
           3          77          80          84
           3          85          80          76
           3         140         141         133
           3         100         142         143
           3          30          88           4
           3           4          97          30
           3          78          77          35
           3          78          35          98
           3          77          84          35
           3          75          15          17
           3          76          80          15
           3           6         143           4
           3         143         142          97
           3         131         142         144
           3          78          97         142
           3           4         143          97
           3           6         100         143
           3         142         131          78
           3         110          81          16
           3         116         132         104
           3         142         100         144
           3          79         110          16
           3          43         110          79
           3         109         134         110
           3          78         131          79
           3         144         132         131
           3         130         132         144
           3         116          44         132
           3         131          43          79
           3          45           2          43
           3          59          96         102
           3          69          71          96
           3         124          59         102
           3         122          18          59
           3         104          68         103
           3          21         102          95
           3         132         130         104
           3         144         100          66
           3         103          68          95
           3         130         144          66
           3         141         135          67
           3          68         130          66
           3          68          67          95
           3          22          28          23
           3          95          67          21
           3         145          99          14
           3          23         124         102
           3         124          56         122
           3         124         146          56
           3         135          22          21
           3         136          27          22
           3         102          21          23
           3          66         133          67
           3          66         100         133
           3          67         135          21
           3          67         133         141
           3          99         145         140
           3          92         135         141
           3          90         141         140
           3          99         140         133
           3          92         136         135
           3         145         147         140
           3         141          90          92
           3         145         101         147
           3         145          14         101
           3          93          42         148
           3         136          92         149
           3         150         151         152
           3         151          28          27
           3         153         136         149
           3         153          27         136
           3         151          42          28
           3          92          91         149
           3          90         140         147
           3         153         152          27
           3          27         152         151
           3          91          90         147
           3          29          88          30
           3         106          32          88
           3          98          31          30
           3          98          34          31
           3          31          34          86
           3          35          84          36
           3         106          88          29
           3          42         151         150
           3          42         150         148
           1           2           3
           2           3           1
           3           1           2
           4           5           6
           5           6           4
           6           4           5
           7           8           9
           8           9           7
           9           7           8
          10           5          11
          11          11          10
          12          10           5
          13           2          13
          14          13          12
          15          12           2
          16          14           5
          17          10          14
          18          16          17
          19          17          15
          20          15          16
          21          19          20
          22          20          18
          23          18          19
          24          22          23
          25          23          21
          26          21          22
          27          25          26
          28          26          24
          29          24          25
          30          28          22
          31          22          27
          32          27          28
          33          30          31
          34          31          29
          35          29          30
          36           4          32
          37          32           5
          38           8          33
          39          33           9
          40          35          36
          41          36          34
          42          34          35
          43           3          12
          44          12          37
          45          37           3
          46          39          40
          47          40          38
          48          38          39
          49          28          42
          50          42          41
          51          41          28
          52          44          45
          53          45          43
          54          43          44
          55          46          47
          56          47          39
          57          39          46
          58          49          50
          59          50          48
          60          48          49
          61          52          26
          62          26          51
          63          51          52
          64          54          48
          65          48          53
          66          53          54
          67          52          55
          68          55          26
          69          57          58
          70          58          56
          71          56          57
          72          24          58
          73          58          25
          74          18          60
          75          60          59
          76          59          18
          77          61          20
          78          19          61
          79          62          26
          80          55          62
          81          65          64
          82          65          63
          83          63          64
          84          67          68
          85          68          66
          86          66          67
          87          70          71
          88          71          69
          89          69          70
          90           8          72
          91          72          33
          92          72          74
          93          74          73
          94          73          72
          95          14           6
          96          76          15
          97          15          75
          98          75          76
          99          78          79
         100          79          77
         101          77          78
         102          80          16
         103          15          80
         104          16          81
         105          81          17
         106          75          17
         107          17          82
         108          82          75
         109          17          83
         110          83          82
         111          84          85
         112          85          36
         113          36          84
         114          86          87
         115          87          31
         116          31          86
         117          32          11
         118           4          88
         119          88          32
         120          32          89
         121          89          11
         122          91          92
         123          92          90
         124          90          91
         125          94          42
         126          42          93
         127          93          94
         128          96          71
         129          71          95
         130          95          96
         131          97          98
         132          98          30
         133          30          97
         134          80          85
         135          84          80
         136          80          77
         137          77          16
         138         100           6
         139           6          99
         140          99         100
         141          78          98
         142          97          78
         143          14          99
         144          39          13
         145          13          46
         146         101          14
         147          10         101
         148         102          96
         149          95         102
         150          71         103
         151         103          95
         152          63         105
         153         105         104
         154         104          63
         155          41          23
         156          23          28
         157          32         106
         158         106          89
         159          87          29
         160          39          12
         161          81          83
         162           3         108
         163         108         107
         164         107           3
         165         109         110
         166         110          43
         167          43         109
         168          79          16
         169         107           1
         170         109           1
         171         111           1
         172         111         109
         173         108         112
         174         112         107
         175         107         113
         176           1         113
         177          37         108
         178          12          38
         179          38          37
         180          46         114
         181         114          47
         182          44         115
         183         115          45
         184         115          73
         185          74         115
         186         115          46
         187          13         115
         188          47          40
         189          64          71
         190          70          64
         191         115         114
         192          73         116
         193         116          33
         194          33          73
         195          55          61
         196          61          62
         197         117          50
         198          50          58
         199          58         117
         200          50          53
         201         119          54
         202          54         118
         203         118         119
         204          49          51
         205          51          25
         206          25          49
         207          25          50
         208           9          63
         209          65           9
         210           7          65
         211          74         114
         212           2          45
         213          45          13
         214          33         105
         215         105           9
         216          53         118
         217          62          24
         218          24         120
         219         120          58
         220         118         121
         221         121         119
         222         122         120
         223         120          19
         224          19         122
         225         117          57
         226          53         123
         227         118         123
         228         117         123
         229          53         117
         230         122          59
         231          59         124
         232         124         122
         233         120          56
         234          69          96
         235          96          60
         236          60          69
         237          63         103
         238         103          64
         239          60         125
         240         125          69
         241          70         127
         242          70         126
         243         126         127
         244          96          59
         245         126          69
         246         125         126
         247          62         120
         248         122          56
         249          19          62
         250         128          70
         251          64         128
         252          60         129
         253         129         125
         254          18         129
         255          18         122
         256          44          73
         257         105         116
         258         116         104
         259         130          68
         260          68         104
         261         104         130
         262          43           2
         263           2         109
         264          44         116
         265         131         132
         266         132          43
         267          43         131
         268          99         133
         269         133         100
         270          81         110
         271         110         134
         272         134          81
         273         136          22
         274          22         135
         275         135         136
         276         104         103
         277         132          44
         278          83         137
         279         137          82
         280         137         138
         281         138          83
         282          81         139
         283          83         139
         284          34          98
         285          98          35
         286          84          77
         287          80          76
         288          76          85
         289         141         133
         290         133         140
         291         140         141
         292         142         143
         293         143         100
         294         100         142
         295           4          30
         296          30          88
         297           4          97
         298          77          35
         299          35          78
         300          84          35
         301         143           4
         302           6         143
         303         142          97
         304          97         143
         305         142         144
         306         144         131
         307         131         142
         308         142          78
         309         131          78
         310          16         110
         311         132         104
         312         116         132
         313         100         144
         314          79         110
         315          79          43
         316         134         109
         317         131          79
         318         144         132
         319         144         130
         320         130         132
         321         102          59
         322         102         124
         323          68         103
         324          95          21
         325          21         102
         326         100          66
         327          66         144
         328          68          95
         329          66         130
         330         135          67
         331          67         141
         332         141         135
         333          67          95
         334          67          21
         335          14         145
         336         145          99
         337         102          23
         338         124          23
         339         124          56
         340          56         146
         341         124         146
         342          21         135
         343         136          27
         344         133          67
         345          66         133
         346         145         140
         347         140          99
         348         141          92
         349          92         135
         350         140          90
         351          90         141
         352          92         136
         353         147         140
         354         145         147
         355         101         147
         356         145         101
         357          42         148
         358         148          93
         359          92         149
         360         149         136
         361         151         152
         362         152         150
         363         150         151
         364          27         151
         365         151          28
         366         149         153
         367         153         136
         368         153          27
         369         151          42
         370          91         149
         371         147          90
         372         152          27
         373         153         152
         374         147          91
         375          29          88
         376          88         106
         377          98          31
         378          34          31
         379          34          86
         380          29         106
         381         150          42
         382         150         148
