       4387       2725       1656         32         12          2          1          1          0          0          0          0          0          0          0          0          0          0
 local to global mapping:
         225
           1           2
           2           5
           3          19
           4          26
           5          31
           6          82
           7          83
           8          85
           9          86
          10          90
          11         146
          12         335
          13         336
          14         338
          15         341
          16         342
          17         343
          18         344
          19         345
          20         346
          21         347
          22         348
          23         349
          24         350
          25         352
          26         353
          27         354
          28         356
          29         357
          30         358
          31         359
          32         360
          33         361
          34         362
          35         363
          36         364
          37         366
          38         367
          39         384
          40         402
          41         403
          42         406
          43         407
          44         408
          45         409
          46         413
          47         414
          48         417
          49         418
          50         436
          51         437
          52         597
          53         600
          54         601
          55         602
          56         603
          57         604
          58         605
          59         606
          60         607
          61         608
          62        1339
          63        1345
          64        1350
          65        1351
          66        1352
          67        1353
          68        1354
          69        1355
          70        1356
          71        1357
          72        1358
          73        1359
          74        1360
          75        1361
          76        1362
          77        1363
          78        1364
          79        1365
          80        1366
          81        1367
          82        1368
          83        1369
          84        1370
          85        1371
          86        1373
          87        1374
          88        1375
          89        1376
          90        1377
          91        1378
          92        1379
          93        1380
          94        1381
          95        1382
          96        1383
          97        1384
          98        1385
          99        1386
         100        1387
         101        1388
         102        1389
         103        1390
         104        1391
         105        1392
         106        1393
         107        1394
         108        1417
         109        1418
         110        1419
         111        1420
         112        1421
         113        1422
         114        1423
         115        1424
         116        1425
         117        1426
         118        1427
         119        1428
         120        1429
         121        1430
         122        1431
         123        1432
         124        1433
         125        1434
         126        1435
         127        1436
         128        1437
         129        1438
         130        1439
         131        1440
         132        1441
         133        1442
         134        1444
         135        1445
         136        1446
         137        1450
         138        1451
         139        1452
         140        1453
         141        1454
         142        1455
         143        1583
         144        1585
         145        1586
         146        1587
         147        1588
         148        1589
         149        1590
         150        1591
         151        1592
         152        1593
         153        1608
         154        1609
         155        1610
         156        1611
         157        1612
         158        1613
         159        1614
         160        1618
         161        1619
         162        1620
         163        1621
         164        1622
         165        1623
         166        1624
         167        1625
         168        1628
         169        1629
         170        1632
         171        1633
         172        1634
         173        1635
         174        1636
         175        1637
         176        1718
         177        1719
         178        1720
         179        1721
         180        1722
         181        1723
         182        1725
         183        1726
         184        1727
         185        1728
         186        1729
         187        1730
         188        1731
         189        1732
         190        1733
         191        1734
         192        1735
         193        1736
         194        1737
         195        1738
         196        1739
         197        1740
         198        1741
         199        1742
         200        1743
         201        1744
         202        1745
         203        1746
         204        1749
         205        1750
         206        1751
         207        1752
         208        1753
         209        1754
         210        1755
         211        1756
         212        1757
         213        1758
         214        1759
         215        1760
         216        1761
         217        1762
         218        1763
         219        1764
         220        1765
         221        1766
         222        1767
         223        1809
         224        1811
         225        1821
         146
           1         629
           2         609
           3         600
           4         535
           5         513
           6         514
           7         602
           8         630
           9         601
          10         502
          11         504
          12         486
          13         527
          14         509
          15         508
          16         607
          17         606
          18         584
          19         531
          20         533
          21         511
          22         576
          23         560
          24         554
          25         526
          26         542
          27         543
          28         664
          29         631
          30         636
          31         610
          32         635
          33         608
          34         633
          35         603
          36         605
          37         583
          38         581
          39         578
          40         579
          41         575
          42         557
          43         577
          44         556
          45         604
          46         582
          47         632
          48         665
          49         534
          50         479
          51         497
          52         499
          53         541
          54         566
          55         567
          56         494
          57         512
          58         518
          59         594
          60         615
          61         593
          62         552
          63         553
          64         580
          65         559
          66         561
          67         585
          68         562
          69         587
          70         586
          71         570
          72         591
          73         574
          74         569
          75         568
          76         588
          77         663
          78         522
          79         523
          80         537
          81         538
          82         565
          83         470
          84         471
          85         455
          86         539
          87         540
          88         506
          89         505
          90         525
          91         492
          92         507
          93         546
          94         571
          95         547
          96         491
          97         489
          98         490
          99         545
         100         544
         101         551
         102         550
         103         690
         104         555
         105         532
         106         510
         107         536
         108         530
         109         558
         110         515
         111         516
         112         520
         113         498
         114         517
         115         563
         116         564
         117         477
         118         478
         119         493
         120         476
         121         496
         122         521
         123         667
         124         638
         125         611
         126         592
         127         572
         128         614
         129         549
         130         548
         131         612
         132         589
         133         573
         134         519
         135         501
         136         524
         137         456
         138         528
         139         503
         140         488
         141         485
         142         529
         143         487
         144         472
         145         484
         146         500
         370
           1           4
           2           5
           3           6
           4          13
           5          14
           6          15
           7          55
           8          56
           9          57
          10          75
          11          76
          12          77
          13          90
          14          91
          15          92
          16         236
          17         237
          18         238
          19         239
          20         240
          21         241
          22         245
          23         246
          24         247
          25         248
          26         249
          27         250
          28         260
          29         261
          30         262
          31         419
          32         420
          33         421
          34         897
          35         898
          36         899
          37         900
          38         901
          39         902
          40         906
          41         907
          42         908
          43         914
          44         915
          45         916
          46         917
          47         918
          48         919
          49         920
          50         921
          51         922
          52         923
          53         924
          54         925
          55         926
          56         927
          57         928
          58         929
          59         930
          60         931
          61         932
          62         933
          63         934
          64         935
          65         936
          66         937
          67         938
          68         942
          69         943
          70         944
          71         945
          72         946
          73         947
          74         948
          75         949
          76         953
          77         954
          78         955
          79         956
          80         957
          81         958
          82         959
          83         960
          84         961
          85         962
          86         963
          87         964
          88         965
          89         966
          90         967
          91         968
          92         969
          93         970
          94         971
          95         974
          96         975
          97         976
          98        1017
          99        1018
         100        1062
         101        1063
         102        1064
         103        1065
         104        1066
         105        1067
         106        1072
         107        1073
         108        1074
         109        1075
         110        1076
         111        1077
         112        1078
         113        1079
         114        1080
         115        1081
         116        1082
         117        1083
         118        1090
         119        1091
         120        1092
         121        1093
         122         411
         123        1094
         124        1100
         125        1101
         126        1102
         127        1103
         128        1104
         129        1148
         130        1149
         131        1150
         132        1151
         133        1152
         134        1549
         135        1550
         136        1551
         137        1558
         138        1559
         139        1560
         140        1561
         141        1562
         142        1563
         143        1564
         144        1565
         145        1566
         146        1567
         147        1568
         148        1569
         149        1570
         150        1571
         151        1572
         152        1573
         153        1574
         154        1575
         155        1576
         156        2632
         157        2633
         158        2638
         159         894
         160        2641
         161        2642
         162        2643
         163        2644
         164        2645
         165        2646
         166        2647
         167        2648
         168        2649
         169        2650
         170        2651
         171        2652
         172        2653
         173        2654
         174        2655
         175        2656
         176        2657
         177        2658
         178        2659
         179        2660
         180        2661
         181        2662
         182        2663
         183        2664
         184        2667
         185        2668
         186        2669
         187        2670
         188        2671
         189        2672
         190        2673
         191        2674
         192        2675
         193        2676
         194        2677
         195        2678
         196        2679
         197        2680
         198        2681
         199        2682
         200        2683
         201        2684
         202        2685
         203        2686
         204        2687
         205        2688
         206        2689
         207        2690
         208        2691
         209        2692
         210        2693
         211        2694
         212        2695
         213        2696
         214        2697
         215        2698
         216        2699
         217        2700
         218        2701
         219        2702
         220        2703
         221        2737
         222        2736
         223        2738
         224        2739
         225        2740
         226        2741
         227        2742
         228        2743
         229        2744
         230        2745
         231        2746
         232        2747
         233        2748
         234        2749
         235        2750
         236        2751
         237        2752
         238        2753
         239        2754
         240        2755
         241        2756
         242        2757
         243        2758
         244        2759
         245        2760
         246        2761
         247        2762
         248        2763
         249        2764
         250        2765
         251        2766
         252        2767
         253         244
         254        2768
         255        2769
         256        2772
         257        2773
         258        2774
         259        2775
         260        2776
         261        2777
         262        2778
         263        2779
         264        2974
         265        2978
         266        2979
         267        2980
         268        2981
         269        2982
         270        2983
         271        2984
         272        2985
         273        2986
         274        2987
         275        2988
         276        2989
         277        2990
         278        2991
         279        2992
         280        2993
         281        2994
         282        2995
         283        2996
         284        2997
         285        3018
         286        3019
         287        3020
         288        3021
         289        3022
         290        3023
         291        3024
         292        3025
         293        3026
         294        3031
         295        3032
         296        3033
         297        3015
         298        3034
         299        3035
         300         941
         301        3036
         302        3037
         303        3040
         304        3041
         305        3042
         306        3043
         307        3147
         308        3148
         309        3149
         310        3150
         311        3151
         312        3152
         313        3153
         314        3154
         315        3155
         316        3156
         317        3158
         318        3159
         319        3160
         320        3161
         321        3162
         322        3163
         323        3164
         324        3165
         325        3166
         326        3167
         327        3168
         328        3169
         329        3170
         330        3171
         331        3172
         332        3173
         333        3174
         334        3175
         335        3176
         336        3177
         337        3178
         338        3179
         339        3180
         340        3181
         341        3182
         342        3183
         343        3184
         344        3185
         345        3186
         346        3193
         347        3194
         348        3195
         349        3196
         350        3197
         351        3198
         352        3199
         353        3200
         354        3201
         355        3202
         356        3203
         357        3204
         358        3205
         359        3206
         360        3207
         361        3208
         362        3209
         363        3210
         364        3211
         365        3212
         366        3213
         367        3271
         368        3272
         369        3282
         370        3038
 Header:
       2000          2          1           0.00           0.00
        48  0.9000000E+03      3     32     12    0.99999998E-02    0.20000000E+03    0.10000000E+02    0.00000000E+00    0.99999997E-04   2
  -1800.00000    
  -1600.00000    
  -1400.00000    
  -1200.00000    
  -1000.00000    
  -800.000000    
  -600.000000    
  -400.000000    
  -300.000000    
  -260.000000    
  -230.000000    
  -1.00000000    
 -0.949999988    
 -0.899999976    
 -0.850000024    
 -0.800000012    
 -0.750000000    
 -0.699999988    
 -0.649999976    
 -0.600000024    
 -0.550000012    
 -0.500000000    
 -0.449999988    
 -0.400000006    
 -0.349999994    
 -0.300000012    
 -0.250000000    
 -0.200000003    
 -0.150000006    
 -0.100000001    
  -5.00000007E-02
   0.00000000    
         146         225
   34.562567064399992        28.438057852199996        720.999756               6
   34.590134162400005        28.463209825199996        878.646851               5
   34.554874659699991        28.470191833800001        379.190308               8
   34.532928353199999        28.540970576399999        9.37779331              12
   34.527339104299998        28.558857994400000        10.8278227              12
   34.520021170699998        28.548412772999999        5.00000000              12
   34.481279919499997        28.431961170200001        85.2608261              12
   34.501296625999998        28.420023478199997        254.668671              10
   34.492783750299992        28.440199760700001        60.8986511              12
   34.727440007500000        28.612560315500005        971.403992               5
   34.748530038600002        28.589231912300001        620.630249               6
   34.756600307900008        28.610714209600001        480.602692               7
   34.759154336299993        28.492072562200001        147.227951              12
   34.776834568799998        28.486312111400000        5.00000000              12
   34.772684269999999        28.503532623000002        30.4015045              12
   34.450229481699999        28.399204658999999        16.9860420              12
   34.468820180099996        28.404490894299997        128.443024              12
   34.456700522900000        28.421671878400002        22.6786480              12
   34.492063995999999        28.471942124600002        16.9288101              12
   34.497946027200001        28.468209339400005        16.4037647              12
   34.499678411500000        28.476992698099998        6.21190023              12
   34.486195680000002        28.454296056500002        18.9348526              12
   34.495208349000009        28.460069477099999        23.0355148              12
   34.488719900899994        28.465238546300004        20.9745407              12
   34.755926148799993        28.515296225599997        615.499878               6
   34.729820599999996        28.533263460400001        1130.11108               4
   34.733721060500002        28.503358961899998        963.735657               5
   34.525984104800003        28.393852435800000        718.093201               6
   34.533206038800003        28.423717460799999        481.891937               7
   34.640482502600001        28.410479959500002        1145.53857               4
   34.632444416500000        28.453045108900000        1059.26257               4
   34.599144341699997        28.421621795200004        896.990356               5
   34.447475221500000        28.382393990299999        30.1331120              12
   34.472904656700003        28.383108586599999        357.775726               8
   34.531898291799997        28.452284584899999        164.510010              12
   34.477740087599997        28.418178873999999        143.065674              12
   34.468199267100005        28.428929765599996        62.3927155              12
   34.500070877900001        28.451347948100000        23.7472916              12
   34.466338088599997        28.439648700999996        20.2516994              12
   34.528790550600007        28.474752349700001        55.0510979              12
   34.537430868400001        28.490785950999999        127.115662              12
   34.516387836400000        28.488870192200004        6.43852854              12
   34.479254454100001        28.444342004199996        30.1023254              12
   34.472203434599997        28.454407007200000        5.11792040              12
   34.512126631099996        28.438780776099996        82.5273438              12
   34.512408667000003        28.453719560600000        6.41570807              12
   34.492660469699999        28.398421802000001        433.118134               7
   34.506118274999999        28.370125879300002        815.079468               5
   34.545844654100001        28.552066470000000        106.024803              12
   34.593630512799997        28.621666152000000        544.492737               7
   34.583516151300003        28.608460566399998        420.250854               7
   34.609325547600001        28.606883227000001        1060.43372               4
   34.696354239500003        28.558093355699999        1072.12292               4
   34.650618073700009        28.530622230700001        1121.75366               4
   34.697322244500000        28.516375894700001        1087.56909               4
   34.543849339900000        28.580708974200000        24.3712311              12
   34.535128699200001        28.568551482499995        39.4670868              12
   34.556828121599999        28.566120076200001        509.825897               7
   34.703020738399992        28.391368518699998        446.271149               7
   34.688190764300003        28.376172517500002        716.375854               6
   34.712085037800001        28.375086965100000        171.580414              12
   34.529622981099998        28.507149209400001        51.4022255              12
   34.519221439699990        28.497765462400000        8.93225288              12
   34.515778682000004        28.465641090600002        7.18010473              12
   34.504743497800000        28.471036143300001        7.72849512              12
   34.504590823299999        28.461816720800002        9.69364834              12
   34.572833006000010        28.499614447600003        717.230652               6
   34.456283544800002        28.432687261200002        5.41212082              12
   34.670075994000001        28.484102176499999        1145.91309               4
   34.619470705499999        28.494716782699999        1064.94299               4
   34.728890265099999        28.407360122699998        155.197021              12
   34.711606186899999        28.408431308099996        500.512543               7
   34.721270755399999        28.390645296899997        107.336800              12
   34.735315833800001        28.460530853199998        619.044006               6
   34.714561554100001        28.483276316900000        1093.40247               4
   34.705627504399999        28.456687227100002        1118.88489               4
   34.563887269999995        28.398962199600000        789.625183               6
   34.687168194500003        28.602842918299995        1122.26807               4
   34.719550685599998        28.584278935099999        1051.74280               4
   34.584344693399999        28.563885946500005        1019.63184               4
   34.567559216800007        28.548630129300001        705.481995               6
   34.597083658800003        28.531759203600000        1065.57690               4
   34.771087885900002        28.624755021199999        203.277451              11
   34.778408410899992        28.608644378400005        82.4492493              12
   34.791061145699999        28.622446624700004        7.77803469              12
   34.656117627999997        28.574480325500001        1116.35962               4
   34.616689668900001        28.560866609300000        1108.79736               4
   34.785371914700001        28.538200934900001        100.985924              12
   34.775109690900003        28.555598941000000        205.330765              11
   34.761003233899999        28.537132566400004        680.647949               6
   34.791398429700003        28.499200027299995        5.00000000              12
   34.780014942199998        28.519536517199995        106.877945              12
   34.757574352600002        28.448803661800000        57.5903931              12
   34.736841744099998        28.440003143200002        390.832367               8
   34.754475328500000        28.438396074800000        17.2729626              12
   34.802039601099999        28.521957251399996        26.3084011              12
   34.799331397199992        28.555281231799999        6.68657017              12
   34.802758054400002        28.538067337400005        22.1861458              12
   34.753272827899991        28.464571632100004        93.3202209              12
   34.745177158399997        28.479300406399997        515.239136               7
   34.732759595700010        28.384558065699999        5.00000000              12
   34.737904854399993        28.398188214899999        12.6892147              12
   34.551270578000000        28.353911380800000        846.419067               5
   34.478880499200002        28.465474244799999        5.00000000              12
   34.484177498100003        28.472536293200005        5.00376225              12
   34.489930352999991        28.477719931700001        5.00000000              12
   34.530428032099998        28.523483597399999        59.0668335              12
   34.515552248100001        28.511384102899996        6.35866642              12
   34.512855866700001        28.478264654099998        5.11546230              12
   34.515714892500000        28.536026144300006        5.00000000              12
   34.512740293800000        28.523306567100001        5.00000000              12
   34.592958787100002        28.586546485200000        968.170776               5
   34.568321495799999        28.598654906900002        220.847900              11
   34.565925817899995        28.581765711199999        410.991791               7
   34.556940490899997        28.529301680000000        365.306915               8
   34.546761858199993        28.510252086400005        249.904221              10
   34.563993098600001        28.615845255300002        11.8617764              12
   34.552267872000002        28.605168914099998        13.6477413              12
   34.548225954800003        28.593338270600000        36.4187813              12
   34.575396577500008        28.622860650100002        23.2272110              12
   34.615698653700001        28.625791675199999        1169.43103               4
   34.624371723300001        28.588056621299998        1131.95569               4
   34.605897409199997        28.374000509900004        976.669312               5
   34.655661701499994        28.376493244399999        1063.32654               4
   34.672148066299989        28.440605901599998        1224.55127               3
   34.706408990100002        28.429392482899999        906.775635               5
   34.730257204499999        28.422521406500003        312.525604               8
   34.681330113100003        28.405780552900001        991.167847               5
   34.744344927100002        28.414634379900001        35.7678490              12
   34.752403968000003        28.424932909500001        16.8444920              12
   34.705167891099997        28.359474032400001        246.351624              10
   34.723927072199999        28.360069249999999        22.3140545              12
   34.728597360600006        28.373422975600000        5.00000000              12
   34.644113946899999        28.610506898000001        1189.84106               4
   34.668552341400002        28.637235756599999        1203.05579               3
   34.742254795599997        28.560701709500002        831.079468               5
   34.794051488100010        28.609606745500002        5.00000000              12
   34.768969117399998        28.472705544699998        5.00000000              12
   34.771293068100000        28.574127027599996        216.090988              11
   34.794736254500002        28.569207536099995        5.00000000              12
   34.790079784299998        28.580799460999998        5.00000000              12
   34.765600277099999        28.461722363300005        5.00000000              12
   34.772505225899998        28.592699659800004        162.386230              12
   34.789899947099997        28.593711403699999        5.00000000              12
   34.746235507700000        28.635547799600001        749.769287               6
   34.707068962699999        28.642399349500000        1192.02478               4
           3           1           2           3
           3           4           5           6
           3           7           8           9
           3          10          11          12
           3          13          14          15
           3          16          17          18
           3          19          20          21
           3          22          23          24
           3          25          26          27
           3           8          28          29
           3          30          31          32
           3          16          33          34
           3          29           1          35
           3          18          36          37
           3          22           9          38
           3          37           7          39
           3          40          41          42
           3          39          43          44
           3          38          45          46
           3          39           7          43
           3          28          47          48
           3          43           7           9
           3          36          47           8
           3          19          24          20
           3          49           5           4
           3          50          51          52
           3          53          54          55
           3          56          57          58
           3          59          60          61
           3          41          62          63
           3          64          65          66
           3          38          46          66
           3           3           2          67
           3           9           8          45
           3           7          36           8
           3          47          28           8
           3          45          35          46
           3          45           8          29
           3          68          18          37
           3          31          69          70
           3          71          72          73
           3          74          75          76
           3          32           1          77
           3          69          75          55
           3          10          78          79
           3          80          81          82
           3          83          84          85
           3          53          86          54
           3          82          67          70
           3          86          87          54
           3          88          89          90
           3          15          91          92
           3          93          94          95
           3          91          96          92
           3          14          91          15
           3          88          97          89
           3          10          79          11
           3          88          98          97
           3          74          99         100
           3          13          15          25
           3          73         101         102
           3          17          47          36
           3          48          47          34
           3          22          38          23
           3           9          45          38
           3          45          29          35
           3          28         103          77
           3          23          66          20
           3          64          35          40
           3         104          22          24
           3          38          66          23
           3          43          22          44
           3          43           9          22
           3          37          36           7
           3          36          18          17
           3          34          17          16
           3          34          47          17
           3          68          37          39
           3          44          22         104
           3          23          20          24
           3          66          65          20
           3          66          46          64
           3          24          19         105
           3         104          24         105
           3         105          19         106
           3          62         107         108
           3         108          63          62
           3          40         109          64
           3          19          21         106
           3         107         110         111
           3         112         113         114
           3          49           4         115
           3           6         110           4
           3           4         107         115
           3           4         110         107
           3          67         115         116
           3         107         111         108
           3          65          64         109
           3          46          35          64
           3          40          42         109
           3           1           3          35
           3          41          63          42
           3         117         113          51
           3         118         119         113
           3         118         113         117
           3          50         120          51
           3         117          51         120
           3          50          52         121
           3         112         114          80
           3         112          80          87
           3          80          82          87
           3          87          82          54
           3         116         107          62
           3          81         115          82
           3          81          49         115
           3         122         112          87
           3         114          58          80
           3          51         112          52
           3          51         113         112
           3         114         113         119
           3          49          58          57
           3         114         119          56
           3          58          49          81
           3          57           5          49
           3          67         116          41
           3         115         107         116
           3          80          58          81
           3         114          56          58
           3          41           3          67
           3          40          35           3
           3          62          41         116
           3          40           3          41
           3          32           2           1
           3          28          77          29
           3          30         123         124
           3          29          77           1
           3          70          67           2
           3          82         115          67
           3          55          54          69
           3          54          82          70
           3         123          32          77
           3         125          76          69
           3         122          87          86
           3         126          76         125
           3         127         126          72
           3          72         126         128
           3         127         129         130
           3          60          59         128
           3          71         127          72
           3         131          61          60
           3          73          59          61
           3         132         133          61
           3          70          69          54
           3          25          15          92
           3          72          59          73
           3          72         128          59
           3          26          53          55
           3         122         134          52
           3          79          78          53
           3          31         125          69
           3          76          75          69
           3          30         125          31
           3         128         126         125
           3         128         124          60
           3          30          32         123
           3          78          86          53
           3          78         135         134
           3          52         134         121
           3          86          78         134
           3         134         122          86
           3          52         112         122
           3           2          31          70
           3           2          32          31
           3         128          30         124
           3         128         125          30
           3         132          61         131
           3          26         136          53
           3          84         137          85
           3          75          27          55
           3         136          11          79
           3          73          61         133
           3         126          94          76
           3          94         127         130
           3          55          27          26
           3          13         100         138
           3          53         136          79
           3         139         140         141
           3          90         136          26
           3          89         139         136
           3          75         100          27
           3          75          74         100
           3          95          94         130
           3          74          76          94
           3         129         127          71
           3          94         126         127
           3          73         133         101
           3          71         102         129
           3          71          73         102
           3          93          74          94
           3          99          93         142
           3          99          74          93
           3         100          13          27
           3         100          99         138
           3          13         138          14
           3          99         142         138
           3          90          25          92
           3          92          96          88
           3          88          96          98
           3         140          89          97
           3         143         139         141
           3          84         144         137
           3         143         141         144
           3          12          84          83
           3         143         144          84
           3          12         143          84
           3         139          89         140
           3          13          25          27
           3          92          88          90
           3         136          90          89
           3          26          25          90
           3          11         139         143
           3          11         136         139
           3          12          11         143
           3         145          10          12
           3         146          78          10
           1           2           3
           2           3           1
           3           1           2
           4           5           6
           5           6           4
           6           4           5
           7           8           9
           8           9           7
           9           7           8
          10          11          12
          11          12          10
          12          10          11
          13          14          15
          14          15          13
          15          13          14
          16          17          18
          17          18          16
          18          16          17
          19          20          21
          20          21          19
          21          19          20
          22          23          24
          23          24          22
          24          22          23
          25          26          27
          26          27          25
          27          25          26
          28          28          29
          29          29           8
          30           8          28
          31          31          32
          32          32          30
          33          30          31
          34          33          34
          35          34          16
          36          16          33
          37           1          35
          38          35          29
          39          29           1
          40          36          37
          41          37          18
          42          18          36
          43           9          38
          44          38          22
          45          22           9
          46           7          39
          47          39          37
          48          37           7
          49          41          42
          50          42          40
          51          40          41
          52          43          44
          53          44          39
          54          39          43
          55          45          46
          56          46          38
          57          38          45
          58           7          43
          59          47          48
          60          48          28
          61          28          47
          62           9          43
          63          47           8
          64           8          36
          65          36          47
          66          24          20
          67          19          24
          68           4          49
          69          49           5
          70          51          52
          71          52          50
          72          50          51
          73          54          55
          74          55          53
          75          53          54
          76          57          58
          77          58          56
          78          56          57
          79          60          61
          80          61          59
          81          59          60
          82          62          63
          83          63          41
          84          41          62
          85          65          66
          86          66          64
          87          64          65
          88          46          66
          89          66          38
          90           2          67
          91          67           3
          92           8          45
          93          45           9
          94           7          36
          95          35          46
          96          45          35
          97          29          45
          98          37          68
          99          68          18
         100          69          70
         101          70          31
         102          31          69
         103          72          73
         104          73          71
         105          71          72
         106          75          76
         107          76          74
         108          74          75
         109           1          77
         110          77          32
         111          32           1
         112          75          55
         113          55          69
         114          69          75
         115          78          79
         116          79          10
         117          10          78
         118          81          82
         119          82          80
         120          80          81
         121          84          85
         122          83          85
         123          83          84
         124          86          54
         125          53          86
         126          67          70
         127          70          82
         128          82          67
         129          87          54
         130          86          87
         131          89          90
         132          90          88
         133          88          89
         134          91          92
         135          92          15
         136          15          91
         137          94          95
         138          95          93
         139          93          94
         140          96          92
         141          91          96
         142          14          91
         143          97          89
         144          88          97
         145          79          11
         146          98          97
         147          88          98
         148          99         100
         149         100          74
         150          74          99
         151          15          25
         152          25          13
         153         101         102
         154         102          73
         155          73         101
         156          36          17
         157          17          47
         158          47          34
         159          48          34
         160          38          23
         161         103          77
         162          77          28
         163          28         103
         164          66          20
         165          20          23
         166          23          66
         167          35          40
         168          40          64
         169          64          35
         170          24         104
         171         104          22
         172          22          44
         173          43          22
         174          34          17
         175          39          68
         176         104          44
         177          65          20
         178          46          64
         179          19         105
         180         105          24
         181         105         104
         182          19         106
         183         106         105
         184         107         108
         185         108          62
         186          62         107
         187         108          63
         188         109          64
         189          40         109
         190          21         106
         191         110         111
         192         111         107
         193         107         110
         194         113         114
         195         114         112
         196         112         113
         197           4         115
         198         115          49
         199         110           4
         200           6         110
         201         107         115
         202           4         107
         203         115         116
         204         116          67
         205          67         115
         206         111         108
         207         109          65
         208          42         109
         209           3          35
         210          63          42
         211         113          51
         212          51         117
         213         117         113
         214         119         113
         215         113         118
         216         118         119
         217         117         118
         218         120          51
         219          50         120
         220         120         117
         221          52         121
         222          50         121
         223         114          80
         224          80         112
         225          80          87
         226          87         112
         227          82          87
         228          82          54
         229          62         116
         230         116         107
         231         115          82
         232          81         115
         233          81          49
         234          87         122
         235         122         112
         236          58          80
         237         114          58
         238         112          52
         239          51         112
         240         119         114
         241          57          49
         242          49          58
         243         119          56
         244          56         114
         245          81          58
         246          57           5
         247         116          41
         248          41          67
         249          41           3
         250           3          40
         251          32           2
         252          77          29
         253         124         123
         254         124          30
         255          30         123
         256           2          70
         257          54          69
         258          70          54
         259          77         123
         260         123          32
         261          76          69
         262          69         125
         263         125          76
         264          86         122
         265         125         126
         266         126          76
         267         126          72
         268          72         127
         269         127         126
         270         126         128
         271         128          72
         272         129         130
         273         130         127
         274         127         129
         275          59         128
         276         128          60
         277          71         127
         278          60         131
         279         131          61
         280          61          73
         281          73          59
         282         133          61
         283          61         132
         284         132         133
         285          92          25
         286          72          59
         287          55          26
         288          26          53
         289         134          52
         290          52         122
         291         122         134
         292          78          53
         293          53          79
         294          31         125
         295          30         125
         296         125         128
         297          60         124
         298         128         124
         299          78          86
         300         134         135
         301         134          78
         302          78         135
         303         134         121
         304         134          86
         305           2          31
         306         128          30
         307         131         132
         308         136          53
         309          26         136
         310         137          85
         311          84         137
         312          27          55
         313          75          27
         314          79         136
         315         136          11
         316         133          73
         317          94          76
         318         126          94
         319         130          94
         320          94         127
         321         100         138
         322         138          13
         323          13         100
         324         140         141
         325         141         139
         326         139         140
         327          26          90
         328          90         136
         329         139         136
         330         136          89
         331          89         139
         332         100          27
         333          75         100
         334         130          95
         335          94          74
         336          71         129
         337         133         101
         338         102         129
         339          71         102
         340          93          74
         341          93         142
         342         142          99
         343          99          93
         344          13          27
         345          99         138
         346         138          14
         347         142         138
         348          92          90
         349          90          25
         350          96          88
         351          88          92
         352          96          98
         353          97         140
         354         140          89
         355         141         143
         356         143         139
         357         144         137
         358          84         144
         359         141         144
         360         144         143
         361          83          12
         362          12          84
         363          84         143
         364          12         143
         365         143          11
         366          11         139
         367         145          12
         368         145          10
         369         146          10
         370          78         146
