       4387       2725       1656         32         12          2          1          1          0          0          0          0          0          0          0          0          0          0
 local to global mapping:
         230
           1           1
           2          12
           3          14
           4          15
           5          16
           6          20
           7          21
           8          69
           9          70
          10          71
          11          73
          12          74
          13          75
          14          76
          15          78
          16          79
          17          80
          18          81
          19          84
          20          87
          21          88
          22          89
          23          95
          24          96
          25          97
          26          98
          27          99
          28         100
          29         102
          30         140
          31         147
          32         148
          33         149
          34         151
          35         271
          36         297
          37         299
          38         303
          39         305
          40         308
          41         309
          42         310
          43         311
          44         312
          45         313
          46         314
          47         315
          48         316
          49         317
          50         318
          51         319
          52         320
          53         321
          54         322
          55         323
          56         324
          57         325
          58         326
          59         327
          60         328
          61         330
          62         331
          63         332
          64         333
          65         334
          66         337
          67         339
          68         340
          69         365
          70         404
          71         405
          72         415
          73         416
          74         419
          75         421
          76         422
          77        1214
          78        1215
          79        1216
          80        1217
          81        1221
          82        1222
          83        1223
          84        1224
          85        1225
          86        1228
          87        1230
          88        1256
          89        1257
          90        1258
          91        1260
          92        1261
          93        1262
          94        1264
          95        1265
          96        1266
          97        1267
          98        1268
          99        1269
         100        1270
         101        1271
         102        1272
         103        1273
         104        1274
         105        1275
         106        1276
         107        1277
         108        1278
         109        1279
         110        1280
         111        1281
         112        1282
         113        1283
         114        1284
         115        1285
         116        1286
         117        1287
         118        1288
         119        1289
         120        1290
         121        1291
         122        1292
         123        1293
         124        1294
         125        1295
         126        1296
         127        1297
         128        1298
         129        1299
         130        1300
         131        1301
         132        1302
         133        1303
         134        1304
         135        1305
         136        1306
         137        1307
         138        1308
         139        1309
         140        1310
         141        1311
         142        1312
         143        1313
         144        1314
         145        1315
         146        1316
         147        1317
         148        1318
         149        1319
         150        1320
         151        1321
         152        1322
         153        1323
         154        1324
         155        1325
         156        1326
         157        1327
         158        1328
         159        1329
         160        1330
         161        1331
         162        1332
         163        1333
         164        1334
         165        1335
         166        1336
         167        1337
         168        1338
         169        1340
         170        1341
         171        1342
         172        1343
         173        1344
         174        1346
         175        1347
         176        1348
         177        1349
         178        1443
         179        1447
         180        1448
         181        1449
         182        1456
         183        1457
         184        1594
         185        1595
         186        1596
         187        1597
         188        1598
         189        1599
         190        1600
         191        1601
         192        1602
         193        1603
         194        1604
         195        1605
         196        1606
         197        1607
         198        1638
         199        1639
         200        1640
         201        1641
         202        1642
         203        1643
         204        1644
         205        1645
         206        1646
         207        1647
         208        1648
         209        1649
         210        1650
         211        1651
         212        1652
         213        1653
         214        1654
         215        1655
         216        1656
         217        1657
         218        1658
         219        1659
         220        1660
         221        1661
         222        1662
         223        1663
         224        1664
         225        1665
         226        1666
         227        1667
         228        1669
         229        1670
         230        1724
         150
           1         741
           2         750
           3         754
           4         679
           5         650
           6         676
           7         644
           8         672
           9         643
          10         727
          11         729
          12         686
          13         675
          14         659
          15         742
          16         751
          17         736
          18         739
          19         752
          20         764
          21         768
          22         662
          23         688
          24         687
          25         753
          26         740
          27         728
          28         767
          29         769
          30         723
          31         735
          32         722
          33         706
          34         642
          35         619
          36         641
          37         660
          38         622
          39         645
          40         621
          41         638
          42         667
          43         668
          44         690
          45         691
          46         711
          47         715
          48         717
          49         623
          50         599
          51         598
          52         649
          53         624
          54         697
          55         712
          56         700
          57         693
          58         720
          59         719
          60         731
          61         730
          62         732
          63         639
          64         616
          65         637
          66         640
          67         669
          68         590
          69         612
          70         613
          71         680
          72         655
          73         681
          74         747
          75         725
          76         724
          77         710
          78         685
          79         704
          80         718
          81         755
          82         770
          83         756
          84         785
          85         734
          86         714
          87         713
          88         620
          89         670
          90         671
          91         721
          92         708
          93         709
          94         689
          95         674
          96         696
          97         695
          98         694
          99         666
         100         665
         101         633
         102         634
         103         618
         104         673
         105         617
         106         716
         107         701
         108         654
         109         682
         110         703
         111         683
         112         698
         113         678
         114         699
         115         738
         116         737
         117         726
         118         744
         119         743
         120         733
         121         786
         122         771
         123         707
         124         705
         125         702
         126         692
         127         648
         128         646
         129         647
         130         658
         131         661
         132         628
         133         627
         134         626
         135         608
         136         664
         137         663
         138         597
         139         596
         140         595
         141         615
         142         651
         143         625
         144         652
         145         653
         146         677
         147         684
         148         656
         149         657
         150         589
         379
           1           1
           2           2
           3           3
           4          34
           5          35
           6          36
           7          40
           8          41
           9          42
          10          43
          11          44
          12          45
          13          46
          14          47
          15          48
          16          58
          17          59
          18          60
          19          61
          20          62
          21         199
          22         200
          23         201
          24         202
          25         203
          26         204
          27         205
          28         206
          29         207
          30         211
          31         212
          32         213
          33         214
          34         215
          35         216
          36         217
          37         218
          38         219
          39         220
          40         221
          41         225
          42         226
          43         227
          44         228
          45         229
          46         230
          47         231
          48         232
          49         233
          50         234
          51         235
          52         242
          53         243
          54         244
          55         251
          56         252
          57         253
          58         254
          59         255
          60         256
          61         257
          62         258
          63         259
          64         274
          65         275
          66         276
          67         277
          68         278
          69         279
          70         280
          71         281
          72         282
          73         283
          74         284
          75         285
          76         286
          77         287
          78         288
          79         289
          80         290
          81         294
          82         295
          83         402
          84         403
          85         404
          86         422
          87         423
          88         424
          89         425
          90         426
          91         427
          92         428
          93         429
          94         433
          95         434
          96         435
          97         742
          98         743
          99         812
         100         813
         101         817
         102         818
         103         819
         104         828
         105         829
         106         830
         107         834
         108         835
         109         836
         110         842
         111         843
         112         844
         113         845
         114         846
         115         847
         116         848
         117         849
         118         850
         119         851
         120         852
         121         853
         122         854
         123         855
         124         856
         125         857
         126         858
         127         859
         128         860
         129         861
         130         862
         131         863
         132         864
         133         865
         134         866
         135         867
         136         868
         137         869
         138         870
         139         871
         140         872
         141         873
         142         874
         143         875
         144         876
         145         877
         146         878
         147         879
         148         880
         149         881
         150         885
         151         886
         152         887
         153         888
         154         889
         155         890
         156         891
         157         892
         158         893
         159         894
         160         895
         161         896
         162         903
         163         904
         164         905
         165         909
         166         910
         167         911
         168         912
         169         913
         170         972
         171         973
         172        1068
         173        1069
         174        1070
         175        1071
         176        1095
         177        1096
         178        1097
         179        1098
         180        1099
         181        1105
         182        1106
         183        1107
         184        1111
         185        1112
         186        1113
         187        1114
         188        2488
         189        2489
         190        2490
         191        2491
         192        2492
         193        2493
         194        2494
         195        2495
         196        2501
         197         822
         198        2506
         199        2507
         200        2527
         201        2528
         202        2529
         203        2530
         204        2531
         205        2532
         206        2536
         207        2537
         208        2538
         209        2539
         210        2540
         211        2502
         212        2535
         213        2534
         214        2542
         215        2543
         216        2544
         217        2545
         218        2546
         219        2547
         220        2548
         221        2549
         222        2550
         223        2551
         224        2552
         225        2553
         226        2554
         227        2555
         228        2556
         229        2557
         230        2558
         231        2559
         232        2560
         233        2561
         234        2562
         235        2563
         236        2564
         237        2565
         238        2566
         239        2567
         240        2568
         241        2569
         242        2570
         243        2571
         244        2572
         245        2573
         246        2574
         247        2575
         248        2576
         249        2577
         250        2578
         251        2579
         252        2580
         253        2581
         254        2582
         255        2583
         256        2584
         257        2585
         258        2586
         259        2587
         260        2588
         261        2589
         262        2590
         263        2591
         264        2592
         265        2593
         266        2594
         267        2595
         268        2596
         269        2597
         270        2598
         271        2599
         272        2600
         273        2601
         274        2602
         275        2603
         276        2604
         277        2605
         278        2606
         279        2607
         280        2608
         281        2609
         282        2610
         283        2611
         284        2612
         285        2613
         286        2614
         287        2615
         288        2616
         289        2617
         290        2618
         291        2619
         292        2620
         293        2621
         294        2622
         295        2623
         296        2624
         297        2625
         298        2626
         299        2627
         300        2628
         301        2629
         302        2630
         303        2631
         304        2634
         305        2635
         306        2636
         307        2637
         308         897
         309        2639
         310        2640
         311        2644
         312         931
         313        2770
         314        2771
         315        2775
         316        2642
         317        2780
         318        2781
         319        2998
         320        2999
         321        3000
         322        3001
         323        3002
         324        3003
         325        3004
         326        3005
         327        2991
         328        3006
         329        3007
         330        3008
         331        3009
         332        3010
         333        3011
         334        3012
         335        3013
         336        3014
         337        3015
         338        3016
         339        3017
         340        3044
         341        3045
         342        3046
         343        3047
         344        3048
         345        3049
         346        3050
         347        3051
         348        3052
         349        3053
         350        3054
         351        3055
         352        3056
         353        3057
         354        3058
         355        3059
         356        3060
         357        3061
         358        3062
         359        3063
         360        3064
         361        3065
         362        3066
         363        3067
         364        3068
         365        3069
         366        3070
         367        3071
         368        3072
         369        3073
         370        3074
         371        3075
         372        3076
         373        3077
         374        3080
         375        3081
         376        3082
         377        3083
         378        3147
         379        3157
 Header:
       2000          2          1           0.00           0.00
        48  0.9000000E+03      3     32     12    0.99999998E-02    0.20000000E+03    0.10000000E+02    0.00000000E+00    0.99999997E-04   2
  -1800.00000    
  -1600.00000    
  -1400.00000    
  -1200.00000    
  -1000.00000    
  -800.000000    
  -600.000000    
  -400.000000    
  -300.000000    
  -260.000000    
  -230.000000    
  -1.00000000    
 -0.949999988    
 -0.899999976    
 -0.850000024    
 -0.800000012    
 -0.750000000    
 -0.699999988    
 -0.649999976    
 -0.600000024    
 -0.550000012    
 -0.500000000    
 -0.449999988    
 -0.400000006    
 -0.349999994    
 -0.300000012    
 -0.250000000    
 -0.200000003    
 -0.150000006    
 -0.100000001    
  -5.00000007E-02
   0.00000000    
         150         230
   34.543366002900001        28.202209817600000        1063.55737               4
   34.519005884800002        28.175818965300000        1106.01758               4
   34.552509590100001        28.162446747799997        650.982666               6
   34.647185312399998        28.246016170000001        161.597672              12
   34.659274625199998        28.262662632399998        47.5058250              12
   34.636416570700007        28.273466747600001        539.219849               7
   34.409524179799995        28.279064241200000        5.00000000              12
   34.428734206300000        28.282076909600004        89.9390335              12
   34.409394731600003        28.293127223800003        12.4346266              12
   34.549702680099998        28.245147343900001        963.116760               5
   34.576059302499999        28.214152712400001        939.052734               5
   34.435647609800000        28.228509757300003        87.7761917              12
   34.428794902599996        28.244501605400000        79.8689651              12
   34.413518647899998        28.235255311799996        9.65949440              12
   34.577581709900002        28.182361629500001        657.038452               6
   34.493850509500000        28.163736415700001        827.042419               5
   34.476210963299998        28.174707829799999        410.344238               7
   34.470196897299999        28.160976185699997        430.201477               7
   34.462741029900002        28.131291902400001        279.573029               9
   34.468139014700007        28.115487454499998        456.425232               7
   34.490019561399997        28.124988866499997        1020.39703               4
   34.439199703699991        28.196519360400004        5.00000000              12
   34.446064413700000        28.192082276000001        5.00000000              12
   34.448424585399998        28.203156451600002        5.00000000              12
   34.483365013700002        28.145354696300004        853.392212               5
   34.462119101600003        28.148026736100000        161.816971              12
   34.512884104699999        28.229727387099999        980.822937               5
   34.516690981799989        28.144337715600006        1025.15942               4
   34.544632587000002        28.131809443300000        424.300598               7
   34.469606967600008        28.188112093800001        195.443436              12
   34.491330380000001        28.183959353300001        580.080994               7
   34.481845189200001        28.199438942400004        424.740417               7
   34.465133025199997        28.204431793799998        126.868019              12
   34.456249708000001        28.347988261499999        208.567963              11
   34.436517600999998        28.353367600799999        5.00000000              12
   34.440562952400008        28.335168333199995        48.1067810              12
   34.416071722900000        28.221681089800004        10.0926132              12
   34.409691284100006        28.308047108099995        8.81842327              12
   34.430907934399997        28.318133652800004        92.4877777              12
   34.412140858100003        28.322349419399995        5.00000000              12
   34.655661701499994        28.376493244399999        1063.32654               4
   34.605897409199997        28.374000509900004        976.669312               5
   34.642250145600002        28.339581790499999        857.436707               5
   34.551270578000000        28.353911380800000        846.419067               5
   34.512080924699994        28.334105937000004        845.399963               5
   34.546945190199999        28.298087474200003        906.042114               5
   34.591472486100002        28.238252263200000        1018.53162               4
   34.608075897100001        28.215455768100000        722.755859               6
   34.679739787700001        28.295347361200005        11.9372835              12
   34.692747445499997        28.288096721799999        5.00000000              12
   34.699517362699993        28.301762395800001        5.00000000              12
   34.663556690599997        28.282432611699999        121.154083              12
   34.684286095200001        28.275712147499995        5.00000000              12
   34.614974613499996        28.256697112999998        849.429932               5
   34.580132981299997        28.264363214699998        1011.99652               4
   34.623487850700002        28.233236928900002        619.036560               6
   34.600420931700000        28.289008873499998        975.662170               5
   34.627498621299999        28.160300530600001        12.1272020              12
   34.626487487600002        28.173038706800000        81.0619965              12
   34.607122764300001        28.170638232599998        238.276718              10
   34.601812741800003        28.193758072999998        608.813965               6
   34.614876604700001        28.152986153400001        19.3242702              12
   34.673597298099999        28.329191663700005        330.755737               8
   34.695617536400000        28.330061677500002        151.406876              12
   34.679878557599999        28.350876930899997        596.229370               7
   34.662642185000010        28.309876728699994        242.574829              10
   34.633968519500002        28.302783189800000        729.194580               6
   34.720431042199998        28.346520235399996        40.1930618              12
   34.705167891099997        28.359474032400001        246.351624              10
   34.703285011600002        28.343992502799999        231.457520              10
   34.650610116800003        28.210306898999995        20.0932369              12
   34.662928297999997        28.218354549799997        5.00000000              12
   34.647706289100000        28.226369192700005        108.293076              12
   34.444521152800000        28.116297582000001        13.0576534              12
   34.451670631900001        28.161609839699999        58.3466606              12
   34.460277488700001        28.174840917400001        152.612274              12
   34.450080148799998        28.172181481900001        24.3968582              12
   34.441045813400002        28.213638942599999        9.07585239              12
   34.454421272099999        28.216707056699999        82.2420273              12
   34.617746793800002        28.183895609800004        315.153198               8
   34.574575030100000        28.139549613800000        26.1649265              12
   34.566925814100003        28.122433768000000        6.32506752              12
   34.589975829099998        28.122044573900002        5.00000000              12
   34.519280879900002        28.110201378599996        979.701660               5
   34.505539227400000        28.202291360800000        907.985779               5
   34.479968490499999        28.245934438399999        833.659668               5
   34.506951868199998        28.267754207699998        899.104370               5
   34.421077762000010        28.338986491600000        9.76507187              12
   34.458078864400001        28.321817627100000        360.798676               8
   34.479610657400009        28.333082720899998        799.274292               6
   34.480318069200003        28.218908559399999        632.914429               6
   34.454077963499998        28.185829590800004        21.1973743              12
   34.447320923600003        28.179927488300002        7.63871050              12
   34.441950591599998        28.185927633899997        5.00000000              12
   34.433331866899998        28.262890310399996        144.017456              12
   34.449232974499999        28.248365743599997        347.550385               8
   34.463033983300001        28.273677876899999        559.199768               7
   34.490994413099997        28.302149806700005        782.297302               6
   34.481197837800003        28.356336386700001        776.895508               6
   34.506118274999999        28.370125879300002        815.079468               5
   34.472904656700003        28.383108586599999        357.775726               8
   34.460895008599998        28.366733315800005        267.418182               9
   34.442889930999996        28.367041966000002        17.4455528              12
   34.451328621199998        28.299248626900003        336.357239               8
   34.686393606800003        28.313383766600001        24.2792530              12
   34.623439774300003        28.199496346800000        347.312683               8
   34.632208852500000        28.215333816800001        353.119812               8
   34.668809945100001        28.232559721299999        5.00000000              12
   34.639163193700000        28.183467591100001        44.9847298              12
   34.635140358000001        28.176944240699999        39.4070778              12
   34.646405419200001        28.179174853400003        5.00000000              12
   34.638442348700003        28.193647122400002        129.746643              12
   34.650781738400006        28.199546752300002        16.6783829              12
   34.639308660799998        28.203681223500002        134.374329              12
   34.443907642300005        28.129522135299997        5.19090176              12
   34.443883399299999        28.141811349299999        5.73839188              12
   34.449577484899997        28.152314307600005        7.11520052              12
   34.593841812999997        28.134569784200000        5.00000000              12
   34.589917486200008        28.155659320599998        106.467987              12
   34.609376873000002        28.141659896000000        5.00000000              12
   34.554145178200002        28.106315780499997        220.291611              11
   34.577245181700007        28.111206481899995        6.08375835              12
   34.456545883399997        28.195120261699998        19.4912567              12
   34.459553709300003        28.231949769800003        436.073334               7
   34.630059798700003        28.185916282200001        157.259781              12
   34.594815701300000        28.326799876999999        973.503235               5
   34.415498545600002        28.254925865600004        7.17658377              12
   34.426696585499997        28.300245314499996        84.4363327              12
   34.411023963100000        28.268305164600001        6.49738741              12
   34.429856144200002        28.214820753299996        8.64829922              12
   34.436677439199997        28.204850654299996        5.00000000              12
   34.431413960999997        28.197136526600008        5.00000000              12
   34.427386322799997        28.203631553600005        5.00000000              12
   34.421181905300003        28.210895628800003        5.00000000              12
   34.447475221500000        28.382393990299999        30.1331120              12
   34.525984104800003        28.393852435800000        718.093201               6
   34.563887269999995        28.398962199600000        789.625183               6
   34.704499040899996        28.314932774700004        7.84066391              12
   34.709566424900004        28.323689229599996        28.5594215              12
   34.715250171999990        28.334230706099998        51.5134392              12
   34.688190764300003        28.376172517500002        716.375854               6
   34.673345828499997        28.246371882599998        5.00000000              12
   34.678597112200002        28.262704224099998        5.00000000              12
   34.659718503100009        28.209629892500004        5.00000000              12
   34.660829278900003        28.202653206000004        5.00000000              12
   34.645756436799999        28.187582864799996        10.6551018              12
   34.643904057900002        28.171425127999999        5.00000000              12
   34.652730951100004        28.173122888000002        5.00000000              12
   34.653725123100003        28.165073605399996        5.00000000              12
   34.723927072199999        28.360069249999999        22.3140545              12
           3           1           2           3
           3           4           5           6
           3           7           8           9
           3          10           1          11
           3          12          13          14
           3           3          15           1
           3          16          17          18
           3          19          20          21
           3          22          23          24
           3          19          25          26
           3          10          27           1
           3          16          25          28
           3          29           3          28
           3          30          17          31
           3          32          33          30
           3          34          35          36
           3          14          37          12
           3          38          39          40
           3          41          42          43
           3          44          45          46
           3          47          11          48
           3          49          50          51
           3          49          52          53
           3          54          55          47
           3          47          56          54
           3          54           6          57
           3          58          59          60
           3          61          11          15
           3          62          58          60
           3          63          64          65
           3          52          66          67
           3          68          69          70
           3          64          70          65
           3          71          72          73
           3          28           2          16
           3          20          19          74
           3          75          76          77
           3          12          78          79
           3          61          60          80
           3          28           3           2
           3          81          82          83
           3          21          28          25
           3          84          29          28
           3          31          16           2
           3          18          26          25
           3           1          85           2
           3          76          75          18
           3          16          31          17
           3          86          27          87
           3          57          55          54
           3          39          88          40
           3          89          90          34
           3          27          91          85
           3           2          85          31
           3           1          27          85
           3          76          92          93
           3          32          30          31
           3          94          92          23
           3          76          17          30
           3          95          13          96
           3          96          13          12
           3           8          95          97
           3          36          88          39
           3          87          46          98
           3          99         100         101
           3          34         102         103
           3         104          89          39
           3          90          99          34
           3         100          45          44
           3          51         105          49
           3          43          67          66
           3          48         106         107
           3         108          73          72
           3         109         110         111
           3          59          80          60
           3         112         113         114
           3         115          19         116
           3          26          18          75
           3          26         117         116
           3          26          75         117
           3          21          25          19
           3         116          19          26
           3         115          74          19
           3          16          18          25
           3          17          76          18
           3          84          28          21
           3          81          83         118
           3         119         118         120
           3          60         119          62
           3          62         119         120
           3          15         119          60
           3          81          29          82
           3         118         119          81
           3         121          82          29
           3         122          83          82
           3           3          81         119
           3           3          29          81
           3          24          23         123
           3         123          92          30
           3          79          91         124
           3          33          32          91
           3         123          30          33
           3          92          76          30
           3          79          78          24
           3          23          92         123
           3           1          15          11
           3           3         119          15
           3          60          61          15
           3          48         107          56
           3          80         106          61
           3         112         125         109
           3          61          48          11
           3          61         106          48
           3          85          32          31
           3          85          91          32
           3          47          10          11
           3          55          46          10
           3          56          47          48
           3          55          10          47
           3           4          54          56
           3           6          67          57
           3          43         126          67
           3          45          90          98
           3          57          46          55
           3         126          43          42
           3          96          86          97
           3          46          45          98
           3          10          87          27
           3          10          46          87
           3          86         124          91
           3          89          98          90
           3          27          86          91
           3          87          98          97
           3         127          13          95
           3          86          87          97
           3         128           8         104
           3          97          98         104
           3          86          96         124
           3          95         129         127
           3         130          78          12
           3         124          96          12
           3          33          79          24
           3          12          37         130
           3          91          79          33
           3         124          12          79
           3          33          24         123
           3          78         131          24
           3          94          93          92
           3          77          76          93
           3         132          22         131
           3         133         131         130
           3          22          24         131
           3         134         130          37
           3         131          78         130
           3         134         133         130
           3         132         131         133
           3          14          13         127
           3          95           8         129
           3          97          95          96
           3          97         104           8
           3          39         128         104
           3           7         129           8
           3          38         128          39
           3           9           8         128
           3           9         128          38
           3          36          35          88
           3          34         103          35
           3         102         135         103
           3          39          89          36
           3         104          98          89
           3          57         126          46
           3         100          99          45
           3          45          99          90
           3         102         101         135
           3         102          99         101
           3          89          34          36
           3          99         102          34
           3         136         100          44
           3          44         126          42
           3          46         126          44
           3          57          67         126
           3          44          42         137
           3          43          65          41
           3          51         138         105
           3         139         140          64
           3          65          70          69
           3          70         140          68
           3          65          69         141
           3          70          64         140
           3         105          64          63
           3         138         139          64
           3          67           6          52
           3          53          50          49
           3          49         105          66
           3         138          64         105
           3          41          65         141
           3          43          66          63
           3         107          73          56
           3         125         106          80
           3           4           6          54
           3          52          49          66
           3         108           4          73
           3           4          56          73
           3         114          71         107
           3          73         107          71
           3         108         142           4
           3         142           5           4
           3           5          52           6
           3           5         143          52
           3          43          63          65
           3          66         105          63
           3         142         143           5
           3          53          52         143
           3         144          71         145
           3         145          71         113
           3          72          71         144
           3          71         114         113
           3         107         106         114
           3         113         112         146
           3         114         106         112
           3         106         125         112
           3          80          59         125
           3         146         109         111
           3         125          59         110
           3         112         109         146
           3         125         110         109
           3         110         147         111
           3         111         147         148
           3         147         149         148
           3          68         150          69
           1           2           3
           2           3           1
           3           1           2
           4           5           6
           5           6           4
           6           4           5
           7           8           9
           8           9           7
           9           7           8
          10           1          11
          11          11          10
          12          10           1
          13          13          14
          14          14          12
          15          12          13
          16          15           1
          17           3          15
          18          17          18
          19          18          16
          20          16          17
          21          20          21
          22          21          19
          23          19          20
          24          23          24
          25          24          22
          26          22          23
          27          25          26
          28          26          19
          29          19          25
          30          27           1
          31          10          27
          32          25          28
          33          28          16
          34          16          25
          35           3          28
          36          28          29
          37          29           3
          38          17          31
          39          31          30
          40          30          17
          41          33          30
          42          30          32
          43          32          33
          44          35          36
          45          36          34
          46          34          35
          47          37          12
          48          14          37
          49          39          40
          50          40          38
          51          38          39
          52          42          43
          53          43          41
          54          41          42
          55          45          46
          56          46          44
          57          44          45
          58          11          48
          59          48          47
          60          47          11
          61          50          51
          62          51          49
          63          49          50
          64          52          53
          65          53          49
          66          49          52
          67          55          47
          68          47          54
          69          54          55
          70          56          54
          71          47          56
          72           6          57
          73          57          54
          74          54           6
          75          59          60
          76          60          58
          77          58          59
          78          11          15
          79          15          61
          80          61          11
          81          60          62
          82          62          58
          83          64          65
          84          65          63
          85          63          64
          86          66          67
          87          67          52
          88          52          66
          89          69          70
          90          70          68
          91          68          69
          92          70          65
          93          64          70
          94          72          73
          95          73          71
          96          71          72
          97           2          16
          98          28           2
          99          19          74
         100          74          20
         101          76          77
         102          77          75
         103          75          76
         104          78          79
         105          79          12
         106          12          78
         107          60          80
         108          80          61
         109          61          60
         110          82          83
         111          83          81
         112          81          82
         113          25          21
         114          21          28
         115          28          84
         116          84          29
         117           2          31
         118          31          16
         119          25          18
         120          18          26
         121          85           2
         122           1          85
         123          75          18
         124          18          76
         125          27          87
         126          87          86
         127          86          27
         128          57          55
         129          88          40
         130          39          88
         131          90          34
         132          34          89
         133          89          90
         134          91          85
         135          85          27
         136          27          91
         137          85          31
         138          92          93
         139          93          76
         140          76          92
         141          31          32
         142          92          23
         143          23          94
         144          94          92
         145          30          76
         146          76          17
         147          13          96
         148          96          95
         149          95          13
         150          12          96
         151          95          97
         152          97           8
         153           8          95
         154          39          36
         155          36          88
         156          46          98
         157          98          87
         158          87          46
         159         100         101
         160         101          99
         161          99         100
         162         102         103
         163         103          34
         164          34         102
         165          89          39
         166          39         104
         167         104          89
         168          99          34
         169          90          99
         170          44         100
         171         100          45
         172         105          49
         173          51         105
         174          66          43
         175          43          67
         176         106         107
         177         107          48
         178          48         106
         179          72         108
         180         108          73
         181         110         111
         182         111         109
         183         109         110
         184          59          80
         185         113         114
         186         114         112
         187         112         113
         188          19         116
         189         116         115
         190         115          19
         191          75          26
         192         117         116
         193         116          26
         194          26         117
         195          75         117
         196         115          74
         197          84          21
         198          83         118
         199         118          81
         200         118         120
         201         120         119
         202         119         118
         203         119          62
         204          60         119
         205         120          62
         206          60          15
         207          15         119
         208          29          82
         209          81          29
         210         119          81
         211         121          29
         212          82         121
         213         122          82
         214         122          83
         215         119           3
         216           3          81
         217          23         123
         218         123          24
         219          92          30
         220          30         123
         221         123          92
         222          91         124
         223         124          79
         224          79          91
         225          32          91
         226          91          33
         227          33         123
         228          78          24
         229          24          79
         230         107          56
         231          56          48
         232         106          61
         233          80         106
         234         125         109
         235         109         112
         236         112         125
         237          61          48
         238          85          32
         239          47          10
         240          46          10
         241          10          55
         242          55          46
         243          56           4
         244           4          54
         245          67          57
         246           6          67
         247         126          67
         248          43         126
         249          90          98
         250          98          45
         251          45          90
         252          57          46
         253          42         126
         254          86          97
         255          97          96
         256          96          86
         257          10          87
         258          91          86
         259          86         124
         260          89          98
         261          98          97
         262          97          87
         263          95         127
         264         127          13
         265           8         104
         266         104         128
         267         128           8
         268          98         104
         269         104          97
         270          96         124
         271         129         127
         272          95         129
         273          12         130
         274         130          78
         275          12         124
         276          24          33
         277          33          79
         278          37         130
         279         131          24
         280          78         131
         281          94          93
         282          93          77
         283          22         131
         284         131         132
         285         132          22
         286         131         130
         287         130         133
         288         133         131
         289          37         134
         290         134         130
         291         134         133
         292         133         132
         293         127          14
         294           8         129
         295          39         128
         296           7         129
         297          38         128
         298         128           9
         299          38           9
         300          35          88
         301         103          35
         302         135         103
         303         102         135
         304          89          36
         305         126          46
         306          57         126
         307          99          45
         308         135         101
         309         102         101
         310         102          99
         311         136          44
         312         100         136
         313          42          44
         314          44         126
         315         137          42
         316          44         137
         317          65          41
         318          43          65
         319         138         105
         320          51         138
         321         140          64
         322          64         139
         323         139         140
         324          69          65
         325         140          68
         326          70         140
         327         141          69
         328         141          65
         329          63         105
         330         105          64
         331          64         138
         332         138         139
         333           6          52
         334          53          50
         335         105          66
         336          66          49
         337         141          41
         338          66          63
         339          63          43
         340          73          56
         341         107          73
         342          80         125
         343         125         106
         344           4          73
         345         108           4
         346          71         107
         347         107         114
         348         114          71
         349         142           4
         350         108         142
         351         142           5
         352           5          52
         353         143          52
         354           5         143
         355         142         143
         356         143          53
         357          71         145
         358         145         144
         359         144          71
         360          71         113
         361         113         145
         362         144          72
         363         106         114
         364         112         146
         365         146         113
         366         106         112
         367          59         125
         368         111         146
         369         146         109
         370          59         110
         371         110         125
         372         147         111
         373         110         147
         374         147         148
         375         148         111
         376         149         148
         377         147         149
         378          69         150
         379          68         150
