       4387       2725       1656         32         12          2          1          1          0          0          0          0          0          0          0          0          0          0
 local to global mapping:
         226
           1          13
           2          55
           3          57
           4          59
           5          62
           6          63
           7         150
           8         154
           9         156
          10         200
          11         204
          12         205
          13         207
          14         229
          15         230
          16         235
          17         236
          18         245
          19         246
          20         255
          21         256
          22         257
          23         258
          24         260
          25         265
          26         287
          27         420
          28         423
          29         424
          30         425
          31         426
          32         427
          33         428
          34         429
          35         430
          36         431
          37         432
          38         433
          39         610
          40         611
          41         612
          42         613
          43         616
          44         617
          45         618
          46         619
          47         620
          48         641
          49         642
          50         643
          51         645
          52         646
          53         647
          54         654
          55         812
          56         825
          57         827
          58         829
          59         832
          60         835
          61         836
          62         837
          63         845
          64         851
          65         853
          66         881
          67         882
          68         883
          69         885
          70         886
          71         921
          72         924
          73         925
          74         926
          75         927
          76         930
          77         931
          78         932
          79         933
          80         936
          81        1003
          82        1004
          83        1005
          84        1006
          85        1007
          86        1008
          87        1009
          88        1023
          89        1026
          90        1027
          91        1028
          92        1029
          93        1030
          94        1031
          95        1032
          96        1033
          97        1034
          98        1035
          99        1036
         100        1037
         101        1038
         102        1039
         103        1040
         104        1041
         105        1042
         106        1043
         107        1044
         108        1045
         109        1046
         110        1047
         111        1122
         112        1127
         113        1128
         114        1130
         115        1253
         116        1668
         117        1671
         118        1672
         119        1673
         120        1674
         121        1675
         122        1676
         123        1677
         124        1678
         125        1679
         126        1680
         127        1681
         128        1682
         129        1683
         130        1684
         131        1685
         132        1686
         133        1687
         134        1688
         135        1689
         136        1690
         137        1691
         138        1692
         139        1693
         140        1694
         141        1695
         142        1696
         143        1697
         144        1698
         145        1699
         146        1700
         147        1701
         148        1702
         149        1703
         150        1704
         151        1705
         152        1706
         153        1707
         154        1708
         155        1709
         156        1710
         157        1711
         158        1712
         159        1713
         160        1714
         161        1715
         162        1716
         163        2361
         164        2366
         165        2367
         166        2368
         167        2369
         168        2370
         169        2371
         170        2372
         171        2373
         172        2374
         173        2375
         174        2376
         175        2377
         176        2378
         177        2379
         178        2388
         179        2389
         180        2390
         181        2391
         182        2392
         183        2393
         184        2394
         185        2395
         186        2396
         187        2397
         188        2398
         189        2399
         190        2400
         191        2401
         192        2402
         193        2403
         194        2404
         195        2405
         196        2406
         197        2407
         198        2408
         199        2409
         200        2410
         201        2411
         202        2412
         203        2413
         204        2414
         205        2415
         206        2417
         207        2418
         208        2419
         209        2421
         210        2428
         211        2430
         212        2501
         213        2505
         214        2506
         215        2507
         216        2508
         217        2509
         218        2510
         219        2511
         220        2512
         221        2513
         222        2514
         223        2515
         224        2516
         225        2520
         226        2525
         160
           1        1213
           2        1158
           3        1212
           4        1338
           5        1376
           6        1337
           7        1278
           8        1243
           9        1279
          10        1155
          11        1086
          12        1092
          13        1159
          14        1210
          15        1211
          16        1255
          17        1240
          18        1194
          19        1242
          20         999
          21         997
          22        1056
          23        1239
          24        1192
          25        1292
          26        1289
          27        1259
          28        1261
          29        1219
          30        1166
          31        1167
          32        1256
          33        1288
          34        1214
          35        1209
          36        1254
          37        1093
          38        1091
          39        1275
          40        1235
          41        1273
          42        1312
          43        1350
          44        1238
          45        1231
          46        1189
          47        1130
          48        1129
          49        1060
          50        1241
          51        1127
          52        1057
          53         998
          54         936
          55        1002
          56        1001
          57        1153
          58         874
          59         928
          60         929
          61         832
          62         878
          63         877
          64         932
          65         933
          66         879
          67         931
          68         935
          69         934
          70         994
          71         995
          72         798
          73         797
          74         828
          75         996
          76         993
          77         927
          78         872
          79        1184
          80        1188
          81        1124
          82        1053
          83         992
          84        1051
          85        1052
          86        1121
          87        1123
          88        1125
          89        1058
          90        1128
          91        1187
          92        1186
          93        1396
          94        1419
          95        1307
          96        1308
          97        1313
          98        1351
          99        1463
         100        1418
         101        1374
         102        1373
         103        1334
         104        1314
         105        1352
         106        1217
         107        1164
         108        1157
         109        1097
         110        1257
         111        1154
         112        1156
         113        1160
         114        1309
         115        1281
         116        1282
         117        1280
         118        1190
         119        1277
         120        1335
         121        1375
         122        1336
         123        1234
         124        1191
         125        1304
         126        1055
         127        1272
         128        1061
         129        1059
         130        1000
         131        1028
         132         876
         133         831
         134        1054
         135         799
         136         873
         137         829
         138         830
         139         930
         140        1126
         141        1120
         142        1183
         143         925
         144         990
         145         875
         146         991
         147         926
         148        1119
         149        1237
         150        1276
         151        1236
         152        1122
         153        1232
         154        1303
         155        1306
         156        1305
         157        1274
         158        1302
         159        1445
         160        1397
         385
           1          37
           2          38
           3          39
           4         158
           5         159
           6         160
           7         164
           8         165
           9         166
          10         170
          11         171
          12         172
          13         179
          14         180
          15         181
          16         182
          17         183
          18         430
          19         431
          20         432
          21         442
          22         443
          23         444
          24         447
          25         448
          26         449
          27         557
          28         558
          29         559
          30         569
          31         570
          32         571
          33         572
          34         573
          35         576
          36         577
          37         634
          38         635
          39         636
          40         637
          41         638
          42         639
          43         650
          44         651
          45         652
          46         653
          47         654
          48         655
          49         674
          50         675
          51         676
          52         677
          53         678
          54         679
          55         698
          56         699
          57         700
          58         701
          59         702
          60         703
          61         704
          62         705
          63         706
          64         707
          65         708
          66         712
          67         713
          68         714
          69         725
          70         726
          71         727
          72         787
          73         788
          74         789
          75        1108
          76        1109
          77        1110
          78        1115
          79        1116
          80        1117
          81        1118
          82        1119
          83        1120
          84        1121
          85        1122
          86        1123
          87        1124
          88        1125
          89        1126
          90        1127
          91        1128
          92        1129
          93        1130
          94        1131
          95        1132
          96        1133
          97        1134
          98        1135
          99        1136
         100        1137
         101        1138
         102        1139
         103        1140
         104        1141
         105        1142
         106        1580
         107        1581
         108        1582
         109        1583
         110        1584
         111        1585
         112        1586
         113        1587
         114        1588
         115        1589
         116        1595
         117        1596
         118        1597
         119        1598
         120        1599
         121        1600
         122        1601
         123        1602
         124        1603
         125        1604
         126        1605
         127        1606
         128        1655
         129        1656
         130        1657
         131        1658
         132        1659
         133        1660
         134        1661
         135        1662
         136        1665
         137        1666
         138        1667
         139        1668
         140        1669
         141        1670
         142        1671
         143         603
         144        1687
         145        1688
         146        1966
         147        1967
         148        1968
         149        1982
         150        1983
         151        1984
         152        1985
         153        1986
         154        1990
         155        1991
         156         541
         157         139
         158        1996
         159        1997
         160         554
         161        2012
         162        2014
         163        2015
         164        2045
         165        2046
         166        2043
         167        2048
         168        2095
         169        2096
         170        2097
         171        1994
         172        2103
         173        2104
         174        2105
         175        2106
         176        2035
         177        2109
         178        2047
         179        2110
         180        2114
         181        2197
         182        2199
         183        2200
         184        2169
         185        2201
         186        2202
         187        2203
         188        2204
         189        2205
         190        2206
         191        2207
         192        2208
         193        2209
         194        2210
         195        2211
         196        2212
         197        2213
         198        2232
         199        2234
         200        2235
         201        2236
         202        2237
         203        2238
         204        2239
         205        2240
         206        2241
         207        2242
         208        2243
         209        2244
         210        2245
         211        2246
         212        2247
         213        2248
         214        2249
         215        2250
         216        2251
         217        2252
         218        2253
         219        2254
         220        2255
         221        2256
         222        2257
         223        2258
         224        2259
         225        2260
         226        2261
         227        2262
         228        2263
         229        2264
         230        2265
         231        2266
         232        2267
         233        2268
         234        2269
         235        2375
         236        2381
         237        2382
         238        2385
         239        2386
         240        2524
         241        2525
         242        3078
         243        3079
         244        3084
         245        3085
         246        3086
         247        3087
         248        3088
         249        3089
         250        3090
         251        3091
         252        3092
         253        3093
         254        3094
         255        3095
         256        3096
         257        3097
         258        3098
         259        3099
         260        3100
         261        3101
         262        3102
         263        3103
         264        3104
         265        3105
         266        3106
         267        3107
         268        3108
         269        3109
         270        3110
         271        3111
         272        3112
         273        3113
         274        3114
         275        3115
         276        3116
         277        3117
         278        3118
         279        3119
         280        3120
         281        3121
         282        3122
         283        3123
         284        3124
         285        3125
         286        3126
         287        3127
         288        3128
         289        3129
         290        3130
         291        3131
         292        3132
         293        3133
         294        3134
         295        3135
         296        3136
         297        3137
         298        3138
         299        3139
         300        3140
         301        3141
         302        3142
         303        3143
         304        3937
         305        3938
         306        3939
         307        3946
         308        3947
         309        3948
         310        3949
         311        3950
         312        3951
         313        3952
         314        3953
         315        3954
         316        3955
         317        3956
         318        3957
         319        3958
         320        3959
         321        3960
         322        3961
         323        3972
         324        3973
         325        3974
         326        3975
         327        3976
         328        3977
         329        3978
         330        3979
         331        3980
         332        3981
         333        3982
         334        3983
         335        3984
         336        3985
         337        3986
         338        3987
         339        3988
         340        3989
         341        3990
         342        3991
         343        3992
         344        3993
         345        3994
         346        3995
         347        3996
         348        3997
         349        3998
         350        3999
         351        4000
         352        4001
         353        4002
         354        4003
         355        4004
         356        4005
         357        4006
         358        4007
         359        4008
         360        4009
         361        4010
         362        4011
         363        4012
         364        4016
         365        4017
         366        4018
         367        4019
         368        4023
         369        4024
         370        1615
         371        4014
         372        4013
         373        4117
         374        4118
         375        4122
         376        4123
         377        4124
         378        4125
         379        4126
         380        4116
         381        4127
         382        4128
         383         623
         384         602
         385         622
 Header:
       2000          2          1           0.00           0.00
        48  0.9000000E+03      3     32     12    0.99999998E-02    0.20000000E+03    0.10000000E+02    0.00000000E+00    0.99999997E-04   2
  -1800.00000    
  -1600.00000    
  -1400.00000    
  -1200.00000    
  -1000.00000    
  -800.000000    
  -600.000000    
  -400.000000    
  -300.000000    
  -260.000000    
  -230.000000    
  -1.00000000    
 -0.949999988    
 -0.899999976    
 -0.850000024    
 -0.800000012    
 -0.750000000    
 -0.699999988    
 -0.649999976    
 -0.600000024    
 -0.550000012    
 -0.500000000    
 -0.449999988    
 -0.400000006    
 -0.349999994    
 -0.300000012    
 -0.250000000    
 -0.200000003    
 -0.150000006    
 -0.100000001    
  -5.00000007E-02
   0.00000000    
         160         226
   34.491818457100010        27.893256235900001        1100.55200               4
   34.477116123800002        27.919316884200001        1259.50903               3
   34.457532309199991        27.891620703899999        1303.41504               3
   34.732114611999997        27.971369256100001        20.2438641              12
   34.754063801299999        27.978116970599999        13.2579546              12
   34.729311609000000        27.994719904200000        21.8547955              12
   34.687594062700001        28.024567518000001        18.7970181              12
   34.676455855900002        28.014912880699999        5.13605452              12
   34.689163718099998        28.005972014699996        23.4747734              12
   34.525308832000000        27.918440528400001        332.099426               8
   34.531181254400003        27.932723883899996        5.90404463              12
   34.519208271799997        27.937389806100001        147.206787              12
   34.505839009900001        27.917785865600003        863.596863               5
   34.538888147999998        27.900525270900001        519.898682               7
   34.517141747799997        27.899883354600000        907.481140               5
   34.523228799700000        27.872684019899996        974.959900               5
   34.683916680300001        28.038074573599999        20.5456676              12
   34.672562710100003        28.040619141600001        5.00000000              12
   34.673869209999999        28.033668564100005        8.34152794              12
   34.685703062999991        28.092577609599999        41.8541336              12
   34.671485990699999        28.089207655799999        7.30888128              12
   34.678841991199995        28.081736145600001        5.96442509              12
   34.689094146999999        28.047852651299998        21.7698441              12
   34.674249794100000        28.046638062300001        5.72439957              12
   34.508359297100000        27.765131175900002        967.645142               5
   34.518465164299997        27.826961831400002        981.617065               5
   34.466994994099998        27.815361303400000        1023.03021               4
   34.437918847200002        27.770281313100003        1062.54724               4
   34.412645358799999        27.819639185599996        1144.74658               4
   34.404318862699995        27.857793322999999        1152.76611               4
   34.382420554500001        27.841026899900001        1227.96838               3
   34.483228364299997        27.860202445700001        1121.06726               4
   34.556424794000002        27.849845389399999        812.733154               5
   34.573816912700003        27.893397310399997        288.535492               9
   34.558400200800001        27.899384601600001        242.576920              10
   34.553971830199991        27.880098216600000        705.385559               6
   34.498905243899998        27.932863049200002        719.699219               6
   34.484405131199999        27.941133038699995        1068.11304               4
   34.744629370599995        28.049783051999999        54.0713272              12
   34.735155029399998        28.053098698999996        55.0639076              12
   34.729883540500005        28.046022493799999        91.2037735              12
   34.720025581800002        27.953389746199999        25.3721237              12
   34.742764981900002        27.956398401699996        53.4727631              12
   34.702436053299998        28.053274302900000        7.82174683              12
   34.714427831099997        28.059514697299999        8.27901554              12
   34.705253863400003        28.067460648099999        5.00000000              12
   34.674044692499997        28.053832650399997        5.00000000              12
   34.677514994600003        28.061453926199999        5.00000000              12
   34.667538318299997        28.057486739700003        5.00000000              12
   34.669889300000001        28.025403102399999        5.06907034              12
   34.680730822799994        28.071105411500000        5.45785999              12
   34.667931880299996        28.076638514700001        5.00000000              12
   34.659870362699991        28.084185690999998        5.00000000              12
   34.648115642199997        28.056977985000000        6.38177156              12
   34.659510839100001        28.053363193099997        6.61587572              12
   34.658785988399998        28.061108455999996        15.6367798              12
   34.541520151199990        27.920984616300004        15.0554419              12
   34.715924408900001        28.114130913399997        52.6426849              12
   34.707538339199999        28.105820589200004        123.004707              12
   34.717755646599997        28.104546073200005        109.517853              12
   34.680462883700002        28.123701923900001        11.5334721              12
   34.677188041999997        28.114127965799998        12.2154226              12
   34.687831393499998        28.117008866700001        68.3991623              12
   34.661375559100009        28.091950880199995        5.06970644              12
   34.651733593499998        28.090828620700005        5.06970644              12
   34.665711633999997        28.106463399900004        8.76812458              12
   34.667083582899991        28.097560644500000        6.44097662              12
   34.676048785399999        28.101320389600001        33.7765656              12
   34.686981788300002        28.105532961000002        66.1465683              12
   34.698464004500011        28.099003774600003        99.9684677              12
   34.711612909999999        28.094087884800000        118.952393              12
   34.714070257099991        28.131470425100005        7.59159422              12
   34.707459058799998        28.136698253999999        5.00000000              12
   34.701313172900001        28.127258766099999        46.6201820              12
   34.716223043799999        28.083233593599999        29.8815422              12
   34.721284088300003        28.089203355100004        79.4092255              12
   34.697112490300000        28.110327558900000        107.097694              12
   34.696451623500003        28.119978142000001        91.0399017              12
   34.724352670099996        28.062997751200001        5.00000000              12
   34.732557999199997        28.059607788000001        23.1427784              12
   34.730905749599998        28.068838974399998        5.00000000              12
   34.725504939099999        28.082407541700004        18.8414669              12
   34.730426348700000        28.089879237000002        33.3780098              12
   34.741077954500000        28.089967536599996        5.51169538              12
   34.735264831899990        28.083903948700002        5.00000000              12
   34.743994233700001        28.081553860600003        5.00000000              12
   34.733820248100002        28.076443552600004        5.00000000              12
   34.702504228800002        28.078701494800001        8.42026424              12
   34.690103001600001        28.080779580900000        29.8924465              12
   34.693967841800003        28.071543169999998        5.69707060              12
   34.734053076099997        28.069139425900005        5.00000000              12
   34.744421146500002        28.073272312699999        5.00000000              12
   34.767401884700000        27.956979576399998        20.6827908              12
   34.788617384299997        27.981852579200005        11.4954844              12
   34.710358222800004        28.015554180799999        52.1799202              12
   34.703543313600001        27.992638231100003        52.8420753              12
   34.730217005699998        27.940915295699998        35.2540779              12
   34.748006500099997        27.939209540699999        38.4407883              12
   34.827904443299992        27.966614166399999        114.988152              12
   34.820310588699996        28.003782350200005        11.2317352              12
   34.787620669100008        28.011536147299999        9.00183678              12
   34.805526724600000        28.029615596999996        14.8757133              12
   34.784043516700002        28.034209928200003        15.4799757              12
   34.738533369300001        27.927986690100003        11.6024828              12
   34.746260704500003        27.920716623499999        8.22904587              12
   34.441837530999997        27.855399031000001        1197.38196               4
   34.422983965500002        27.882726238400004        1339.25916               3
   34.450146510099998        27.921729833600004        1442.39783               2
   34.393085995600003        27.881140974099999        1313.24280               3
   34.582196855799999        27.874850245899999        514.320068               7
   34.554222935799999        27.912870728000001        30.2614765              12
   34.429661018899999        27.906947080300000        1421.76404               2
   34.573869594400001        27.912006582699998        38.4036674              12
   34.713126218500001        27.974350498300005        27.7470436              12
   34.692562401700009        27.973953060800000        24.4622860              12
   34.703615297600003        27.959899951500002        16.5153446              12
   34.680819095600000        27.987762739899996        16.6352310              12
   34.690950927300001        28.061289775300001        5.95486307              12
   34.701587255600003        28.036310657000001        50.6466789              12
   34.738443521400001        28.018953171300002        39.2673073              12
   34.759793566999996        28.001242268100004        8.63953400              12
   34.764434756900002        28.023281191000002        15.9588814              12
   34.741452666100010        28.059396442400001        27.9187107              12
   34.681324152900004        28.053736320199999        6.87940836              12
   34.737151293099998        28.036411596200001        77.4049454              12
   34.708620054400001        28.084066470700002        23.8523788              12
   34.715174237400007        28.046720070099997        56.2304993              12
   34.669491252699999        28.048361138299999        5.00000000              12
   34.668295374200000        28.066040156800000        5.00000000              12
   34.658698892899999        28.069806713799998        10.9692841              12
   34.504615763700002        27.947354537800003        212.727676              11
   34.658353297200001        28.099088680700000        5.00000000              12
   34.690296279300000        28.127554554299998        24.4538136              12
   34.699346872200003        28.088590039799996        68.9248581              12
   34.684205935000008        28.133613211400000        5.00000000              12
   34.704994307299998        28.116565354500000        114.229317              12
   34.710367616500008        28.123186966100000        59.9287643              12
   34.719103554599997        28.123288375100000        9.73802662              12
   34.723452164599998        28.096501869600004        133.851562              12
   34.711609399200000        28.078189298099996        5.00000000              12
   34.727008486599999        28.075684947999999        5.00000000              12
   34.718825320999997        28.070195778900001        5.00000000              12
   34.727602885700001        28.103135681600001        101.763733              12
   34.734052039500000        28.096814487999996        25.0518265              12
   34.724703443599999        28.110689806399996        69.2465210              12
   34.743619550600002        28.098360387600000        5.00000000              12
   34.736299916299998        28.104855502899998        21.9296856              12
   34.718369144699992        28.078516526999998        5.00000000              12
   34.750230485099998        28.061868352299999        9.67507839              12
   34.757390134500000        28.051185100400001        24.8416824              12
   34.761415152700003        28.062364330400001        5.00000000              12
   34.752469527700001        28.077725168600001        5.00000000              12
   34.724364279800000        28.054546318700002        27.0234356              12
   34.720878698800000        28.032631833500002        82.4252853              12
   34.752288573999998        28.036461265199996        36.1415215              12
   34.768097612399998        28.041958486100004        14.8011751              12
   34.769492181499999        28.055717845099998        6.08192635              12
   34.781585880199998        28.050483849300004        8.25187302              12
   34.796891175100001        27.947990457600000        38.4379425              12
   34.769080183200003        27.931663411199999        9.44942379              12
           3           1           2           3
           3           4           5           6
           3           7           8           9
           3          10          11          12
           3          13           2           1
           3          14          15          16
           3          17          18          19
           3          20          21          22
           3          23          24          17
           3          25          26          27
           3          25          27          28
           3          29          30          31
           3          26          32          27
           3          26          33          16
           3          34          35          36
           3          37          38           2
           3           1          32          16
           3          39          40          41
           3          42          43           4
           3          44          45          46
           3          47          48          49
           3           7          50           8
           3          51          22          52
           3          21          53          52
           3          54          55          56
           3          14          57          10
           3          58          59          60
           3          61          62          63
           3          21          64          53
           3          64          65          53
           3          66          67          68
           3          21          68          67
           3          69          63          62
           3          68          69          62
           3          70          71          59
           3          72          73          74
           3          75          76          71
           3          77          78          63
           3          59          71          60
           3          79          80          81
           3          76          82          83
           3          84          85          86
           3          85          87          86
           3          88          89          90
           3          91          92          87
           3           5          93          94
           3          92          86          87
           3          95          96           6
           3           5          43          93
           3          97          98          43
           3          99         100          94
           3         101         102         103
           3          93          43          98
           3         104         105          98
           3          29          27         106
           3         107          30         106
           3         107         106           3
           3          30          29         106
           3         108           3           2
           3         109          30         107
           3          32         106          27
           3          32           3         106
           3          27          29          28
           3          16          15           1
           3          36          14          16
           3          26          16          32
           3          33         110          36
           3          33          36          16
           3          13           1          15
           3           3          32           1
           3          35         111          14
           3         112         107           3
           3          10          13          15
           3          37           2          13
           3          14          10          15
           3          35          34         113
           3          36         110          34
           3         111          35         113
           3          14          36          35
           3          57          14         111
           3         114         115         116
           3          96           9         117
           3          42           4         114
           3           6          96         114
           3         114          96         115
           3          23          44         118
           3         119           7          95
           3           9          95           7
           3          96          95           9
           3         120         121         122
           3          18          17          24
           3         123          40          39
           3          17           7         119
           3          19          50           7
           3           7          17          19
           3         124          48          47
           3         119          23          17
           3         119          44          23
           3         125          39          41
           3          75          71         126
           3          44         119         127
           3          89          51          90
           3          48         124         118
           3          23         124          24
           3          23         118         124
           3         128          47          49
           3          49          55         128
           3         129         130          56
           3          48         129          49
           3          49          56          55
           3          13          10          12
           3          10          57          11
           3          13          12          37
           3          37          12         131
           3         132          65          64
           3         133          61          63
           3          66         132          67
           3          56         130          54
           3          56          49         129
           3          62          66          68
           3         132          64          67
           3          64          21          67
           3          52         129          51
           3          20          22          89
           3          21          52          22
           3          51         129          48
           3         118          51          48
           3         118          90          51
           3          46          90         118
           3         118          44          46
           3          20          89         134
           3          22          51          89
           3          20          69          68
           3          70          59          77
           3          69          20          70
           3          68          21          20
           3         133         135          61
           3          69          77          63
           3         133          78          74
           3         133          63          78
           3          70          77          69
           3          59         136          77
           3          77         136          78
           3         137          72          74
           3         136          74          78
           3         136         137          74
           3          59          58         136
           3          58         138         137
           3         139          60          71
           3         134          89          88
           3          71          70         134
           3          71         134         126
           3          70          20         134
           3         140          88          46
           3         126         134          88
           3          81         141         142
           3          88          90          46
           3          45         142          46
           3          82          85          83
           3         136          58         137
           3         143         139         144
           3         138          72         137
           3         143         145          60
           3         144          84         146
           3          83          85          84
           3         144         146         147
           3         145         143         147
           3         139          71          76
           3          83         144         139
           3          83         139          76
           3         143          60         139
           3         143         144         147
           3          83          84         144
           3          87          85          82
           3          82          76          75
           3          46         142         140
           3         142         141         148
           3          92          91         123
           3         149         150         151
           3         120          95           6
           3         152          86          92
           3          79          81         142
           3         140         142         148
           3          45          79         142
           3         153          40          80
           3          91          80         123
           3          79          45         153
           3         125          41         154
           3          80          40         123
           3          80          79         153
           3          44         127          45
           3         127          41         153
           3          45         127         153
           3         119          95         154
           3         120         154          95
           3         127         119         154
           3         153          41          40
           3         127         154          41
           3         155          39         125
           3          39         149         123
           3         155         156         150
           3         150         149          39
           3         155         150          39
           3         157         151         150
           3         122         156         155
           3         120         122         155
           3         122         103         156
           3         101         103         122
           3           5          94         121
           3         156         103         158
           3         150         156         157
           3         159          99          94
           3         125         120         155
           3         121          94         101
           3         154         120         125
           3           6         121         120
           3         114           4           6
           3         114         116          42
           3           6           5         121
           3           4          43           5
           3         121         101         122
           3          94         100         101
           3         104          98          97
           3          97          43          42
           3          98         160          93
           3          94          93         159
           1           2           3
           2           3           1
           3           1           2
           4           5           6
           5           6           4
           6           4           5
           7           8           9
           8           9           7
           9           7           8
          10          11          12
          11          12          10
          12          10          11
          13           1          13
          14          13           2
          15          15          16
          16          16          14
          17          14          15
          18          18          19
          19          19          17
          20          17          18
          21          21          22
          22          22          20
          23          20          21
          24          24          17
          25          17          23
          26          23          24
          27          26          27
          28          27          25
          29          25          26
          30          27          28
          31          28          25
          32          30          31
          33          31          29
          34          29          30
          35          32          27
          36          26          32
          37          33          16
          38          16          26
          39          26          33
          40          35          36
          41          36          34
          42          34          35
          43          38           2
          44           2          37
          45          37          38
          46          32          16
          47          16           1
          48           1          32
          49          40          41
          50          41          39
          51          39          40
          52          43           4
          53           4          42
          54          42          43
          55          45          46
          56          46          44
          57          44          45
          58          48          49
          59          49          47
          60          47          48
          61          50           8
          62           7          50
          63          22          52
          64          52          51
          65          51          22
          66          53          52
          67          52          21
          68          21          53
          69          55          56
          70          56          54
          71          54          55
          72          57          10
          73          10          14
          74          14          57
          75          59          60
          76          60          58
          77          58          59
          78          62          63
          79          63          61
          80          61          62
          81          64          53
          82          21          64
          83          65          53
          84          64          65
          85          67          68
          86          68          66
          87          66          67
          88          67          21
          89          21          68
          90          62          69
          91          69          63
          92          62          68
          93          68          69
          94          71          59
          95          59          70
          96          70          71
          97          73          74
          98          74          72
          99          72          73
         100          76          71
         101          71          75
         102          75          76
         103          78          63
         104          63          77
         105          77          78
         106          71          60
         107          80          81
         108          81          79
         109          79          80
         110          82          83
         111          83          76
         112          76          82
         113          85          86
         114          86          84
         115          84          85
         116          87          86
         117          85          87
         118          89          90
         119          90          88
         120          88          89
         121          92          87
         122          87          91
         123          91          92
         124          93          94
         125          94           5
         126           5          93
         127          92          86
         128          96           6
         129           6          95
         130          95          96
         131          43          93
         132           5          43
         133          98          43
         134          43          97
         135          97          98
         136         100          94
         137          94          99
         138          99         100
         139         102         103
         140         103         101
         141         101         102
         142          98          93
         143          98         105
         144          98         104
         145         104         105
         146          27         106
         147         106          29
         148          29          27
         149          30         106
         150         106         107
         151         107          30
         152         106           3
         153           3         107
         154           2         108
         155         108           3
         156         109         107
         157          30         109
         158          32         106
         159          32           3
         160          28          29
         161          15           1
         162          16          36
         163          36          14
         164         110          36
         165          36          33
         166         110          33
         167          15          13
         168         111          14
         169          14          35
         170          35         111
         171         112           3
         172         112         107
         173          15          10
         174          10          13
         175          13          37
         176         113          34
         177         113          35
         178          34         110
         179         113         111
         180         111          57
         181         116         115
         182         116         114
         183         114         115
         184         117           9
         185         117          96
         186          96           9
         187           4         114
         188         114          42
         189          96         114
         190         114           6
         191          96         115
         192          44         118
         193         118          23
         194          23          44
         195           7          95
         196          95         119
         197         119           7
         198           9          95
         199         121         122
         200         122         120
         201         120         121
         202          24          18
         203          39         123
         204         123          40
         205         119          17
         206          17           7
         207           7          19
         208          19          50
         209          47         124
         210         124          48
         211         119          23
         212         119          44
         213          41         125
         214         125          39
         215          71         126
         216         126          75
         217         119         127
         218         127          44
         219          51          90
         220          89          51
         221         124         118
         222         118          48
         223         124          24
         224          23         124
         225          49         128
         226         128          47
         227          55         128
         228          49          55
         229         130          56
         230          56         129
         231         129         130
         232         129          49
         233          48         129
         234          49          56
         235          12          13
         236          57          11
         237          12          37
         238          12         131
         239         131          37
         240          64         132
         241         132          65
         242          63         133
         243         133          61
         244         132          67
         245          66         132
         246         130          54
         247          62          66
         248          64          67
         249         129          51
         250          52         129
         251          22          89
         252          89          20
         253          48          51
         254         118          51
         255         118          90
         256         118          46
         257          46          90
         258          89         134
         259         134          20
         260          68          20
         261          20          69
         262          59          77
         263          77          70
         264          20          70
         265          70          69
         266         135          61
         267         133         135
         268          69          77
         269          78          74
         270          74         133
         271         133          78
         272         136          77
         273          59         136
         274         136          78
         275          74         137
         276         137          72
         277         136          74
         278         136         137
         279          58         136
         280         138         137
         281         137          58
         282          58         138
         283          71         139
         284         139          60
         285          88         134
         286          70         134
         287         134          71
         288         134         126
         289          88          46
         290          46         140
         291         140          88
         292          88         126
         293         141         142
         294         142          81
         295          81         141
         296         142          46
         297          45         142
         298          85          83
         299          82          85
         300         139         144
         301         144         143
         302         143         139
         303         138          72
         304         145          60
         305          60         143
         306         143         145
         307          84         146
         308         146         144
         309         144          84
         310          84          83
         311         146         147
         312         147         144
         313         143         147
         314         147         145
         315          76         139
         316         139          83
         317          83         144
         318          82          87
         319          75          82
         320         142         140
         321         141         148
         322         148         142
         323          91         123
         324         123          92
         325         150         151
         326         151         149
         327         149         150
         328           6         120
         329         120          95
         330          92         152
         331         152          86
         332         142          79
         333         148         140
         334          45          79
         335          40          80
         336          80         153
         337         153          40
         338          80         123
         339          91          80
         340          45         153
         341         153          79
         342          41         154
         343         154         125
         344         127          45
         345          41         153
         346         153         127
         347         127          41
         348          95         154
         349         154         119
         350         120         154
         351         154         127
         352         125         155
         353         155          39
         354         149         123
         355          39         149
         356         156         150
         357         150         155
         358         155         156
         359          39         150
         360         150         157
         361         157         151
         362         155         122
         363         122         156
         364         155         120
         365         103         156
         366         122         103
         367         122         101
         368          94         121
         369         121           5
         370         158         103
         371         156         158
         372         157         156
         373          94         159
         374         159          99
         375         125         120
         376          94         101
         377         101         121
         378           6         121
         379         116          42
         380         101         100
         381          97         104
         382          42          97
         383          93         160
         384         160          98
         385         159          93
