       4387       2725       1656         32         12          2          1          1          0          0          0          0          0          0          0          0          0          0
 local to global mapping:
         229
           1          18
           2         117
           3         119
           4         121
           5         122
           6         123
           7         124
           8         125
           9         127
          10         129
          11         130
          12         131
          13         132
          14         137
          15         165
          16         474
          17         477
          18         479
          19         481
          20         486
          21         487
          22         488
          23         489
          24         490
          25         491
          26         492
          27         505
          28         506
          29         507
          30         509
          31         510
          32         511
          33         512
          34         513
          35         514
          36         515
          37         516
          38         517
          39         518
          40         519
          41         520
          42         521
          43         522
          44         523
          45         524
          46         525
          47         526
          48         527
          49         528
          50         529
          51         530
          52         531
          53         532
          54         533
          55         534
          56         535
          57         536
          58         537
          59         538
          60         539
          61         541
          62         542
          63         543
          64         544
          65         545
          66         546
          67         548
          68         550
          69         551
          70        1905
          71        1906
          72        1907
          73        1908
          74        1909
          75        1910
          76        1911
          77        1912
          78        1913
          79        1914
          80        1915
          81        1916
          82        1917
          83        1918
          84        1919
          85        1920
          86        1921
          87        1922
          88        1923
          89        1924
          90        1926
          91        1927
          92        1928
          93        1929
          94        1967
          95        1968
          96        1969
          97        1970
          98        1971
          99        1972
         100        1973
         101        1974
         102        1975
         103        1976
         104        1977
         105        1978
         106        1979
         107        1980
         108        1981
         109        1982
         110        1983
         111        1984
         112        1985
         113        1986
         114        1987
         115        1988
         116        1989
         117        1990
         118        1991
         119        1992
         120        1993
         121        1994
         122        1995
         123        1996
         124        1997
         125        1998
         126        1999
         127        2000
         128        2001
         129        2002
         130        2003
         131        2004
         132        2005
         133        2006
         134        2007
         135        2008
         136        2009
         137        2010
         138        2011
         139        2012
         140        2013
         141        2014
         142        2015
         143        2016
         144        2017
         145        2018
         146        2019
         147        2020
         148        2021
         149        2022
         150        2023
         151        2024
         152        2025
         153        2026
         154        2027
         155        2028
         156        2029
         157        2030
         158        2031
         159        2032
         160        2033
         161        2034
         162        2035
         163        2036
         164        2037
         165        2038
         166        2039
         167        2040
         168        2041
         169        2042
         170        2043
         171        2044
         172        2045
         173        2046
         174        2047
         175        2048
         176        2049
         177        2050
         178        2051
         179        2052
         180        2053
         181        2054
         182        2055
         183        2056
         184        2057
         185        2058
         186        2059
         187        2060
         188        2061
         189        2062
         190        2063
         191        2064
         192        2065
         193        2066
         194        2067
         195        2068
         196        2069
         197        2070
         198        2071
         199        2072
         200        2073
         201        2074
         202        2075
         203        2076
         204        2077
         205        2078
         206        2079
         207        2080
         208        2081
         209        2082
         210        2083
         211        2084
         212        2085
         213        2086
         214        2087
         215        2088
         216        2089
         217        2090
         218        2092
         219        2093
         220        2094
         221        2095
         222        2096
         223        2097
         224        2098
         225        2099
         226        2116
         227        2117
         228        2118
         229        2119
         146
           1         122
           2         102
           3         123
           4          47
           5          39
           6          40
           7           8
           8           1
           9           7
          10         142
          11         158
          12         157
          13          64
          14          81
          15          63
          16          24
          17          25
          18          34
          19         124
          20         143
          21           5
          22          10
          23           3
          24          20
          25          23
          26          19
          27          44
          28          37
          29          36
          30          33
          31          42
          32          58
          33          59
          34          60
          35          45
          36         127
          37         110
          38         126
          39          55
          40          54
          41          56
          42         116
          43         136
          44         135
          45         103
          46          50
          47          82
          48          68
          49          65
          50          80
          51         100
          52          99
          53          31
          54         115
          55         125
          56         104
          57          83
          58          66
          59         101
          60          85
          61          86
          62          87
          63         108
          64          94
          65         161
          66         148
          67         160
          68         107
          69        1649
          70         109
          71         105
          72          69
          73          43
          74          41
          75          48
          76          61
          77          79
          78          38
          79          92
          80         121
          81          12
          82          17
          83          11
          84          29
          85          28
          86          16
          87          15
          88          13
          89          14
          90           4
          91           9
          92           2
          93          22
          94          30
          95          78
          96          76
          97          91
          98          73
          99          72
         100          90
         101         106
         102          93
         103         149
         104         131
         105         179
         106         145
         107         159
         108         146
         109         178
         110         129
         111         144
         112         152
         113          96
         114          75
         115          97
         116          67
         117          84
         118          53
         119         164
         120         141
         121          98
         122         147
         123         130
         124          95
         125          89
         126          88
         127          62
         128          57
         129          46
         130          77
         131          52
         132          51
         133          49
         134          32
         135          21
         136          27
         137          35
         138          26
         139           6
         140          18
         141          71
         142          70
         143         111
         144          74
         145         128
         146         112
         374
           1          52
           2          53
           3          54
           4         334
           5         335
           6         336
           7         340
           8         341
           9         342
          10         346
          11         347
          12         348
          13         349
          14         350
          15         351
          16         352
          17         353
          18         354
          19         355
          20         356
          21         357
          22         358
          23         359
          24         360
          25         364
          26         365
          27         366
          28         370
          29         371
          30         372
          31         373
          32         374
          33         375
          34         376
          35         377
          36         378
          37         379
          38         380
          39         381
          40         394
          41         395
          42         396
          43         473
          44         474
          45         475
          46         384
          47        1244
          48        1245
          49        1251
          50        1252
          51        1253
          52        1257
          53        1258
          54        1262
          55        1263
          56        1264
          57        1274
          58        1275
          59        1276
          60        1277
          61        1278
          62        1279
          63        1280
          64        1281
          65        1282
          66        1283
          67        1284
          68        1285
          69        1286
          70        1287
          71        1288
          72        1289
          73        1290
          74        1291
          75        1292
          76        1320
          77        1321
          78        1322
          79        1323
          80        1324
          81        1325
          82        1326
          83        1327
          84        1328
          85        1331
          86        1332
          87        1333
          88        1334
          89        1335
          90        1336
          91        1337
          92        1338
          93        1339
          94        1340
          95        1341
          96        1342
          97        1343
          98        1344
          99        1345
         100        1346
         101        1347
         102        1348
         103        1349
         104        1350
         105        1351
         106        1352
         107        1353
         108        1354
         109        1355
         110        1356
         111        1357
         112        1358
         113        1359
         114        1360
         115        1361
         116        1362
         117        1363
         118        1364
         119        1365
         120        1366
         121        1367
         122        1368
         123        1369
         124        1370
         125        1371
         126        1372
         127        1373
         128        1374
         129        1375
         130        1376
         131        1377
         132        1378
         133        1379
         134        1380
         135        1381
         136        1382
         137        1383
         138        1384
         139        1385
         140        1386
         141        1387
         142        1388
         143        1389
         144        1390
         145        1391
         146        1392
         147        1393
         148        1394
         149        1395
         150        1396
         151        1397
         152        1398
         153        1399
         154        1400
         155        1401
         156        1402
         157        1403
         158        1407
         159        1408
         160        1409
         161        1410
         162        1330
         163        1411
         164        1412
         165        1413
         166        1414
         167        1415
         168        1416
         169        1417
         170        1418
         171        1420
         172        1421
         173        1422
         174        1423
         175        1424
         176        1425
         177        3372
         178        3373
         179        3374
         180        3375
         181        3376
         182        3377
         183        3378
         184        3379
         185        3380
         186        3381
         187         383
         188        3382
         189        3383
         190        3384
         191        3385
         192        3386
         193        3387
         194        3388
         195        3389
         196        3390
         197        3391
         198        3392
         199        3393
         200        3394
         201        3395
         202        3396
         203        3397
         204        3398
         205        3399
         206        3400
         207        3401
         208        3402
         209        3403
         210        3359
         211        3404
         212        3405
         213        3406
         214        3442
         215        3443
         216        3444
         217        3445
         218        3446
         219        3447
         220        3448
         221        3449
         222        3450
         223        3451
         224        3452
         225        3453
         226        3454
         227        3455
         228        3456
         229        3457
         230        3458
         231        3459
         232        3460
         233        3461
         234        3462
         235        3463
         236        3464
         237        3465
         238        3466
         239        3467
         240        3468
         241        3469
         242        3470
         243        3471
         244        3472
         245        3473
         246        3474
         247        3475
         248        3476
         249        3477
         250        3478
         251        3479
         252        3480
         253        3481
         254        3482
         255        3483
         256        3484
         257        3485
         258        3486
         259        3487
         260        3488
         261        3489
         262        3490
         263        3491
         264        3492
         265        3493
         266        3494
         267        3495
         268        3496
         269        3497
         270        3498
         271        3499
         272        3500
         273        3501
         274        3502
         275        3503
         276        3504
         277        3505
         278        3506
         279        3507
         280        3508
         281        3509
         282        3510
         283        3511
         284        3512
         285        3513
         286        3514
         287        3515
         288        3516
         289        3517
         290        3518
         291        3519
         292        3520
         293        3521
         294        3522
         295        3523
         296        3524
         297        3525
         298        3526
         299        3527
         300        3528
         301        3529
         302        3530
         303        3531
         304        3532
         305        3533
         306        3534
         307        3535
         308        3536
         309        3537
         310        3538
         311        3539
         312        3540
         313        3541
         314        3542
         315        3543
         316        3544
         317        3545
         318        3546
         319        3547
         320        3548
         321        3549
         322        3550
         323        3551
         324        3552
         325        3553
         326        3554
         327        3555
         328        3556
         329        3557
         330        3558
         331        3559
         332        3560
         333        3561
         334        3562
         335        3563
         336        3564
         337        3565
         338        3566
         339        3567
         340        3568
         341        3569
         342        3570
         343        3571
         344        3572
         345        3573
         346        3574
         347        3575
         348        3576
         349        3577
         350        3578
         351        3579
         352        3580
         353        3581
         354        3582
         355        3583
         356        3584
         357        3585
         358        3586
         359        3587
         360        3588
         361        3589
         362        3592
         363        3593
         364        3594
         365        3595
         366        3596
         367        3597
         368        3598
         369        3599
         370        3600
         371        3601
         372        3621
         373        3622
         374        3623
 Header:
       2000          2          1           0.00           0.00
        48  0.9000000E+03      3     32     12    0.99999998E-02    0.20000000E+03    0.10000000E+02    0.00000000E+00    0.99999997E-04   2
  -1800.00000    
  -1600.00000    
  -1400.00000    
  -1200.00000    
  -1000.00000    
  -800.000000    
  -600.000000    
  -400.000000    
  -300.000000    
  -260.000000    
  -230.000000    
  -1.00000000    
 -0.949999988    
 -0.899999976    
 -0.850000024    
 -0.800000012    
 -0.750000000    
 -0.699999988    
 -0.649999976    
 -0.600000024    
 -0.550000012    
 -0.500000000    
 -0.449999988    
 -0.400000006    
 -0.349999994    
 -0.300000012    
 -0.250000000    
 -0.200000003    
 -0.150000006    
 -0.100000001    
  -5.00000007E-02
   0.00000000    
         146         229
   34.861503797099999        29.364795839899998        751.476990               6
   34.840499378300002        29.379393787800002        307.820251               8
   34.833391531900006        29.363439872899995        377.435699               8
   34.898343473100006        29.444506370899997        492.406097               7
   34.905978271199999        29.462238188000001        432.220551               7
   34.885227042300002        29.463432155500001        93.3345642              12
   34.999940181500001        29.516969941800003        16.0867691              12
   35.002462803699999        29.523741360399995        10.0602503              12
   34.993772075700001        29.522864345900004        47.6948891              12
   34.841896986300000        29.340716336300005        713.224609               6
   34.825409598199997        29.315210191500004        685.701172               6
   34.855947161299994        29.314618701799997        854.726135               5
   34.843737192299997        29.416868518699999        56.2517166              12
   34.857786362200002        29.408500443100003        315.575897               8
   34.862048133999998        29.424560509700001        153.864761              12
   34.938081802500001        29.488387881600001        462.602875               7
   34.914784407500001        29.490433864400000        97.3949051              12
   34.922374538100001        29.472864190300001        494.922485               7
   34.819404719200001        29.351329911199997        314.327820               8
   34.814312711200003        29.334107258700005        482.334503               7
   34.964239135100001        29.539704961599995        44.7317963              12
   34.972120912000001        29.531493985999997        92.4862747              12
   34.973426131600000        29.544263974799996        11.3836060              12
   34.953047501600004        29.506855106200003        357.255249               8
   34.961524635099998        29.482908907400002        420.364136               7
   34.976483756000000        29.501160824900005        280.470825               9
   34.945800448599996        29.416011789800002        578.445679               7
   34.960266111899998        29.412482188000002        260.724518               9
   34.955710785900003        29.427624243499999        359.404053               8
   34.945468007499997        29.465831320200000        627.515869               6
   34.924575834000002        29.449646981400001        699.153137               6
   34.913361364700002        29.427283272499999        786.957886               6
   34.929002857699999        29.408194695999999        798.622864               6
   34.940152812299999        29.390130956400004        587.108948               7
   34.951038013500003        29.400600582400003        333.592987               8
   34.909572264300003        29.318380470400001        652.292175               6
   34.920030425299998        29.329541546499996        524.583313               7
   34.903035298900001        29.337472000300000        809.888367               5
   34.958662606200001        29.358851159099995        31.8582630              12
   34.958896873699999        29.368197374899992        74.4580612              12
   34.951060112499995        29.361159039000004        164.097626              12
   34.779722068600002        29.343477994199997        48.0608101              12
   34.776012469299999        29.330923343500000        74.5665207              12
   34.793217613100005        29.336713023600002        266.992737               9
   34.813590577900001        29.366514865799996        128.122620              12
   34.840961895800000        29.428572376299993        5.00000000              12
   34.816962723600000        29.388589960499999        5.21094465              12
   34.823779006400009        29.396622450899997        33.9051704              12
   34.815099345299998        29.396593501600005        5.00000000              12
   34.877105577800009        29.406436346300001        641.174316               6
   34.859353484600000        29.390704386399996        599.859863               7
   34.887019819900004        29.383269820100004        842.687256               5
   34.899107085600001        29.481437232699996        49.4646072              12
   34.792109308400001        29.349860510500001        199.362366              12
   34.804236087299998        29.346100259100009        310.786804               8
   34.803898190699996        29.357614386800002        217.850388              11
   34.808589176900000        29.384565819300004        15.1798706              12
   34.807311563500001        29.392249752200001        5.00000000              12
   34.820739534399998        29.377985529499998        45.6273460              12
   34.827522179399999        29.387337108200001        23.1385746              12
   34.807470045199992        29.377926182500001        37.6375313              12
   34.798186699699997        29.368947652199996        115.977020              12
   34.924797799399990        29.340950104500003        529.927979               7
   34.933220405699998        29.329965665799996        291.502472               9
   34.892954048900002        29.255202485000002        648.853699               6
   34.910267266400005        29.265122047599995        240.918976              10
   34.892479545400001        29.272958142200000        626.289856               6
   34.916594122200010        29.353344090899995        730.595032               6
   34.922208973099998        29.306496225099998        337.825562               8
   34.927337518699993        29.319656050400003        290.825653               9
   34.934829550000003        29.312219874500006        141.432999              12
   34.943934787200000        29.367568354300001        341.374176               8
   34.935784733600002        29.429566518600002        719.601440               6
   34.860645259899997        29.467591647600003        12.5450077              12
   34.872456337599999        29.445105084800002        198.176392              12
   34.832740189600010        29.412064927600003        70.7600021              12
   34.843853082599999        29.404062921600001        206.811447              11
   34.966430605299998        29.401174766499999        63.2145042              12
   34.937428190299997        29.339641449300000        270.977753               9
   34.891421377999997        29.358080012199999        845.946838               5
   34.953043169300003        29.541716072800000        24.5885010              12
   34.941969332799999        29.528016177800005        70.2860413              12
   34.957590987800003        29.532649801100003        87.5224152              12
   34.967564652100009        29.419609832899997        75.9485931              12
   34.970791519999999        29.429062637300003        71.2041245              12
   34.959072489000008        29.522091226500002        208.641113              11
   34.972429561500000        29.516867606000005        274.841736               9
   34.986291610000002        29.515723497800000        170.210434              12
   34.995440672300006        29.508887958500001        38.3022385              12
   34.986322980099999        29.538594259800004        8.29837322              12
   34.984292207999999        29.526907993500004        110.666359              12
   34.997389181000003        29.531140272300004        13.2644968              12
   34.983286983299998        29.479609036199996        38.0518875              12
   34.970803977300001        29.407188441199995        36.7266426              12
   34.915689877600002        29.389249109200001        837.542603               5
   34.930543603200000        29.376553416200000        641.298889               6
   34.937050488499999        29.350142654799999        350.202271               8
   34.945478421800004        29.333399417900001        77.0320587              12
   34.949321217100000        29.343983695100000        74.5054703              12
   34.930287344800000        29.362995510200001        559.419312               7
   34.933920427700002        29.303746487700003        106.767380              12
   34.942177419700002        29.321835981500001        85.2825317              12
   34.909351317199999        29.251219548200002        277.827728               9
   34.922257838000000        29.257781129599998        37.3652573              12
   34.865523381699994        29.262789162499999        827.880371               5
   34.885727332999991        29.317795966500000        878.173340               5
   34.875652757600001        29.292287133599999        826.195312               5
   34.913551828000003        29.279589290599997        223.933289              11
   34.838773404700000        29.285694988100005        853.811096               5
   34.916163984699999        29.294444034600005        350.401367               8
   34.901575611200009        29.303744377700003        693.795898               6
   34.795178334100001        29.319402955499999        368.512695               8
   34.792843495200003        29.359873090099999        202.105240              11
   34.787011595300001        29.367248070999999        22.7790852              12
   34.782529885499997        29.356398440699998        26.3335304              12
   34.829121143700000        29.403769848999996        99.1315079              12
   34.837996172599993        29.393495062300008        177.490952              12
   34.816129617800001        29.406274831700003        14.1827631              12
   34.805493875799996        29.296573292000005        585.440186               7
   34.873320787899999        29.339196409500005        869.757874               5
   34.910839751399998        29.370604773299998        810.717102               5
   34.899821930599998        29.288266579700000        630.010071               6
   34.928465787800000        29.271434560699998        6.53064728              12
   34.940835978199999        29.297128892100009        11.6621819              12
   34.941637297900009        29.306012106800001        20.3354130              12
   34.944628617200003        29.313562693800005        7.27505064              12
   34.886925196500002        29.425762833799997        638.118408               6
   34.947845060500001        29.377628755300005        352.072418               8
   34.961241539699998        29.384257021999996        103.700760              12
   34.901845835800010        29.406119003899999        825.884155               5
   34.822652936099999        29.411920117000005        27.5814075              12
   34.827015881500003        29.422962128399998        5.00000000              12
   34.849820790099997        29.440018536800000        12.2773628              12
   34.878631785200000        29.480969667299998        5.48294067              12
   34.927936113500003        29.509026358900005        120.052460              12
   34.965937632500001        29.441117208400005        118.080597              12
   34.949227144600002        29.446016806600003        487.899139               7
   34.972311383600001        29.458037560000001        176.333221              12
   34.961587341399998        29.548438071500001        14.5425453              12
   34.990594390200002        29.495508251400000        23.6257877              12
   34.942612150400002        29.358112185400000        303.080292               8
   34.951874637199992        29.351156156300000        83.3693314              12
   34.931470118199996        29.295742755399996        37.9363785              12
   34.948967970299996        29.301735380899995        5.00000000              12
   34.928224609099999        29.288226026600000        33.9511642              12
   34.935326193000002        29.257008123700004        5.00000000              12
           3           1           2           3
           3           4           5           6
           3           7           8           9
           3          10          11          12
           3          13          14          15
           3          16          17          18
           3          10          19          20
           3          21          22          23
           3          24          25          26
           3          27          28          29
           3          30          18          31
           3          32          31           4
           3          33          34          35
           3          36          37          38
           3          39          40          41
           3          42          43          44
           3          45          19           3
           3          15          46          13
           3          47          48          49
           3          50          51          52
           3           6           5          53
           3          54          55          56
           3          57          47          58
           3          59           2          60
           3          61          62          45
           3          19          55          20
           3          63          37          64
           3          65          66          67
           3          63          68          38
           3          36          69          70
           3          64          37          70
           3          69          71          70
           3          41          40          72
           3          33          73          32
           3           6          74          75
           3          76          77          13
           3          32          73          31
           3          30          25          16
           3          51           1          52
           3          35          78          28
           3          79          63          64
           3          68          80          38
           3          27          29          73
           3          81          82          83
           3          84          85          29
           3          86          24          87
           3          88          26          89
           3          22          90          23
           3          91           9          92
           3          25          93          26
           3          78          94          28
           3          88          91          87
           3          95          96          34
           3          28          84          29
           3          33          95          34
           3          97          68          63
           3          98          99          79
           3          97         100          68
           3          69         101          71
           3          71         102          70
           3         103         104          66
           3          65          67         105
           3         106          12         107
           3          66         108          67
           3          12          11         109
           3          12         109         107
           3         109         105         107
           3         110          69         111
           3         107         105          67
           3          11          20         112
           3          55          54          44
           3          57          59          47
           3         113          54          56
           3          44         112          20
           3         113          56          62
           3         113          62         114
           3          56          45          62
           3         115         113         114
           3         115          54         113
           3          42          54         115
           3          42          44          54
           3         116         117          77
           3         118          48         116
           3          49          48         118
           3          58          47          49
           3          57          61          59
           3          56          55          19
           3          59          61          45
           3          11         119         109
           3          10          20          11
           3          55          44          20
           3         106         120          12
           3          45          56          19
           3         120          10          12
           3           3           2          59
           3          38          80         120
           3         121          95          52
           3         107         111         106
           3         107          67         122
           3          36          38         106
           3          80           1         120
           3          37          36          70
           3         108          66         123
           3         124         125         101
           3         125         126          71
           3          79          97          63
           3         121          80          68
           3         111          36         106
           3         111          69          36
           3         106          38         120
           3          37          63          38
           3         120           1          10
           3          15          50         127
           3         128          96          72
           3         121          68         100
           3         100          96         121
           3         128          40         129
           3          52          95         130
           3         121          96          95
           3          80          52           1
           3          80         121          52
           3         117           2          51
           3          50         130         127
           3          45           3          59
           3           1          51           2
           3          10           3          19
           3          10           1           3
           3          47          60          48
           3          47          59          60
           3          60         117          48
           3          60           2         117
           3         118         116         131
           3          48         117         116
           3          76         116          77
           3         117          51          77
           3          15          14          50
           3          77          51          14
           3         132          76          13
           3          77          14          13
           3          46         132          13
           3         131         116          76
           3          75         133          15
           3           4          75         127
           3          74         133          75
           3          75          15         127
           3         133          46          15
           3           4           6          75
           3          53          18          17
           3          74           6         134
           3          82         135          24
           3          16          18          30
           3          53           5          18
           3         134           6          53
           3          29         136         137
           3          18           5          31
           3          32           4         127
           3          31           5           4
           3          51          50          14
           3          52         130          50
           3         130          32         127
           3         130          33          32
           3          73          33          27
           3         130          95          33
           3          86          82          24
           3         135          17          16
           3          73          29         137
           3         137         136         138
           3          22          83          86
           3          24          26          87
           3          24          16          25
           3          24         135          16
           3          91          22          87
           3          21          81          83
           3          21         139          81
           3          90          22          91
           3          21          83          22
           3          22          86          87
           3          83          82          86
           3           8          92           9
           3          92          90          91
           3          21          23         139
           3          88          89           7
           3          88           7           9
           3          89          26         140
           3          25         138          93
           3          91          88           9
           3          87          26          88
           3          30         138          25
           3          26          93         140
           3         129          78          35
           3         128         129          34
           3          33          35          27
           3          94          84          28
           3          30         137         138
           3          29          85         136
           3          27          35          28
           3          34         129          35
           3          31         137          30
           3          31          73         137
           3         100          72          96
           3         141          97         142
           3          96         128          34
           3          72          40         128
           3         100          97         141
           3         142          39          41
           3         102          98          64
           3          99         142          97
           3          99          97          79
           3         142          41         141
           3          69         143         101
           3         125         144         126
           3         101         125          71
           3          70         102          64
           3          71         126         102
           3         124         144         125
           3          72         141          41
           3          72         100         141
           3          64          98          79
           3         145         143         110
           3         124         101         143
           3          69         110         143
           3         122          67         108
           3         104         123          66
           3         110         108         145
           3         104         146         123
           3         145         108         123
           3         110         111         122
           3         110         122         108
           3         111         107         122
           1           2           3
           2           3           1
           3           1           2
           4           5           6
           5           6           4
           6           4           5
           7           8           9
           8           9           7
           9           7           8
          10          11          12
          11          12          10
          12          10          11
          13          14          15
          14          15          13
          15          13          14
          16          17          18
          17          18          16
          18          16          17
          19          19          20
          20          20          10
          21          10          19
          22          22          23
          23          23          21
          24          21          22
          25          25          26
          26          26          24
          27          24          25
          28          28          29
          29          29          27
          30          27          28
          31          18          31
          32          31          30
          33          30          18
          34          31           4
          35           4          32
          36          32          31
          37          34          35
          38          35          33
          39          33          34
          40          37          38
          41          38          36
          42          36          37
          43          40          41
          44          41          39
          45          39          40
          46          44          43
          47          44          42
          48          42          43
          49          19           3
          50           3          45
          51          45          19
          52          46          13
          53          15          46
          54          48          49
          55          49          47
          56          47          48
          57          51          52
          58          52          50
          59          50          51
          60           5          53
          61          53           6
          62          55          56
          63          56          54
          64          54          55
          65          47          58
          66          58          57
          67          57          47
          68           2          60
          69          60          59
          70          59           2
          71          62          45
          72          45          61
          73          61          62
          74          55          20
          75          19          55
          76          37          64
          77          64          63
          78          63          37
          79          66          67
          80          67          65
          81          65          66
          82          68          38
          83          38          63
          84          63          68
          85          69          70
          86          70          36
          87          36          69
          88          37          70
          89          70          64
          90          71          70
          91          69          71
          92          40          72
          93          72          41
          94          73          32
          95          32          33
          96          33          73
          97          74          75
          98          75           6
          99           6          74
         100          77          13
         101          13          76
         102          76          77
         103          73          31
         104          25          16
         105          16          30
         106          30          25
         107           1          52
         108          51           1
         109          78          28
         110          28          35
         111          35          78
         112          64          79
         113          79          63
         114          80          38
         115          68          80
         116          29          73
         117          73          27
         118          82          83
         119          83          81
         120          81          82
         121          85          29
         122          29          84
         123          84          85
         124          24          87
         125          87          86
         126          86          24
         127          26          89
         128          89          88
         129          88          26
         130          90          23
         131          22          90
         132           9          92
         133          92          91
         134          91           9
         135          93          26
         136          25          93
         137          94          28
         138          78          94
         139          91          87
         140          87          88
         141          88          91
         142          96          34
         143          34          95
         144          95          96
         145          28          84
         146          33          95
         147          63          97
         148          97          68
         149          99          79
         150          79          98
         151          98          99
         152         100          68
         153          97         100
         154         101          71
         155          69         101
         156         102          70
         157          71         102
         158         104          66
         159          66         103
         160         103         104
         161          67         105
         162          65         105
         163          12         107
         164         107         106
         165         106          12
         166         108          67
         167          66         108
         168          11         109
         169         109          12
         170         109         107
         171         105         107
         172         109         105
         173          69         111
         174         111         110
         175         110          69
         176          67         107
         177          20         112
         178         112          11
         179          11          20
         180          54          44
         181          44          55
         182          59          47
         183          57          59
         184          56         113
         185         113          54
         186          20          44
         187         112          44
         188          56          62
         189          62         113
         190          62         114
         191         114         113
         192          56          45
         193         114         115
         194         115         113
         195         115          54
         196         115          42
         197          42          54
         198         117          77
         199          77         116
         200         116         117
         201          48         116
         202         116         118
         203         118          48
         204         118          49
         205          49          58
         206          61          59
         207          57          61
         208          19          56
         209          45          59
         210         109         119
         211          11         119
         212         120          12
         213         106         120
         214         120          10
         215          59           3
         216          80         120
         217         120          38
         218          95          52
         219          52         121
         220         121          95
         221         111         106
         222         107         111
         223          67         122
         224         122         107
         225          38         106
         226         106          36
         227           1         120
         228          80           1
         229          66         123
         230         123         108
         231         125         101
         232         101         124
         233         124         125
         234         126          71
         235          71         125
         236         125         126
         237          79          97
         238          68         121
         239         121          80
         240         111          36
         241           1          10
         242          50         127
         243         127          15
         244          15          50
         245          96          72
         246          72         128
         247         128          96
         248         100         121
         249          96         121
         250         100          96
         251          40         129
         252         129         128
         253         128          40
         254          95         130
         255         130          52
         256          80          52
         257           2          51
         258          51         117
         259         117           2
         260         130         127
         261          50         130
         262          10           3
         263          60          48
         264          47          60
         265         117          48
         266          60         117
         267         116         131
         268         131         118
         269          76         116
         270          51          77
         271          14          50
         272          51          14
         273          14          77
         274          13         132
         275         132          76
         276          46         132
         277          76         131
         278         133          15
         279          15          75
         280          75         133
         281          75         127
         282         127           4
         283           4          75
         284          74         133
         285         133          46
         286          17          53
         287          53          18
         288           6         134
         289         134          74
         290         135          24
         291          24          82
         292          82         135
         293           5          18
         294          53         134
         295         136         137
         296         137          29
         297          29         136
         298           5          31
         299         127          32
         300         130          32
         301         130          33
         302          33          27
         303          86          82
         304          16         135
         305         135          17
         306         137          73
         307         136         138
         308         138         137
         309          83          86
         310          86          22
         311          22          83
         312          26          87
         313          24          16
         314          22          87
         315          91          22
         316          83          21
         317          21          81
         318         139          81
         319          21         139
         320          91          90
         321           8          92
         322          92          90
         323          23         139
         324          89           7
         325           7          88
         326           9          88
         327          26         140
         328         140          89
         329         138          93
         330          25         138
         331          30         138
         332          93         140
         333          35         129
         334         129          78
         335         129          34
         336          34         128
         337          35          27
         338          94          84
         339          30         137
         340          85         136
         341          31         137
         342         100          72
         343          97         142
         344         142         141
         345         141          97
         346         141         100
         347          41         142
         348         142          39
         349          98          64
         350          64         102
         351         102          98
         352          97          99
         353          99         142
         354          41         141
         355         143         101
         356          69         143
         357         144         126
         358         125         144
         359         126         102
         360         124         144
         361          72         141
         362         143         110
         363         110         145
         364         145         143
         365         143         124
         366         108         122
         367         104         123
         368         108         145
         369         110         108
         370         146         123
         371         104         146
         372         123         145
         373         111         122
         374         122         110
