       4387       2725       1656         32         12          2          1          1          0          0          0          0          0          0          0          0          0          0
 local to global mapping:
         233
           1           6
           2           7
           3          11
           4          22
           5          35
           6          36
           7          39
           8          46
           9          48
          10          49
          11          50
          12          52
          13          66
          14          93
          15         139
          16         142
          17         152
          18         153
          19         159
          20         160
          21         164
          22         185
          23         186
          24         187
          25         189
          26         190
          27         193
          28         231
          29         369
          30         370
          31         372
          32         374
          33         376
          34         410
          35         411
          36         412
          37         570
          38         571
          39         572
          40         583
          41         584
          42         585
          43         586
          44         587
          45         590
          46         591
          47         592
          48         593
          49         594
          50         595
          51         596
          52         609
          53         627
          54         630
          55         631
          56         632
          57         633
          58         676
          59         677
          60         678
          61         681
          62         764
          63         765
          64         766
          65         767
          66         768
          67         769
          68         770
          69         771
          70         772
          71         774
          72         776
          73         816
          74         818
          75         819
          76         820
          77         821
          78         822
          79         823
          80         824
          81         826
          82         828
          83         831
          84         940
          85         941
          86         942
          87         943
          88         944
          89         945
          90         946
          91         947
          92         948
          93         949
          94         951
          95        1395
          96        1396
          97        1398
          98        1399
          99        1400
         100        1401
         101        1402
         102        1407
         103        1408
         104        1409
         105        1410
         106        1411
         107        1412
         108        1413
         109        1414
         110        1415
         111        1416
         112        1615
         113        1630
         114        2204
         115        2205
         116        2206
         117        2207
         118        2208
         119        2209
         120        2210
         121        2211
         122        2212
         123        2213
         124        2214
         125        2215
         126        2216
         127        2217
         128        2218
         129        2219
         130        2220
         131        2221
         132        2222
         133        2223
         134        2224
         135        2225
         136        2226
         137        2227
         138        2228
         139        2229
         140        2230
         141        2231
         142        2265
         143        2266
         144        2271
         145        2272
         146        2273
         147        2274
         148        2275
         149        2276
         150        2277
         151        2278
         152        2279
         153        2280
         154        2281
         155        2283
         156        2284
         157        2285
         158        2286
         159        2287
         160        2288
         161        2289
         162        2290
         163        2291
         164        2292
         165        2293
         166        2294
         167        2295
         168        2296
         169        2297
         170        2298
         171        2299
         172        2300
         173        2301
         174        2302
         175        2303
         176        2304
         177        2305
         178        2306
         179        2307
         180        2308
         181        2309
         182        2310
         183        2311
         184        2312
         185        2313
         186        2314
         187        2315
         188        2316
         189        2317
         190        2318
         191        2319
         192        2320
         193        2321
         194        2322
         195        2323
         196        2324
         197        2325
         198        2326
         199        2327
         200        2328
         201        2329
         202        2330
         203        2331
         204        2332
         205        2333
         206        2334
         207        2341
         208        2342
         209        2343
         210        2344
         211        2345
         212        2439
         213        2443
         214        2444
         215        2445
         216        2446
         217        2447
         218        2448
         219        2449
         220        2450
         221        2456
         222        2457
         223        2458
         224        2486
         225        2489
         226        2491
         227        2492
         228        2493
         229        2494
         230        2496
         231        2497
         232        2498
         233        2504
         165
           1        1592
           2        1578
           3        1577
           4        1169
           5        1167
           6        1101
           7         856
           8         857
           9         910
          10         437
          11         458
          12         436
          13        1415
          14        1414
          15        1368
          16        1560
          17        1575
          18        1037
          19        1038
          20        1033
          21         969
          22         970
          23        1098
          24        1166
          25        1097
          26         914
          27         861
          28        1501
          29        1461
          30        1502
          31         853
          32         854
          33         908
          34         435
          35        1535
          36        1557
          37        1534
          38        1444
          39        1455
          40        1490
          41        1593
          42        1606
          43        1555
          44        1574
          45        1554
          46        1558
          47        1570
          48        1369
          49        1328
          50        1329
          51        1533
          52        1532
          53         862
          54         909
          55         968
          56        1032
          57         976
          58         975
          59         907
          60         475
          61         460
          62         461
          63         473
          64         467
          65         457
          66         434
          67         450
          68         418
          69         438
          70         479
          71        1591
          72        1576
          73        1468
          74        1508
          75        1509
          76        1579
          77        1536
          78        1537
          79        1559
          80        1500
          81        1459
          82        1465
          83        1505
          84        1504
          85        1458
          86        1499
          87        1457
          88        1412
          89        1327
          90        1466
          91        1539
          92        1364
          93        1339
          94        1326
          95        1531
          96        1510
          97        1470
          98        1471
          99        1295
         100        1530
         101        1460
         102        1589
         103        1603
         104        1588
         105        1571
         106         863
         107         915
         108         916
         109         977
         110         978
         111        1102
         112        1034
         113         855
         114         820
         115         967
         116         439
         117         419
         118         474
         119         459
         120         495
         121         496
         122         476
         123         483
         124         519
         125        1395
         126        1420
         127        1377
         128        1423
         129        1421
         130        1379
         131        1378
         132        1556
         133        1469
         134        1422
         135        1507
         136        1467
         137        1506
         138        1538
         139        1550
         140        1605
         141        1525
         142        1464
         143        1572
         144        1524
         145        1551
         146        1498
         147        1367
         148        1456
         149        1411
         150        1413
         151        1408
         152        1407
         153        1409
         154        1366
         155        1365
         156        1410
         157        1424
         158        1297
         159        1294
         160        1330
         161        1370
         162        1371
         163        1416
         164        1462
         165        1417
         396
           1          16
           2          17
           3          18
           4          19
           5          20
           6          21
           7          31
           8          32
           9          33
          10          63
          11          64
          12          65
          13         101
          14         102
          15         103
          16         104
          17         105
          18         106
          19         112
          20         113
          21         114
          22         133
          23         134
          24         135
          25         139
          26         140
          27         141
          28         142
          29         143
          30         144
          31         145
          32         146
          33         150
          34         151
          35         152
          36         190
          37         191
          38         192
          39         269
          40         270
          41         399
          42         400
          43         401
          44         408
          45         409
          46         410
          47         436
          48         437
          49         438
          50         439
          51         440
          52         441
          53         456
          54         457
          55         458
          56         459
          57         460
          58         461
          59         470
          60         471
          61         472
          62         527
          63         528
          64         529
          65         530
          66         531
          67         532
          68         533
          69         534
          70         537
          71         538
          72         539
          73         540
          74         546
          75         547
          76         640
          77         641
          78         642
          79         980
          80         981
          81         982
          82         983
          83         984
          84         951
          85         988
          86         989
          87         990
          88         994
          89         997
          90         996
          91        1084
          92        1085
          93        1086
          94        1087
          95        1088
          96        1089
          97        1474
          98        1475
          99        1476
         100        1477
         101        1478
         102        1479
         103        1480
         104        1481
         105        1511
         106        1512
         107        1513
         108        1514
         109        1515
         110        1516
         111        1517
         112        1518
         113        1519
         114        1520
         115        1521
         116        1522
         117        1523
         118        1530
         119        1531
         120        1532
         121        1533
         122        1534
         123        1535
         124        1536
         125        1537
         126        1538
         127        1539
         128        1540
         129        1541
         130        1542
         131        1543
         132        1544
         133        1545
         134        1546
         135        1547
         136        1548
         137        1577
         138        1578
         139        1579
         140        1623
         141        1624
         142        1630
         143        1529
         144        1631
         145        1632
         146        1633
         147        1634
         148        1635
         149        1636
         150        1637
         151        1740
         152        1741
         153        1742
         154        1743
         155        1744
         156        1745
         157        1746
         158         469
         159        1751
         160        1909
         161        1910
         162        1911
         163        1912
         164        1913
         165        1914
         166        1915
         167        1916
         168        1917
         169        1918
         170        1919
         171        1920
         172        1921
         173        1922
         174        1923
         175        1924
         176        1925
         177        1926
         178        1928
         179        1930
         180        1929
         181        1974
         182        1975
         183        1976
         184        1977
         185        1978
         186        1979
         187        1980
         188        1981
         189         571
         190        1989
         191        1988
         192        2116
         193        2117
         194        2118
         195        2119
         196        2120
         197        2121
         198        2122
         199        2123
         200        2124
         201        2115
         202        2126
         203        2704
         204        2705
         205        2706
         206        2707
         207        2708
         208        2710
         209        2711
         210        2712
         211        2713
         212        2714
         213        2715
         214        2716
         215        2725
         216        2726
         217        2727
         218        2728
         219        2729
         220        2730
         221        2731
         222        2732
         223        2733
         224        2734
         225        2702
         226        2735
         227        2736
         228         952
         229        3027
         230        3040
         231         940
         232        3718
         233        3719
         234        3720
         235        3721
         236        3722
         237        3723
         238        3724
         239        3725
         240        3726
         241        3727
         242        3728
         243        3729
         244        3730
         245        3731
         246        3732
         247        3733
         248        3734
         249        3735
         250        3736
         251        3737
         252        3738
         253        3739
         254        3740
         255        3741
         256        3742
         257        3743
         258        3744
         259        3745
         260        3746
         261        3747
         262        3748
         263        3749
         264        3750
         265        3751
         266        3752
         267        3753
         268        3754
         269        3755
         270        3756
         271        3757
         272        3758
         273        3759
         274        3760
         275        3761
         276        3762
         277        3763
         278        3811
         279        3812
         280        3816
         281        3765
         282        3817
         283        3818
         284        3819
         285        3820
         286        3821
         287        3822
         288        3823
         289        3824
         290        3825
         291        3826
         292        3827
         293        3828
         294        3829
         295        3830
         296        3831
         297        3833
         298        3834
         299        3835
         300        3836
         301        3837
         302        3838
         303        3839
         304        3840
         305        3841
         306        3842
         307        3843
         308        3844
         309        3845
         310        3846
         311        3847
         312        3848
         313        3849
         314        3850
         315        3851
         316        3852
         317        3853
         318        3854
         319        3855
         320        3856
         321        3857
         322        3858
         323        3859
         324        3860
         325        3861
         326        3862
         327        3863
         328        3864
         329        3865
         330        3866
         331        3867
         332        3868
         333        3869
         334        3870
         335        3871
         336        3872
         337        3873
         338        3874
         339        3875
         340        3876
         341        3877
         342        3878
         343        3879
         344        3880
         345        3881
         346        3882
         347        3883
         348        3884
         349        3885
         350        3886
         351        3887
         352        3888
         353        3889
         354        3890
         355        3891
         356        3892
         357        3893
         358        3894
         359        3895
         360        3896
         361        3897
         362        3898
         363        3899
         364        3900
         365        3911
         366        3912
         367        3913
         368        3914
         369        3915
         370        3916
         371        3917
         372        4041
         373        4042
         374        4043
         375        4044
         376        4046
         377        4047
         378        4048
         379        4049
         380        4050
         381        4051
         382        4052
         383        4053
         384        4054
         385        4059
         386        4060
         387        4061
         388        4062
         389        4107
         390        4108
         391        4110
         392        4109
         393        4111
         394        4113
         395        4058
         396        4121
 Header:
       2000          2          1           0.00           0.00
        48  0.9000000E+03      3     32     12    0.99999998E-02    0.20000000E+03    0.10000000E+02    0.00000000E+00    0.99999997E-04   2
  -1800.00000    
  -1600.00000    
  -1400.00000    
  -1200.00000    
  -1000.00000    
  -800.000000    
  -600.000000    
  -400.000000    
  -300.000000    
  -260.000000    
  -230.000000    
  -1.00000000    
 -0.949999988    
 -0.899999976    
 -0.850000024    
 -0.800000012    
 -0.750000000    
 -0.699999988    
 -0.649999976    
 -0.600000024    
 -0.550000012    
 -0.500000000    
 -0.449999988    
 -0.400000006    
 -0.349999994    
 -0.300000012    
 -0.250000000    
 -0.200000003    
 -0.150000006    
 -0.100000001    
  -5.00000007E-02
   0.00000000    
         165         233
   35.084416885700001        28.049074878799996        33.0010681              12
   35.079926838499993        28.066411300700000        10.1102381              12
   35.063897869099996        28.059519310599999        6.97094536              12
   34.369233694099997        27.818557284099999        1245.32922               3
   34.382420554500001        27.841026899900001        1227.96838               3
   34.357872029799999        27.844587556000000        1150.32800               4
   34.339276145400000        27.904837246900001        104.083244              12
   34.333055370899999        27.902481270599999        52.4842567              12
   34.341713632100003        27.896047496800001        237.146759              10
   34.591096286399996        28.652466741000005        342.228485               8
   34.599560236199999        28.661320267899999        613.725952               6
   34.587718320900002        28.659933186900002        136.594864              12
   34.879582798100003        28.054239910300002        181.279877              12
   34.895888221400000        28.062962600499997        101.232697              12
   34.881388534199992        28.068474634599998        78.5337753              12
   35.084583914200003        28.077679122700001        6.17863846              12
   35.094577323499998        28.072089455499999        8.37749958              12
   34.350243306500005        27.861364212300003        1029.55627               4
   34.333838476399997        27.848852635699998        390.424133               8
   34.369371618900004        27.886128362499996        1077.49756               4
   34.356107246199997        27.896707459400005        498.807556               7
   34.351075452300002        27.886111309699999        591.882874               7
   34.373732349700006        27.864144056099999        1209.70447               3
   34.404318862699995        27.857793322999999        1152.76611               4
   34.393085995600003        27.881140974099999        1313.24280               3
   34.338139339100003        27.885923856600002        339.425293               8
   34.330219342200003        27.895127559900001        64.6069107              12
   34.915180827000000        28.024915769600000        150.660522              12
   34.881696195600000        28.017662611200002        184.524567              12
   34.902045120600008        27.989533178199999        175.991837              12
   34.358390707700011        27.915497043100000        55.3810997              12
   34.351412522200000        27.910501755900000        105.720558              12
   34.358371508799998        27.906585579199998        323.205597               8
   34.590537479600002        28.670555392099992        94.8737411              12
   35.034136889400003        28.070331913299999        5.00000000              12
   35.051063008300005        28.070897192999997        5.00000000              12
   35.040878485899995        28.078352347199999        5.00000000              12
   35.009918136299994        28.083459028199997        14.3741550              12
   34.994770067499999        28.077282106700000        22.7047367              12
   35.009555848600002        28.070929751300000        19.0679321              12
   35.101637908599997        28.054733920699999        29.2338333              12
   35.105946494100003        28.040775522600001        42.8497772              12
   34.982753937900000        27.957523668499995        95.1174774              12
   35.030202992500001        27.977056678200004        38.1994743              12
   34.997382073200001        28.008330211600001        11.4091511              12
   35.042793765799992        28.058324812999999        5.00000000              12
   35.047274603300004        28.048194064299999        5.00000000              12
   34.871087479000010        28.062899453699998        149.696579              12
   34.870570308799998        28.071559157299998        77.9056473              12
   34.861238783099999        28.065530520799996        142.646469              12
   34.928138338799997        27.951123311500002        56.5881462              12
   34.949994589800006        27.999888425900000        53.5848007              12
   34.328413164299995        27.882681247499999        63.0433617              12
   34.347481935399998        27.904020943700004        200.739868              11
   34.369362961500002        27.902771306699997        806.077698               5
   34.384928245600001        27.899047922500003        1276.24695               3
   34.335430920000000        27.864929728700002        462.876617               7
   34.344404311399991        27.875099826899998        644.919861               6
   34.364986694199999        27.914757622100002        188.124542              12
   34.598558038500002        28.633806786600005        749.684143               6
   34.592165031399993        28.643432480500000        484.409576               7
   34.583538385700002        28.634289579800001        153.329239              12
   34.618644607199997        28.657530245000000        1129.70056               4
   34.629668570100002        28.675982129800001        879.364258               5
   34.608780607200011        28.671327373600004        564.852112               7
   34.600515001100000        28.682495150200005        58.2470093              12
   34.614982036599997        28.683837349399997        292.803650               9
   34.580210964800003        28.653329843899996        51.9776649              12
   34.584552717800001        28.647430495200002        104.682465              12
   34.593630512799997        28.621666152000000        544.492737               7
   35.105362081700001        28.065812406000003        14.3520727              12
   35.106021455499999        28.073925395800003        5.00000000              12
   35.054216410899997        28.104591343500001        5.00000000              12
   35.060418670600001        28.098944605799996        5.00000000              12
   35.064854490400002        28.105690668600005        5.00000000              12
   35.092433743999997        28.061990600000005        24.1109085              12
   35.058403664200000        28.090378973500002        5.00000000              12
   35.072993497799999        28.096481949300003        5.00000000              12
   35.068909632299999        28.079522043500003        5.09396648              12
   34.943065144300000        28.038767519499999        34.2375870              12
   34.917181014699999        28.056852801400005        73.8594666              12
   35.022913885199998        28.084090959800005        5.71120977              12
   35.029060499099998        28.078115479200001        5.00000000              12
   35.033832546600003        28.083953249699999        5.00000000              12
   34.938892484800000        28.064332494500004        39.1738892              12
   34.963672681200002        28.058275766000001        23.8837986              12
   34.955044735100003        28.076707751099999        12.5207253              12
   34.907588969499997        28.076374011700000        22.2166653              12
   34.877744019200001        28.078871086900005        10.4809141              12
   35.018467542200000        28.077641646399996        9.04193306              12
   35.086103125900003        28.088775199899999        5.00000000              12
   35.000362467700000        28.099802164700005        7.87399340              12
   35.001499863500001        28.109220422999996        5.00000000              12
   34.991775799499990        28.105693177499997        5.68321466              12
   34.974694925999998        28.034027146199996        8.96746159              12
   35.044206389499998        28.088596377900000        5.00000000              12
   35.040981923100006        28.096291393999998        5.00000000              12
   35.032213530400000        28.091511015899997        5.00000000              12
   34.862266806800001        28.074209975199999        24.3346024              12
   35.003308292800000        28.041798915299999        17.1178341              12
   34.894042623300003        28.042253903999999        182.979172              12
   35.063314920300009        28.005818926600000        18.8359375              12
   35.089438960499997        28.025081733000004        47.3550186              12
   35.066822949200002        28.036341541399999        16.1544018              12
   35.044641555699997        28.031515047500005        5.00000000              12
   34.324044438599998        27.876775403100005        52.5848465              12
   34.333491821999992        27.875772965300001        282.501373               9
   34.326049761100002        27.870535532700000        129.826340              12
   34.322901691500000        27.860284723900001        23.9092560              12
   34.313980223199998        27.847552161199999        23.4315224              12
   34.342154799600003        27.828684832200000        1041.92798               4
   34.357886630899998        27.874649269599999        952.186890               5
   34.340020078000009        27.911376599200000        16.4747372              12
   34.330779608299999        27.910168347599999        19.3893986              12
   34.378384850700002        27.913218561800004        861.912476               5
   34.581976679599997        28.641096819300000        109.199509              12
   34.576153584899998        28.647083867199996        5.00000000              12
   34.610209497200003        28.641986770300001        1190.22827               4
   34.601533503299997        28.651116149400000        789.869446               6
   34.635030508299998        28.639398106499996        1316.41382               3
   34.615698653700001        28.625791675199999        1169.43103               4
   34.575396577500008        28.622860650100002        23.2272110              12
   34.647196406299997        28.661584441799999        1348.23206               3
   34.644113946899999        28.610506898000001        1189.84106               4
   35.007938305199993        28.093832303799999        10.8593607              12
   35.017789269100007        28.091124705300004        6.16734362              12
   35.009686604499997        28.103336397400003        5.40780973              12
   35.034940497100003        28.100644823200003        5.01476145              12
   35.033621846400003        28.108248850900004        5.52401352              12
   35.025721815899999        28.103675740500002        5.76500893              12
   35.023368370299998        28.111892497900001        5.29733372              12
   35.097892336299999        28.082818544400006        5.00000000              12
   35.057837704299999        28.111255468700001        5.00000000              12
   35.049728623100002        28.110505653499999        5.00000000              12
   35.050161092200000        28.097165475799997        5.00000000              12
   35.043886963900007        28.104665615700004        5.01476145              12
   35.024409891599994        28.071584871599995        5.61768579              12
   35.052672192899998        28.081894096900005        5.00000000              12
   35.029661151599996        28.050903166700003        7.34776688              12
   35.115856195299997        28.056047043600003        10.6324673              12
   35.023230601500003        28.063305128400000        7.66109419              12
   35.027463191199999        28.090761570400005        5.00000000              12
   35.031953034099999        28.009265585800001        5.30854225              12
   35.010520778400000        28.057636054500005        19.9917870              12
   35.022179543700005        28.031447954299999        7.61514616              12
   34.989948067100002        28.060328705799996        21.9170818              12
   34.890255333100001        28.078518856900001        17.5230579              12
   34.974271903999998        28.076521011300002        10.8307161              12
   34.934480176800001        28.080066564999996        6.22431946              12
   34.921003111799997        28.076398068000003        16.0528164              12
   34.983148798300000        28.088327357899995        8.78024483              12
   34.998290956600002        28.089106064300001        16.4235744              12
   34.964409824299999        28.095377451899999        5.00000000              12
   34.982047603500000        28.098978141300005        5.07742691              12
   34.991888215199999        28.096291865100003        11.6769600              12
   34.946516138400000        28.088198525399996        5.00000000              12
   35.029198803299998        28.097719042799998        5.00000000              12
   34.853465693099999        28.070575856799998        47.4236870              12
   34.867725878400002        28.078738156299995        16.6279793              12
   34.848200729100000        28.060662410700001        117.243286              12
   34.862269098600002        28.054058338299999        230.594147              10
   34.848640047799996        28.043603310400005        154.955246              12
   34.869235463700008        28.038562213999995        209.720535              11
   34.858133453199997        27.991537880799996        101.805763              12
   34.850599285300000        28.020347240199996        81.6474228              12
           3           1           2           3
           3           4           5           6
           3           7           8           9
           3          10          11          12
           3          13          14          15
           3          16           2          17
           3          18          19           6
           3          20          21          22
           3          23          24          25
           3          26           9          27
           3          26          22           9
           3          28          29          30
           3          31          32          33
           3          12          11          34
           3          35          36          37
           3          38          39          40
           3          41           1          42
           3          43          44          45
           3           3          46          47
           3          48          49          50
           3          51          52          30
           3          53          26          27
           3          21          33          54
           3          55          20          56
           3          22          21           9
           3          57          18          58
           3          18           6          23
           3          33          55          59
           3          60          61          62
           3          63          64          65
           3          34          65          66
           3          11          65          34
           3          65          67          66
           3          68          69          10
           3          63          65          11
           3          62          70          60
           3          71          72          17
           3          73          74          75
           3          76          71          17
           3          76           2           1
           3          77          78          74
           3          77          79          78
           3          28          80          81
           3          82          83          84
           3          85          86          87
           3          14          81          88
           3          49          15          89
           3          38          40          90
           3          79          91          78
           3          92          93          94
           3          86          80          95
           3          96          97          98
           3          49          99          50
           3          51          43          52
           3          45         100          95
           3         101          28          81
           3          52          80          28
           3         102         103         104
           3         105         104          47
           3         103           1         104
           3         104         105         102
           3          53         106         107
           3           8          27           9
           3          54           7           9
           3         108         107         106
           3          58          26         107
           3          19          57         109
           3          58         107          57
           3          57         107         108
           3          19         109         110
           3          57         108         109
           3           6           5          23
           3         111           6          19
           3          58          18         112
           3          57          19          18
           3         107          26          53
           3          58         112          22
           3          58          22          26
           3         112          20          22
           3          23          20         112
           3          18          23         112
           3           5          24          23
           3          20          23          25
           3          20          25          56
           3          21          55          33
           3          21          20          55
           3          21          54           9
           3         113           7          54
           3         114           8           7
           3           7         113         114
           3          54          33          32
           3          54          32         113
           3          33          59          31
           3          59          55         115
           3          69         116          61
           3          69         117         116
           3          10          69          61
           3          68         117          69
           3         116          62          61
           3          68          10          12
           3          61         118         119
           3         119         118          63
           3         118         120          63
           3         120         118         121
           3          63          11         119
           3          10         119          11
           3          10          61         119
           3         118          60         121
           3          62         122          70
           3         121          60          70
           3         118          61          60
           3         120         123          63
           3         124         120         121
           3          84          96          98
           3         125         126         127
           3         128         129         130
           3         131         130         129
           3          17         132          16
           3         132          91          16
           3          73         133         134
           3         135          96          77
           3          75          74          78
           3          75         133          73
           3         129         128         136
           3         135          74          73
           3         134         136          73
           3          35          83         137
           3           3          79          36
           3          79          16          91
           3         135          77          74
           3         138          79          77
           3          36          79         138
           3           2          16          79
           3          96          84          37
           3          46           3          36
           3           1           3         104
           3           2          79           3
           3          41          76           1
           3          17           2          76
           3          41          71          76
           3          72         132          17
           3         105          47         139
           3         104           3          47
           3         140          71          41
           3         138          37          36
           3         141         137          40
           3          84          83          37
           3          82         142         126
           3         126         125          38
           3          40         137          90
           3          83          90         137
           3          36          35          46
           3          37          83          35
           3         143         102         105
           3          40         144         141
           3         145         105         139
           3         100         144         146
           3         100         139         144
           3         139         141         144
           3          95         146          86
           3         144          40         146
           3          95         100         146
           3         145         139         100
           3          52          95          80
           3          45          44         143
           3          85          81          80
           3          14         147          15
           3          39         148         146
           3          85          80          86
           3         149         150          85
           3          88         147          14
           3         148          87          86
           3         150          81          85
           3         151          39         152
           3         146          40          39
           3         146         148          86
           3          87         149          85
           3         148         153          87
           3         154         155          94
           3         148         151         153
           3          87         156         149
           3          38         152          39
           3         155         151         152
           3          39         151         148
           3         155         154         151
           3          82          38          90
           3         125         127          92
           3          83          82          90
           3         138          96          37
           3          77          96         138
           3          97         128          98
           3          84         142          82
           3          82         126          38
           3          98         128         157
           3         135          97          96
           3         135          73         136
           3          97         136         128
           3          97         135         136
           3         157         128         130
           3         152          92         155
           3         127          93          92
           3         152         125          92
           3         152          38         125
           3          87         153         156
           3         151         154         153
           3         155          92          94
           3          89          15         147
           3         150          88          81
           3          50          99         158
           3          49          89         159
           3          99          49         159
           3          50         160         161
           3         160          50         158
           3          48          15          49
           3          48          13          15
           3         101          81          14
           3         161          48          50
           3         161          13          48
           3         162         163         161
           3         101          14          13
           3          13         161         163
           3         163         101          13
           3         163          29         101
           3          45          95          52
           3         145         143         105
           3         100          45         145
           3          44         102         143
           3          43          45          52
           3         143         145          45
           3          28         101          29
           3          28          30          52
           3          29         164          30
           3          29         163         165
           1           2           3
           2           3           1
           3           1           2
           4           5           6
           5           6           4
           6           4           5
           7           8           9
           8           9           7
           9           7           8
          10          11          12
          11          12          10
          12          10          11
          13          14          15
          14          15          13
          15          13          14
          16           2          17
          17          17          16
          18          16           2
          19          19           6
          20           6          18
          21          18          19
          22          21          22
          23          22          20
          24          20          21
          25          24          25
          26          25          23
          27          23          24
          28           9          27
          29          27          26
          30          26           9
          31          22           9
          32          26          22
          33          29          30
          34          30          28
          35          28          29
          36          32          33
          37          33          31
          38          31          32
          39          11          34
          40          34          12
          41          36          37
          42          37          35
          43          35          36
          44          39          40
          45          40          38
          46          38          39
          47           1          42
          48          42          41
          49          41           1
          50          44          45
          51          45          43
          52          43          44
          53          46          47
          54          47           3
          55           3          46
          56          49          50
          57          50          48
          58          48          49
          59          52          30
          60          30          51
          61          51          52
          62          27          53
          63          53          26
          64          33          54
          65          54          21
          66          21          33
          67          20          56
          68          56          55
          69          55          20
          70          21           9
          71          18          58
          72          58          57
          73          57          18
          74           6          23
          75          23          18
          76          55          59
          77          59          33
          78          33          55
          79          61          62
          80          62          60
          81          60          61
          82          64          65
          83          65          63
          84          64          63
          85          65          66
          86          66          34
          87          34          65
          88          11          65
          89          67          66
          90          67          65
          91          69          10
          92          10          68
          93          68          69
          94          11          63
          95          70          60
          96          62          70
          97          72          17
          98          17          71
          99          71          72
         100          74          75
         101          75          73
         102          73          74
         103          17          76
         104          76          71
         105           1          76
         106          76           2
         107          78          74
         108          74          77
         109          77          78
         110          79          78
         111          77          79
         112          80          81
         113          81          28
         114          28          80
         115          83          84
         116          84          82
         117          82          83
         118          86          87
         119          87          85
         120          85          86
         121          81          88
         122          88          14
         123          14          81
         124          15          89
         125          89          49
         126          49          15
         127          40          90
         128          90          38
         129          91          78
         130          79          91
         131          93          94
         132          94          92
         133          92          93
         134          80          95
         135          95          86
         136          86          80
         137          97          98
         138          98          96
         139          96          97
         140          99          50
         141          49          99
         142          43          52
         143          43          51
         144         100          95
         145          95          45
         146          45         100
         147          81         101
         148         101          28
         149          28          52
         150          52          80
         151         103         104
         152         104         102
         153         102         103
         154         104          47
         155          47         105
         156         105         104
         157           1         104
         158           1         103
         159         105         102
         160         106         107
         161         107          53
         162          53         106
         163           8          27
         164           9          54
         165          54           7
         166         106         108
         167         108         107
         168          26         107
         169         107          58
         170          58          26
         171          57         109
         172         109          19
         173          19          57
         174         107          57
         175         108          57
         176         109         110
         177         110          19
         178         108         109
         179           5          23
         180         111          19
         181         111           6
         182          18         112
         183         112          58
         184         112          22
         185          22          58
         186         112          20
         187         112          23
         188          23          20
         189          24           5
         190          25          20
         191          56          25
         192          21          55
         193          54         113
         194         113           7
         195           7         114
         196         114           8
         197         113         114
         198          32          54
         199          32         113
         200          59          31
         201         115          55
         202         115          59
         203         116          61
         204          61          69
         205          69         116
         206         117         116
         207          69         117
         208          61          10
         209          68         117
         210         116          62
         211          12          68
         212         118         119
         213         119          61
         214          61         118
         215         118          63
         216          63         119
         217         120          63
         218         118         120
         219         118         121
         220         121         120
         221          11         119
         222          10         119
         223          60         121
         224         118          60
         225          70         122
         226          62         122
         227          70         121
         228          63         123
         229         120         123
         230         124         121
         231         120         124
         232          98          84
         233          84          96
         234         126         127
         235         127         125
         236         125         126
         237         129         130
         238         130         128
         239         128         129
         240         129         131
         241         131         130
         242         132          16
         243          17         132
         244          91          16
         245         132          91
         246         133         134
         247         134          73
         248          73         133
         249          96          77
         250          77         135
         251         135          96
         252          78          75
         253          75         133
         254         128         136
         255         136         129
         256          73         135
         257         135          74
         258         136          73
         259         134         136
         260          83         137
         261         137          35
         262          35          83
         263          79          36
         264          36           3
         265           3          79
         266          79          16
         267          77         138
         268         138          79
         269         138          36
         270          79           2
         271          84          37
         272          37          96
         273          36          46
         274           3         104
         275          41          76
         276          41          71
         277          72         132
         278          47         139
         279         139         105
         280         140          41
         281          71         140
         282         138          37
         283         137          40
         284          40         141
         285         141         137
         286          83          37
         287         142         126
         288         126          82
         289          82         142
         290         125          38
         291          38         126
         292         137          90
         293          83          90
         294          35          46
         295         105         143
         296         143         102
         297         144         141
         298          40         144
         299         139         145
         300         145         105
         301         144         146
         302         146         100
         303         100         144
         304         139         144
         305         100         139
         306         139         141
         307         146          86
         308          95         146
         309          40         146
         310         100         145
         311          52          95
         312          44         143
         313         143          45
         314          80          85
         315          85          81
         316         147          15
         317          14         147
         318         148         146
         319         146          39
         320          39         148
         321         150          85
         322          85         149
         323         149         150
         324          88         147
         325          86         148
         326         148          87
         327         150          81
         328          39         152
         329         152         151
         330         151          39
         331          87         149
         332         153          87
         333         148         153
         334         155          94
         335          94         154
         336         154         155
         337         151         153
         338         148         151
         339         156         149
         340          87         156
         341          38         152
         342         152         155
         343         155         151
         344         154         151
         345          90          82
         346          82          38
         347         127          92
         348          92         125
         349         138          96
         350         128          98
         351          97         128
         352          84         142
         353         128         157
         354         157          98
         355         135          97
         356         136         135
         357          97         136
         358         130         157
         359          92         155
         360         152          92
         361         127          93
         362         152         125
         363         153         156
         364         154         153
         365         147          89
         366         150          88
         367          99         158
         368         158          50
         369          89         159
         370         159          49
         371         159          99
         372         160         161
         373         161          50
         374          50         160
         375         160         158
         376          48          15
         377          48          13
         378          14         101
         379         161          48
         380         161          13
         381         163         161
         382         161         162
         383         162         163
         384          13         101
         385         163          13
         386         163         101
         387          29         101
         388         163          29
         389          52          45
         390         145         143
         391          45         145
         392         102          44
         393          30         164
         394          29         164
         395         165         163
         396          29         165
