       4387       2725       1656         32         12          2          1          1          0          0          0          0          0          0          0          0          0          0
 local to global mapping:
         233
           1          37
           2         161
           3         162
           4         167
           5         168
           6         169
           7         170
           8         171
           9         173
          10         199
          11         201
          12         203
          13         567
          14         589
          15         634
          16         660
          17         661
          18         663
          19         666
          20         668
          21         670
          22         671
          23         672
          24         673
          25         674
          26         685
          27         688
          28         689
          29         691
          30         692
          31         693
          32         694
          33         695
          34         696
          35         697
          36         698
          37         699
          38         700
          39         701
          40         702
          41         703
          42         704
          43         705
          44         706
          45         708
          46         710
          47         711
          48         712
          49         713
          50         714
          51         716
          52         719
          53         720
          54         721
          55         722
          56         723
          57         724
          58         725
          59         726
          60         727
          61         728
          62         798
          63         799
          64         808
          65        2466
          66        2467
          67        2468
          68        2469
          69        2475
          70        2476
          71        2477
          72        2478
          73        2479
          74        2480
          75        2481
          76        2482
          77        2483
          78        2529
          79        2532
          80        2533
          81        2534
          82        2535
          83        2536
          84        2537
          85        2538
          86        2539
          87        2548
          88        2549
          89        2550
          90        2554
          91        2555
          92        2556
          93        2557
          94        2558
          95        2559
          96        2560
          97        2561
          98        2562
          99        2563
         100        2564
         101        2565
         102        2566
         103        2567
         104        2568
         105        2569
         106        2570
         107        2571
         108        2572
         109        2573
         110        2574
         111        2575
         112        2576
         113        2577
         114        2578
         115        2579
         116        2580
         117        2581
         118        2582
         119        2583
         120        2584
         121        2585
         122        2586
         123        2587
         124        2588
         125        2589
         126        2590
         127        2591
         128        2592
         129        2593
         130        2594
         131        2595
         132        2596
         133        2597
         134        2598
         135        2599
         136        2600
         137        2601
         138        2602
         139        2603
         140        2604
         141        2605
         142        2606
         143        2607
         144        2608
         145        2609
         146        2610
         147        2611
         148        2612
         149        2613
         150        2614
         151        2615
         152        2616
         153        2617
         154        2618
         155        2619
         156        2620
         157        2621
         158        2622
         159        2623
         160        2624
         161        2625
         162        2626
         163        2630
         164        2631
         165        2632
         166        2633
         167        2634
         168        2636
         169        2643
         170        2654
         171        2663
         172        2664
         173        2665
         174        2666
         175        2667
         176        2668
         177        2669
         178        2670
         179        2671
         180        2672
         181        2673
         182        2674
         183        2675
         184        2676
         185        2677
         186        2678
         187        2679
         188        2680
         189        2681
         190        2682
         191        2683
         192        2684
         193        2685
         194        2686
         195        2687
         196        2688
         197        2689
         198        2690
         199        2691
         200        2692
         201        2693
         202        2694
         203        2695
         204        2696
         205        2697
         206        2698
         207        2699
         208        2700
         209        2701
         210        2702
         211        2703
         212        2704
         213        2705
         214        2706
         215        2707
         216        2708
         217        2709
         218        2710
         219        2711
         220        2712
         221        2713
         222        2714
         223        2715
         224        2716
         225        2717
         226        2718
         227        2719
         228        2720
         229        2721
         230        2722
         231        2723
         232        2724
         233        2725
         150
           1        1389
           2        1390
           3        1439
           4        1520
           5        1486
           6        1521
           7        1495
           8        1496
           9        1528
          10        1348
          11        1392
          12        1433
          13        1388
          14        1384
          15         922
          16         921
          17         984
          18         924
          19         871
          20         923
          21        1047
          22        1107
          23        1044
          24         869
          25        1045
          26         986
          27         988
          28        1046
          29        1347
          30        1391
          31        1555
          32        1533
          33        1552
          34        1502
          35        1503
          36        1527
          37        1526
          38        1584
          39        1567
          40        1585
          41        1494
          42        1476
          43        1513
          44        1497
          45        1516
          46        1484
          47        1546
          48        1547
          49        1477
          50        1514
          51        1544
          52        1565
          53        1543
          54        1529
          55        1442
          56        1487
          57        1441
          58        1472
          59        1652
          60        1393
          61        1394
          62        1475
          63        1344
          64        1427
          65        1426
          66        1474
          67        1438
          68        1440
          69        1515
          70        1483
          71        1519
          72        1324
          73        1363
          74        1325
          75        1362
          76        1361
          77        1404
          78         987
          79        1108
          80         985
          81        1106
          82         827
          83         870
          84         868
          85         825
          86         826
          87        1173
          88        1172
          89        1511
          90        1566
          91        1573
          92        1564
          93        1590
          94        1383
          95        1431
          96        1382
          97        1542
          98        1574
          99        1553
         100        1428
         101        1454
         102        1452
         103        1453
         104        1451
         105        1406
         106        1405
         107        1381
         108        1380
         109        1430
         110        1343
         111        1479
         112        1478
         113        1429
         114        1432
         115        1437
         116        1342
         117        1387
         118        1341
         119        1436
         120        1386
         121        1435
         122        1485
         123        1545
         124        1434
         125        1518
         126        1541
         127        1482
         128        1562
         129        1563
         130        1512
         131        1473
         132        1517
         133        1522
         134        1540
         135        1548
         136        1488
         137        1549
         138        1481
         139        1425
         140        1489
         141        1443
         142        1523
         143        1349
         144        1340
         145        1346
         146        1480
         147        1310
         148        1311
         149        1345
         150        1385
         382
           1         107
           2         108
           3         109
           4         462
           5         463
           6         464
           7         465
           8         466
           9         467
          10         479
          11         480
          12         481
          13         482
          14         483
          15         484
          16         485
          17         486
          18         487
          19         488
          20         489
          21         490
          22         491
          23         492
          24         493
          25         497
          26         498
          27         555
          28         556
          29         560
          30         561
          31         562
          32         566
          33         567
          34         568
          35        1466
          36        1467
          37        1468
          38        1527
          39        1528
          40        1529
          41        1638
          42         471
          43        1639
          44        1700
          45        1701
          46        1702
          47        1703
          48        1704
          49        1705
          50        1708
          51        1709
          52        1714
          53        1715
          54        1716
          55        1718
          56        1719
          57        1720
          58        1723
          59        1724
          60        1725
          61        1726
          62        1727
          63        1728
          64        1729
          65        1730
          66        1731
          67        1732
          68        1733
          69        1734
          70        1735
          71        1736
          72        1760
          73        1761
          74        1762
          75        1769
          76        1770
          77        1771
          78        1772
          79        1773
          80        1777
          81        1778
          82        1779
          83        1780
          84        1781
          85        1782
          86        1783
          87        1784
          88        1785
          89        1786
          90        1787
          91        1788
          92        1789
          93        1790
          94        1791
          95        1792
          96        1793
          97        1794
          98        1795
          99        1796
         100        1797
         101        1798
         102        1799
         103        1800
         104        1801
         105        1802
         106        1803
         107        1804
         108        1805
         109        1806
         110        1807
         111        1808
         112        1809
         113        1810
         114        1811
         115        1812
         116        1816
         117        1819
         118        1820
         119        1821
         120        1822
         121        1823
         122        1824
         123        1825
         124        1829
         125        1830
         126        1837
         127        1838
         128        1839
         129        1840
         130        1841
         131        1842
         132        1843
         133        1844
         134        1845
         135        1846
         136        1847
         137        1848
         138        1849
         139        1850
         140        1851
         141        1949
         142        1950
         143        1951
         144        1952
         145        1959
         146        4074
         147        4075
         148        4076
         149        4077
         150        4078
         151        4079
         152        4080
         153        4081
         154        4087
         155        4088
         156        4089
         157        4090
         158        4091
         159        4092
         160        4093
         161        4094
         162        4095
         163        4096
         164        4097
         165        4098
         166        4099
         167        4100
         168        4101
         169         441
         170        4102
         171        4103
         172        4104
         173        4137
         174        4139
         175        4140
         176        4141
         177        4142
         178        4143
         179        4144
         180        4145
         181        4146
         182        4147
         183        4148
         184        4149
         185        4150
         186        4151
         187        4157
         188         455
         189        4160
         190        4161
         191        4162
         192        4163
         193        4164
         194        4158
         195        4165
         196        4166
         197        4167
         198        4168
         199        4169
         200        4170
         201        4171
         202        4172
         203        4173
         204        4174
         205        4175
         206        4176
         207        4177
         208        4178
         209        4179
         210        4180
         211        4181
         212        4182
         213        4183
         214        4184
         215        4185
         216        4186
         217        4187
         218        4188
         219        4189
         220        4190
         221        4191
         222        4192
         223        4193
         224        4194
         225        4195
         226        4196
         227        4197
         228        4198
         229        4199
         230        4200
         231        4201
         232        4202
         233        4203
         234        4204
         235        4205
         236        4206
         237        4207
         238        4208
         239        4209
         240        4210
         241        4211
         242        4212
         243        4213
         244        4214
         245        4215
         246        4216
         247        4217
         248        4218
         249        4219
         250        4220
         251        4221
         252        4222
         253        4223
         254        4224
         255        4225
         256        4226
         257        4227
         258        4228
         259        4229
         260        4230
         261        4231
         262        4232
         263        4233
         264        4234
         265        4235
         266        4236
         267        4237
         268        4238
         269        4239
         270        4240
         271        4241
         272        4242
         273        4243
         274        4244
         275        4245
         276        4246
         277        4247
         278        4248
         279        4249
         280        4250
         281        4251
         282        4252
         283        4253
         284        4254
         285        4255
         286        4256
         287        4257
         288        4258
         289        4259
         290        4260
         291        4261
         292        4262
         293        4263
         294        4273
         295        4274
         296        4275
         297        4276
         298        4277
         299        1754
         300        4287
         301        4288
         302        4289
         303        4300
         304        4301
         305        4311
         306        4312
         307        4313
         308        4314
         309        4308
         310        4315
         311        4316
         312        4317
         313        4318
         314        4319
         315        4320
         316        4321
         317        4322
         318        4323
         319        4324
         320        4325
         321        4326
         322        4327
         323        4328
         324        4329
         325        4330
         326        4331
         327        4332
         328        4333
         329        4334
         330        4335
         331        4336
         332        4337
         333        4338
         334        4339
         335        4340
         336        4341
         337        4342
         338        4343
         339        4344
         340        4345
         341        4346
         342        4347
         343        4348
         344        4349
         345        4350
         346        4351
         347        4352
         348        4353
         349        4354
         350        4355
         351        4356
         352        4357
         353        4358
         354        4359
         355        4360
         356        4361
         357        4362
         358        4363
         359        4364
         360        4365
         361        4366
         362        4367
         363        4368
         364        4369
         365        4370
         366        4371
         367        4372
         368        4373
         369        4374
         370        4375
         371        4376
         372        4377
         373        4378
         374        4379
         375        4380
         376        4381
         377        4382
         378        4383
         379        4384
         380        4385
         381        4386
         382        4387
 Header:
       2000          2          1           0.00           0.00
        48  0.9000000E+03      3     32     12    0.99999998E-02    0.20000000E+03    0.10000000E+02    0.00000000E+00    0.99999997E-04   2
  -1800.00000    
  -1600.00000    
  -1400.00000    
  -1200.00000    
  -1000.00000    
  -800.000000    
  -600.000000    
  -400.000000    
  -300.000000    
  -260.000000    
  -230.000000    
  -1.00000000    
 -0.949999988    
 -0.899999976    
 -0.850000024    
 -0.800000012    
 -0.750000000    
 -0.699999988    
 -0.649999976    
 -0.600000024    
 -0.550000012    
 -0.500000000    
 -0.449999988    
 -0.400000006    
 -0.349999994    
 -0.300000012    
 -0.250000000    
 -0.200000003    
 -0.150000006    
 -0.100000001    
  -5.00000007E-02
   0.00000000    
         150         233
   35.300026622499992        27.803717638199998        71.3451233              12
   35.300088631599998        27.847709677200005        17.5232201              12
   35.252924525700003        27.837958299299999        22.2591228              12
   35.176407309000005        27.846907454000000        128.482056              12
   35.215689573700004        27.856190841400004        44.4892273              12
   35.190969831399997        27.877478660400005        25.5834846              12
   34.942455241799998        27.752080841100003        745.953186               6
   34.997897984200002        27.767297658299995        737.132202               6
   34.958507502800003        27.821117864699996        503.640930               7
   35.300113754800002        27.882808301600004        8.42423344              12
   35.275615855099993        27.871227272399995        30.4786644              12
   35.246773095700000        27.920307933200000        114.808800              12
   35.262504458499997        27.915458245100005        83.5054169              12
   35.258529807000002        27.930470718700001        49.7716293              12
   34.237607162200000        27.735269121100004        88.1192245              12
   34.226229196799991        27.734122029299996        235.673019              10
   34.233448224699998        27.727120602699998        341.233002               8
   34.219355659199998        27.724664091100003        473.440247               7
   34.214090005000003        27.735608125700001        144.490967              12
   34.199953131300006        27.722145303900000        298.929657               9
   34.243639499399997        27.711767754500002        493.828033               7
   34.258595288400002        27.714653047100001        495.666107               7
   34.244537532499997        27.723021072200005        209.439896              11
   34.231964131300003        27.739742485499995        65.9633713              12
   34.253720985299999        27.727156639800000        50.6566963              12
   34.217299010100000        27.712259562000000        676.890564               6
   34.231546310499994        27.716476519400004        555.010925               7
   34.231431975100001        27.700024604100001        768.561096               6
   35.285408873300000        27.894945490200005        36.1542969              12
   35.266003993799998        27.897523482999997        111.123718              12
   34.982753937900000        27.957523668499995        95.1174774              12
   34.928138338799997        27.951123311500002        56.5881462              12
   34.960568259900000        27.894965397099998        377.917908               8
   34.902045120600008        27.989533178199999        175.991837              12
   34.872081121999997        27.953689072999996        70.0021362              12
   34.899393388100009        27.849592312499997        590.038452               7
   34.889687043199999        27.906481596899997        160.100311              12
   35.095000264299998        27.926214772500000        70.2317429              12
   35.139896311899996        27.910215011199998        43.3170929              12
   35.138446018599993        27.940503270300002        85.6315765              12
   34.890550947300000        27.781357989600000        711.390259               6
   35.081711581599997        27.791037427900001        335.177368               8
   35.058814114299999        27.810332874200004        216.201736              11
   35.045542173999991        27.779563367899996        575.139771               7
   35.148166568699999        27.825501869400000        144.504425              12
   35.174391501599999        27.818045148999996        155.956131              12
   35.175284567799999        27.902544372000005        34.0551643              12
   35.156447270199997        27.878439414900001        38.1405716              12
   35.107717774400001        27.801315413899999        90.8733826              12
   35.088770418500005        27.821170924299995        40.4053116              12
   35.136443872400001        27.852694070999998        92.2490158              12
   35.114630232099998        27.884942051800000        63.2649841              12
   35.097838519500002        27.852489676399998        37.6630859              12
   35.018397182100003        27.815666873400005        531.188782               7
   35.223885345800007        27.960276538999999        5.00000000              12
   35.212465811000001        27.960142741299997        5.00000000              12
   35.218513175500000        27.952484268900001        5.30390596              12
   35.206571367099997        27.953246242900004        5.00000000              12
   35.252461201700001        27.944589728300002        16.7246132              12
   35.252731501100001        27.958530977099997        5.00051498              12
   35.242232456399996        27.953542275900002        8.56089687              12
   35.213593907200000        27.943261173499998        6.66222525              12
   35.277031345399998        27.928219589800001        12.9665527              12
   35.245134409599999        27.934381049800002        56.6576881              12
   35.238158955599999        27.944430515800004        28.5557861              12
   35.232102743799992        27.936205502000004        60.9483490              12
   35.243852514099999        27.902173133899993        159.416748              12
   35.246274540300000        27.875583132300005        83.4711151              12
   35.118809824200000        27.826420398400000        27.6829967              12
   35.208475931899997        27.820199961200004        47.6593819              12
   35.202321785599999        27.901083282500004        75.8517685              12
   35.150233826800005        27.726599652800004        310.456635               8
   35.123308104899998        27.700032504500001        623.053955               6
   35.170759830700000        27.700000167700001        184.802292              12
   35.122105549099999        27.731385397000000        744.334961               6
   35.134970098200000        27.749905482900001        304.932251               8
   35.108572293400009        27.753861108999995        576.891235               7
   34.206087124100002        27.700189725100000        837.707031               5
   34.250465580099998        27.700002996000002        692.133545               6
   34.243725541499998        27.730457625099998        72.5157394              12
   34.266703490099999        27.725542457300001        443.607849               7
   34.210767354700003        27.748863176899999        11.2338495              12
   34.199895157699999        27.737607064100001        47.5121346              12
   34.225555454499997        27.747319093599998        55.3635826              12
   34.214199866599998        27.762698538499997        5.00000000              12
   34.199972646399999        27.759728549100000        5.00000000              12
   34.272558346500006        27.700008474400001        923.273926               5
   34.281170095299998        27.717598777100001        932.420471               5
   35.201219114099999        27.959954329399995        5.00000000              12
   35.168277611000001        27.926484163800001        54.2760963              12
   35.031031211500000        27.922964507900002        119.118927              12
   35.067901167399995        27.884915948599996        47.4479103              12
   35.071418216800005        27.964231900699996        106.958740              12
   35.136557864299995        27.778502284599998        48.7805901              12
   35.123120950400001        27.786734730500005        130.300827              12
   35.124192036799990        27.768283368599999        265.720795               9
   35.058013027299999        27.843730749000002        171.126022              12
   35.030202992500001        27.977056678200004        38.1994743              12
   35.013388528800000        27.864774665500001        296.557434               9
   35.104057163500002        27.776858062399999        397.305267               8
   35.038393939199999        27.737728112200003        765.766174               6
   34.978640892300000        27.700009020500001        761.410828               6
   35.077219784000000        27.761199047700000        697.769226               6
   34.880886030599996        27.700003856300004        825.294800               5
   35.063472990999998        27.700011637100001        737.056519               6
   35.090283690299998        27.730473754900000        739.593872               6
   35.142451068100002        27.766046337999999        67.5788345              12
   35.158886427100001        27.768095028799998        5.00000000              12
   35.144153131600007        27.780501835399999        20.5486412              12
   35.159096656000003        27.749989668200001        40.4105263              12
   35.132506617600001        27.804736356999999        14.0843220              12
   35.153184106900000        27.796895799699996        25.7976513              12
   35.163911024400001        27.782596028699995        5.00000000              12
   35.137548982799998        27.787680132899997        19.2759113              12
   35.182386620499997        27.794382276000000        35.2004929              12
   35.184987943200007        27.732238352600000        11.8121452              12
   35.182839640200001        27.765861080199997        5.00000000              12
   35.224428196399998        27.700005179800002        154.461212              12
   35.207092524799997        27.783855952799996        6.35352039              12
   35.217124835500009        27.751500019000002        5.60024118              12
   35.243650708600001        27.792168798199999        5.17173862              12
   35.221731604500000        27.886112127800004        100.020386              12
   35.195345459800002        27.921564476899995        55.0613213              12
   35.236598441500000        27.927281684799997        104.316734              12
   35.213393913300003        27.928103940100002        67.1869583              12
   35.206839848300000        27.937633601300000        19.9446697              12
   35.224309209200001        27.904698409799998        149.674286              12
   35.186699624500001        27.935353773099997        27.5417957              12
   35.191787077000001        27.948132491500001        8.56554222              12
   35.221272401999997        27.937659737899999        35.3176842              12
   35.225927205100000        27.945633518699999        15.3073549              12
   35.214750408199997        27.915435458800001        107.895897              12
   35.207617356100002        27.969178797599998        5.00000000              12
   35.197885553299990        27.968430883700005        5.00000000              12
   35.201343874999999        27.977511904400000        5.00000000              12
   35.217471063600009        27.966445645200004        5.00000000              12
   35.209903842400003        27.979342540099996        5.00000000              12
   35.225242900799998        27.926565253300002        93.1872559              12
   35.230853578400001        27.953634860600005        8.03269768              12
   35.226205590600003        27.968382341200005        5.00000000              12
   35.236520749999997        27.963222083500003        5.00000000              12
   35.217520789600002        27.974066491900000        5.00000000              12
   35.263019449300003        27.952319136500002        5.72285223              12
   35.266982527200000        27.940194358999996        13.9802065              12
   35.283703022700003        27.914707021099996        22.4431210              12
   35.232162605699997        27.916308191500001        146.757034              12
   35.294521650199997        27.905980148099999        12.4922142              12
   35.306057416100003        27.896135523200002        6.15282059              12
   35.298707326299997        27.702513469300001        90.8158569              12
   35.263361540600002        27.749980217299999        26.5974312              12
           3           1           2           3
           3           4           5           6
           3           7           8           9
           3          10          11           2
           3          12          13          14
           3          15          16          17
           3          18          19          20
           3          21          22          23
           3          15          24          16
           3          22          25          23
           3          26          27          18
           3          28          21          27
           3          29          30          11
           3          31          32          33
           3          34          35          32
           3          36          33          37
           3          38          39          40
           3          41           7           9
           3          42          43          44
           3          45          46           4
           3          47          39          48
           3           9          33          36
           3          49          50          42
           3          51          52          53
           3          54           8          44
           3          55          56          57
           3          57          56          58
           3          59          60          61
           3          58          62          57
           3          14          13          63
           3          64          65          66
           3          30          67          68
           3          45          51          69
           3          68           5           3
           3           3           5          70
           3           6          71          47
           3          68           3          11
           3          72          73          74
           3          75          76          77
           3          26          18          20
           3          28          27          26
           3          78          26          20
           3          78          28          26
           3          79          21          28
           3          79          22          21
           3          21          23          27
           3          23          17          27
           3          16          18          17
           3          27          17          18
           3          23          80          17
           3          25          22          81
           3          17          80          15
           3          82          83          19
           3          84          19          16
           3          19          18          16
           3          24          84          16
           3          83          20          19
           3          85          82          84
           3          82          19          84
           3          86          83          82
           3          86          82          85
           3          87          22          79
           3          87          88          22
           3          22          88          81
           3          89          58          56
           3           6          48           4
           3          39          38          52
           3          90          40          39
           3          91          92          38
           3          52          48          39
           3          93          91          38
           3          94          95          96
           3          53          92          97
           3          52          38          92
           3          98          31          91
           3          33          99          91
           3          91          31          33
           3          37          33          32
           3          97          99          54
           3          92          91          99
           3          97          54          43
           3          99          33           9
           3          42          50          43
           3          92          99          97
           3          95          49         100
           3          44           8         101
           3          54           9           8
           3          54          99           9
           3          36          41           9
           3           7         102           8
           3         103          77         100
           3         104           7          41
           3         104         102           7
           3         100          96          95
           3         102         101           8
           3         102         105         101
           3         103          44         101
           3          43          54          44
           3          44         103          42
           3         101         105         106
           3         107         108         109
           3         101         106         103
           3         105          73         106
           3         110          76          72
           3          73          75         106
           3          75          72          76
           3         106          77         103
           3         106          75          77
           3         103         100          42
           3          77          96         100
           3         111          69          49
           3          97          43          50
           3          92          53          52
           3          97          50          53
           3          45          69         111
           3          53          50          69
           3         112          45         111
           3          69          50          49
           3         100          49          42
           3          95         111          49
           3         113         112         109
           3         111          95         114
           3          52          51          48
           3          53          69          51
           3         114         112         111
           3          45           4          51
           3         109         112         114
           3         113         115         112
           3         113         109         108
           3          94          96         107
           3          77          76          96
           3          76         110         107
           3          96          76         107
           3          75          73          72
           3         116         110          72
           3         110         108         107
           3          74         116          72
           3         117         108         110
           3         116          74         118
           3         117         113         108
           3         115          46         112
           3         112          46          45
           3          70           5           4
           3          51           4          48
           3          46          70           4
           3         116         117         110
           3         119         115         117
           3         119         117         120
           3         120         117         116
           3         115          70          46
           3         119         120         121
           3         122           6           5
           3         122          71           6
           3         117         115         113
           3         119          70         115
           3          47          71         123
           3         124          64          66
           3         123         125         126
           3          67         127         122
           3         128         126         129
           3         130          66         131
           3          62         130         131
           3         128         123         126
           3          47         123          90
           3          71         132         123
           3          39          47          90
           3          48           6          47
           3          90         123         128
           3         133         134          89
           3         133         135         134
           3          89          56         133
           3         136         133          56
           3         137         135         133
           3         126         125         130
           3         125         138         130
           3          65         139         131
           3          55         140         136
           3         131          57          62
           3          55         139         141
           3          55         136          56
           3         142         133         136
           3         137         133         142
           3         142         136         140
           3         131         139          57
           3          57         139          55
           3         131          66          65
           3          64          14          59
           3          61         139          65
           3          55         141         140
           3         139          61         141
           3          59          61          65
           3          60         141          61
           3          64          59          65
           3         143          60          59
           3          63         144          14
           3         143          59         144
           3         130         138          66
           3          13         145          63
           3         132         146         138
           3          12          67          13
           3          59          14         144
           3          64         124          12
           3         145          30          29
           3         147          29         148
           3          10          29          11
           3         147         145          29
           3          64          12          14
           3          30         145          13
           3         146          12         124
           3         146          67          12
           3         138         146         124
           3          67         122          68
           3          66         138         124
           3         125         132         138
           3         123         132         125
           3          71         122         127
           3         132         127         146
           3         132          71         127
           3          13          67          30
           3         146         127          67
           3         119         121          70
           3           2          11           3
           3          30          68          11
           3         122           5          68
           3         149         150         118
           3         150         120         118
           3         120         116         118
           3           3         121           1
           3           3          70         121
           3         121         150           1
           3           1         150         149
           3         121         120         150
           3         148          29          10
           1           2           3
           2           3           1
           3           1           2
           4           5           6
           5           6           4
           6           4           5
           7           8           9
           8           9           7
           9           7           8
          10          11           2
          11           2          10
          12          10          11
          13          13          14
          14          14          12
          15          12          13
          16          16          17
          17          17          15
          18          15          16
          19          19          20
          20          20          18
          21          18          19
          22          22          23
          23          23          21
          24          21          22
          25          24          16
          26          15          24
          27          25          23
          28          22          25
          29          27          18
          30          18          26
          31          26          27
          32          21          27
          33          27          28
          34          28          21
          35          30          11
          36          11          29
          37          29          30
          38          32          33
          39          33          31
          40          31          32
          41          35          32
          42          34          32
          43          34          35
          44          33          37
          45          37          36
          46          36          33
          47          39          40
          48          40          38
          49          38          39
          50           9          41
          51          41           7
          52          43          44
          53          44          42
          54          42          43
          55          46           4
          56           4          45
          57          45          46
          58          39          48
          59          48          47
          60          47          39
          61          36           9
          62           9          33
          63          50          42
          64          42          49
          65          49          50
          66          52          53
          67          53          51
          68          51          52
          69           8          44
          70          44          54
          71          54           8
          72          56          57
          73          57          55
          74          55          56
          75          56          58
          76          58          57
          77          60          61
          78          61          59
          79          59          60
          80          62          57
          81          58          62
          82          13          63
          83          63          14
          84          65          66
          85          66          64
          86          64          65
          87          67          68
          88          68          30
          89          30          67
          90          51          69
          91          69          45
          92          45          51
          93           5           3
          94           3          68
          95          68           5
          96           5          70
          97          70           3
          98          71          47
          99          47           6
         100           6          71
         101           3          11
         102          11          68
         103          73          74
         104          74          72
         105          72          73
         106          76          77
         107          77          75
         108          75          76
         109          20          26
         110          26          28
         111          20          78
         112          78          26
         113          78          28
         114          28          79
         115          79          21
         116          79          22
         117          23          27
         118          17          27
         119          23          17
         120          18          17
         121          16          18
         122          80          17
         123          23          80
         124          22          81
         125          81          25
         126          80          15
         127          83          19
         128          19          82
         129          82          83
         130          19          16
         131          16          84
         132          84          19
         133          24          84
         134          83          20
         135          82          84
         136          84          85
         137          85          82
         138          82          86
         139          86          83
         140          85          86
         141          79          87
         142          87          22
         143          88          22
         144          87          88
         145          81          88
         146          56          89
         147          89          58
         148          48           4
         149           6          48
         150          38          52
         151          52          39
         152          39          90
         153          90          40
         154          92          38
         155          38          91
         156          91          92
         157          52          48
         158          38          93
         159          93          91
         160          95          96
         161          96          94
         162          94          95
         163          92          97
         164          97          53
         165          53          92
         166          92          52
         167          31          91
         168          91          98
         169          31          98
         170          99          91
         171          91          33
         172          33          99
         173          37          32
         174          99          54
         175          54          97
         176          97          99
         177          99          92
         178          54          43
         179          43          97
         180           9          99
         181          50          43
         182          49         100
         183         100          95
         184          95          49
         185           8         101
         186         101          44
         187          54           9
         188          41          36
         189         102           8
         190           7         102
         191          77         100
         192         100         103
         193         103          77
         194         104          41
         195         104           7
         196         104         102
         197         100          96
         198         102         101
         199         105         101
         200         102         105
         201         101         103
         202         103          44
         203         103          42
         204         105         106
         205         106         101
         206         108         109
         207         109         107
         208         107         108
         209         106         103
         210          73         106
         211         105          73
         212          76          72
         213          72         110
         214         110          76
         215          75         106
         216          73          75
         217          75          72
         218         106          77
         219         100          42
         220          77          96
         221          69          49
         222          49         111
         223         111          69
         224          50          97
         225          50          53
         226         111          45
         227          50          69
         228          69          53
         229         111         112
         230         112          45
         231          95         111
         232         112         109
         233         109         113
         234         113         112
         235          95         114
         236         114         111
         237          51          48
         238         114         112
         239           4          51
         240         114         109
         241         115         112
         242         113         115
         243         108         113
         244          96         107
         245         107          94
         246          76          96
         247         110         107
         248         107          76
         249          72         116
         250         116         110
         251         110         108
         252          74         116
         253         110         117
         254         117         108
         255          74         118
         256         118         116
         257         117         113
         258          46         112
         259         115          46
         260           4          70
         261          46          70
         262         116         117
         263         115         117
         264         117         119
         265         119         115
         266         117         120
         267         120         119
         268         116         120
         269         115          70
         270         120         121
         271         121         119
         272           5         122
         273         122           6
         274         122          71
         275         119          70
         276          71         123
         277         123          47
         278          66         124
         279         124          64
         280         125         126
         281         126         123
         282         123         125
         283         127         122
         284         122          67
         285          67         127
         286         126         129
         287         129         128
         288         128         126
         289          66         131
         290         131         130
         291         130          66
         292         131          62
         293          62         130
         294         128         123
         295         123          90
         296          90          47
         297         132         123
         298          71         132
         299          90         128
         300         134          89
         301          89         133
         302         133         134
         303         135         134
         304         133         135
         305          56         133
         306          56         136
         307         136         133
         308         133         137
         309         135         137
         310         125         130
         311         130         126
         312         138         130
         313         125         138
         314         139         131
         315         131          65
         316          65         139
         317         140         136
         318         136          55
         319          55         140
         320         131          57
         321         139         141
         322         141          55
         323          55         139
         324         136         142
         325         142         133
         326         142         137
         327         140         142
         328         139          57
         329          14          59
         330          59          64
         331          64          14
         332          65          61
         333          61         139
         334         141         140
         335          61         141
         336          65          59
         337          60         141
         338          59         143
         339         143          60
         340         144          14
         341          63         144
         342          59         144
         343         144         143
         344         138          66
         345         145          63
         346          13         145
         347         146         138
         348         138         132
         349         132         146
         350          67          13
         351          12          67
         352         124          12
         353          12          64
         354          29         145
         355         145          30
         356          29         148
         357         148         147
         358         147          29
         359          10          29
         360         147         145
         361          13          30
         362         124         146
         363         146          12
         364         146          67
         365         124         138
         366         122          68
         367         125         132
         368         127          71
         369         127         146
         370         132         127
         371         121          70
         372         150         118
         373         118         149
         374         149         150
         375         120         118
         376         150         120
         377         121           1
         378           3         121
         379         150           1
         380         121         150
         381         149           1
         382          10         148
