       4387       2725       1656         32         12          2          1          1          0          0          0          0          0          0          0          0          0          0
 local to global mapping:
         220
           1           9
           2          24
           3          38
           4          40
           5          42
           6          43
           7          44
           8          47
           9          77
          10         126
          11         163
          12         166
          13         172
          14         174
          15         175
          16         176
          17         177
          18         178
          19         179
          20         180
          21         181
          22         182
          23         183
          24         184
          25         188
          26         192
          27         194
          28         195
          29         196
          30         197
          31         198
          32         329
          33         573
          34         574
          35         575
          36         576
          37         577
          38         578
          39         579
          40         580
          41         581
          42         582
          43         675
          44         679
          45         680
          46         682
          47         683
          48         684
          49         686
          50         687
          51         690
          52         707
          53         709
          54         715
          55         717
          56         718
          57         729
          58         730
          59         731
          60         732
          61         733
          62         734
          63         735
          64         736
          65         737
          66         738
          67         739
          68         740
          69         741
          70         742
          71         743
          72         744
          73         745
          74         746
          75         747
          76         748
          77         749
          78         750
          79         751
          80         752
          81         753
          82         754
          83         755
          84         756
          85         757
          86         758
          87         759
          88         760
          89         761
          90         762
          91         763
          92         773
          93         775
          94         777
          95         778
          96         779
          97         780
          98         781
          99         782
         100         783
         101         784
         102         785
         103         786
         104         787
         105         788
         106         789
         107         790
         108         791
         109         792
         110         793
         111         794
         112         795
         113         796
         114         797
         115         800
         116         801
         117         802
         118         803
         119         804
         120         805
         121         806
         122         807
         123         809
         124         810
         125         811
         126         813
         127         814
         128         815
         129         817
         130         838
         131         839
         132         840
         133         841
         134         842
         135         843
         136         847
         137         848
         138        2232
         139        2233
         140        2234
         141        2235
         142        2236
         143        2237
         144        2238
         145        2239
         146        2240
         147        2241
         148        2242
         149        2243
         150        2244
         151        2245
         152        2246
         153        2247
         154        2248
         155        2249
         156        2250
         157        2251
         158        2252
         159        2253
         160        2254
         161        2255
         162        2256
         163        2257
         164        2258
         165        2259
         166        2260
         167        2261
         168        2262
         169        2263
         170        2264
         171        2267
         172        2268
         173        2269
         174        2270
         175        2282
         176        2459
         177        2460
         178        2461
         179        2462
         180        2463
         181        2464
         182        2465
         183        2470
         184        2471
         185        2472
         186        2473
         187        2474
         188        2484
         189        2485
         190        2487
         191        2488
         192        2490
         193        2627
         194        2628
         195        2629
         196        2635
         197        2637
         198        2638
         199        2639
         200        2640
         201        2641
         202        2642
         203        2644
         204        2645
         205        2646
         206        2647
         207        2648
         208        2649
         209        2650
         210        2651
         211        2652
         212        2653
         213        2655
         214        2656
         215        2657
         216        2658
         217        2659
         218        2660
         219        2661
         220        2662
         155
           1        1104
           2        1103
           3        1041
           4        1611
           5        1600
           6        1605
           7        1042
           8        1222
           9        1221
          10        1171
          11         978
          12         917
          13         979
          14        1099
          15        1168
          16        1100
          17        1102
          18        1169
          19        1261
          20        1220
          21        1260
          22         913
          23         859
          24         860
          25        1620
          26        1625
          27        1623
          28        1592
          29        1603
          30        1606
          31        1645
          32        1643
          33        1642
          34        1095
          35        1040
          36         821
          37         822
          38         794
          39         865
          40        1036
          41        1039
          42         972
          43        1031
          44        1035
          45        1030
          46         912
          47         973
          48         911
          49        1170
          50        1165
          51        1096
          52         858
          53         971
          54        1219
          55         760
          56         777
          57         775
          58        1618
          59        1612
          60        1613
          61        1614
          62        1632
          63        1631
          64        1635
          65        1609
          66        1604
          67        1646
          68        1644
          69        1610
          70        1615
          71        1607
          72        1640
          73        1637
          74        1619
          75        1602
          76        1601
          77        1598
          78        1594
          79        1590
          80        1597
          81        1584
          82        1585
          83        1583
          84        1566
          85        1562
          86        1629
          87        1626
          88        1630
          89        1627
          90        1621
          91        1616
          92        1639
          93        1638
          94        1172
          95        1105
          96         982
          97         980
          98         918
          99         919
         100         823
         101         824
         102         867
         103        1043
         104         983
         105         793
         106         866
         107         795
         108         796
         109         759
         110         776
         111         966
         112         981
         113         965
         114         905
         115         920
         116         974
         117         864
         118        1038
         119        1218
         120        1106
         121        1173
         122        1262
         123        1101
         124        1167
         125        1293
         126        1292
         127        1591
         128        1628
         129        1636
         130        1641
         131        1633
         132        1586
         133        1587
         134        1599
         135        1634
         136        1622
         137        1624
         138        1593
         139        1589
         140        1596
         141        1608
         142        1573
         143        1574
         144        1595
         145        1581
         146        1582
         147        1563
         148        1561
         149        1548
         150        1568
         151        1580
         152        1617
         153        1569
         154        1549
         155        1540
         373
           1          25
           2          26
           3          27
           4          69
           5          70
           6          71
           7         110
           8         111
           9         115
          10         116
          11         117
          12         121
          13         122
          14         123
          15         124
          16         125
          17         126
          18         127
          19         128
          20         129
          21         136
          22         137
          23         138
          24         222
          25         223
          26         224
          27         361
          28         362
          29         363
          30         468
          31         436
          32         469
          33         476
          34         477
          35         478
          36         494
          37         495
          38         496
          39         499
          40         500
          41         501
          42         502
          43         503
          44         504
          45         505
          46         506
          47         507
          48         508
          49         509
          50         510
          51         511
          52         512
          53         513
          54         514
          55         515
          56         516
          57         517
          58         518
          59         519
          60         520
          61         521
          62         522
          63         523
          64         524
          65         525
          66         526
          67         535
          68         536
          69         544
          70         545
          71         548
          72         549
          73         550
          74         551
          75         552
          76         553
          77         554
          78         882
          79         883
          80         884
          81        1482
          82        1483
          83        1484
          84        1485
          85        1486
          86        1487
          87        1488
          88        1489
          89        1490
          90        1491
          91        1492
          92        1493
          93        1494
          94        1495
          95        1496
          96        1497
          97        1498
          98        1499
          99        1500
         100        1501
         101        1502
         102        1503
         103        1504
         104        1505
         105        1506
         106        1507
         107        1508
         108        1509
         109        1510
         110        1737
         111        1738
         112        1739
         113        1747
         114        1748
         115        1749
         116        1750
         117        1704
         118        1752
         119        1753
         120        1754
         121        1755
         122        1756
         123        1757
         124        1758
         125        1759
         126        1763
         127        1764
         128        1765
         129        1766
         130        1767
         131        1768
         132        1774
         133        1775
         134        1776
         135        1813
         136        1814
         137        1815
         138        1817
         139        1818
         140        1826
         141        1827
         142        1828
         143        1831
         144        1832
         145        1833
         146        1834
         147        1835
         148        1836
         149        1852
         150        1853
         151        1854
         152        1855
         153        1856
         154        1857
         155        1858
         156        1859
         157        1860
         158        1861
         159        1862
         160        1863
         161        1864
         162        1865
         163        1866
         164        1867
         165        1868
         166        1869
         167        1870
         168        1871
         169        1872
         170        1873
         171        1874
         172        1875
         173        1876
         174        1877
         175        1878
         176        1879
         177        1880
         178        1881
         179        1882
         180        1883
         181        1884
         182        1885
         183        1886
         184        1887
         185        1888
         186        1889
         187        1890
         188        1891
         189        1892
         190        1893
         191        1894
         192        1895
         193        1896
         194        1897
         195        1898
         196        1899
         197        1900
         198        1901
         199        1902
         200        1903
         201        1904
         202        1905
         203        1906
         204        1907
         205        1908
         206        1926
         207        1927
         208        1929
         209        1931
         210        1932
         211        1933
         212        1934
         213        1935
         214        1936
         215        1937
         216        1938
         217        1939
         218        1940
         219        1941
         220        1942
         221        1943
         222        1944
         223        1945
         224        1946
         225        1947
         226        1948
         227        1953
         228        1954
         229        1955
         230        1956
         231        1957
         232        1958
         233        1959
         234        1960
         235        1961
         236        1952
         237        1962
         238        1963
         239        1964
         240        1965
         241        1969
         242        1970
         243        1971
         244        1972
         245        1973
         246          20
         247        1974
         248         572
         249          21
         250        1998
         251        1999
         252        2000
         253        2001
         254        2002
         255        2007
         256         570
         257        2006
         258        3764
         259        3765
         260        3766
         261        3767
         262        3768
         263        3769
         264        3770
         265        3771
         266        3772
         267        3773
         268        3774
         269        3775
         270        3776
         271        3777
         272        3778
         273        3779
         274        3780
         275        3781
         276        3782
         277        3783
         278        3784
         279        3785
         280        3786
         281        3787
         282        3788
         283        3789
         284        3790
         285        3791
         286        3792
         287        3793
         288        3794
         289        3795
         290        3796
         291        3797
         292        3798
         293        3799
         294        3800
         295        3801
         296        3802
         297        3803
         298        3804
         299        3805
         300        3806
         301        3807
         302        3808
         303        3809
         304        3810
         305        3813
         306        3814
         307        3815
         308         437
         309        3816
         310        1742
         311        3832
         312        4063
         313        4064
         314        4065
         315        4066
         316        4067
         317        4068
         318        4069
         319        4070
         320        4071
         321        4072
         322        4073
         323        4082
         324        4083
         325        4081
         326        4084
         327        4085
         328        4086
         329        4105
         330        4101
         331        4092
         332        4106
         333        4091
         334        4109
         335        4264
         336        4265
         337        4266
         338        4267
         339        4268
         340        4269
         341        4270
         342        4271
         343        4272
         344        4278
         345        4257
         346        4279
         347        4280
         348        4281
         349        4282
         350        4283
         351        4284
         352        4285
         353        4286
         354        4290
         355        4291
         356        4292
         357        4293
         358        4294
         359        4295
         360        4296
         361        4297
         362        4298
         363        4299
         364        4302
         365        4303
         366        4304
         367        4305
         368        4306
         369        4307
         370        4308
         371        4309
         372        4310
         373        4300
 Header:
       2000          2          1           0.00           0.00
        48  0.9000000E+03      3     32     12    0.99999998E-02    0.20000000E+03    0.10000000E+02    0.00000000E+00    0.99999997E-04   2
  -1800.00000    
  -1600.00000    
  -1400.00000    
  -1200.00000    
  -1000.00000    
  -800.000000    
  -600.000000    
  -400.000000    
  -300.000000    
  -260.000000    
  -230.000000    
  -1.00000000    
 -0.949999988    
 -0.899999976    
 -0.850000024    
 -0.800000012    
 -0.750000000    
 -0.699999988    
 -0.649999976    
 -0.600000024    
 -0.550000012    
 -0.500000000    
 -0.449999988    
 -0.400000006    
 -0.349999994    
 -0.300000012    
 -0.250000000    
 -0.200000003    
 -0.150000006    
 -0.100000001    
  -5.00000007E-02
   0.00000000    
         155         220
   34.286962255500001        27.751883028799998        1175.27649               4
   34.291501087699999        27.769561891700000        1258.07385               3
   34.273170555999997        27.763237730099998        676.290955               6
   35.130640681400003        28.060914688900002        5.00000000              12
   35.115127978499999        28.070700791699998        5.52263927              12
   35.115856195299997        28.056047043600003        10.6324673              12
   34.266726294900003        27.750858959799999        386.169067               8
   34.307139698900002        27.700000715599998        1077.18530               4
   34.335186880700000        27.733154523000000        1064.36182               4
   34.300499423000005        27.732180634599995        1141.71216               4
   34.313980223199998        27.847552161199999        23.4315224              12
   34.302623336300002        27.849214731499998        62.6951370              12
   34.307126109899997        27.838782603100004        170.269592              12
   34.309231798500008        27.808211790000005        1230.04590               3
   34.339335094600003        27.800724155200005        1233.92114               3
   34.322656439600003        27.820419754000003        1102.52197               4
   34.342154799600003        27.828684832200000        1041.92798               4
   34.369233694099997        27.818557284099999        1245.32922               3
   34.437918847200002        27.770281313100003        1062.54724               4
   34.381997821800006        27.786581707900002        1084.09180               4
   34.390660829200002        27.741221074300000        1062.02686               4
   34.277203288700001        27.839032023899996        45.6217117              12
   34.283122591300000        27.847122413600005        128.533585              12
   34.276432963300003        27.852838297200002        29.7065563              12
   35.144024740499994        28.030827713000001        5.00000000              12
   35.166240056600010        28.029180908300003        5.00000000              12
   35.159509291500001        28.043889031799999        5.00000000              12
   35.084416885700001        28.049074878799996        33.0010681              12
   35.089438960499997        28.025081733000004        47.3550186              12
   35.105946494100003        28.040775522600001        42.8497772              12
   35.219193072499998        28.032455530200000        8.50161266              12
   35.214911435999994        28.040741378000000        48.0646896              12
   35.210450769399991        28.035065657699995        80.8631592              12
   34.286700945899995        27.785677602200000        1080.46960               4
   34.274338495000002        27.775957671200000        633.405518               6
   34.233543218900010        27.781126214100002        5.00000000              12
   34.237345829100008        27.789672298499998        5.00000000              12
   34.229044669300002        27.789506433400000        5.00000000              12
   34.241780059600003        27.781720199100000        5.20841646              12
   34.303975169399997        27.826618349300002        598.741333               7
   34.320802618700000        27.835633560700003        348.825287               8
   34.268808824200001        27.815858122700000        137.777084              12
   34.277982271900001        27.801385777200000        689.316650               6
   34.287608726099997        27.816790440900004        635.652832               6
   34.271373059200002        27.787734952099999        456.191742               7
   34.287069861900001        27.840644943299996        238.177322              10
   34.296471933900001        27.839396357800002        259.451111              10
   34.292150825099995        27.847890099599997        98.3403091              12
   34.312153504599998        27.757214264500000        1261.99316               3
   34.312489820300001        27.783765199600001        1326.20447               3
   34.293918577400007        27.799346141299996        1238.92651               3
   34.286891259599997        27.854149266099999        18.5008049              12
   34.273379725100000        27.829603042799999        65.0775604              12
   34.412645358799999        27.819639185599996        1144.74658               4
   34.211658712000002        27.775857963100002        5.00000000              12
   34.219309115300000        27.774672463099996        5.00000000              12
   34.218501726400000        27.782993186099997        5.00000000              12
   35.144168233999999        28.049883162199997        5.00000000              12
   35.148724662399999        28.063638117899998        5.00000000              12
   35.118498989999999        28.020925694900004        26.6674328              12
   35.126702381400001        28.042962602100001        6.50404787              12
   35.192118651900003        28.053894975099997        28.4893723              12
   35.188301142500002        28.044003739499999        66.5004501              12
   35.197026547299998        28.047539822600005        97.9423676              12
   35.126669728700001        27.996275802199996        48.2173996              12
   35.097221586400003        27.996466887200000        68.8673630              12
   35.222894502300008        28.040993518400004        12.6237497              12
   35.218023950099997        28.048512053599996        21.8185902              12
   35.170967379700002        27.995936854299995        5.00000000              12
   35.152498929600000        27.997482546599997        8.36044788              12
   35.163205476199998        27.983164583399997        12.4603071              12
   35.206716275299996        28.044465539899999        125.150429              12
   35.200817020700001        28.053519172200005        44.2895966              12
   35.159105095199997        28.057062752799997        5.00000000              12
   35.139708225400000        28.071018708200000        5.00000000              12
   35.129392809599999        28.071852908299999        5.00000000              12
   35.177188321400003        27.989184353300004        5.00000000              12
   35.177191910000005        27.980996220800002        6.96602726              12
   35.071418216800005        27.964231900699996        106.958740              12
   35.116693425999998        27.966278459699996        115.030937              12
   35.095000264299998        27.926214772500000        70.2317429              12
   35.138446018599993        27.940503270300002        85.6315765              12
   35.169130853600002        27.948697582099999        61.0971909              12
   35.168277611000001        27.926484163800001        54.2760963              12
   35.186699624500001        27.935353773099997        27.5417957              12
   35.182164980400003        28.033293164200003        22.9894695              12
   35.181343727500000        28.020771953200001        5.90553570              12
   35.191506427999997        28.026214470999999        20.0670624              12
   35.174769691500003        28.043286983600002        8.44776726              12
   35.155191550399991        28.015186739700003        5.00000000              12
   35.138472072499994        28.012085220300001        8.54850578              12
   35.209128344900002        28.026961594300001        42.3643494              12
   35.203014442600001        28.034943505400001        107.774780              12
   34.281170095299998        27.717598777100001        932.420471               5
   34.276961767499998        27.736951712199996        795.295837               6
   34.258217507799998        27.762333622100002        161.220749              12
   34.262220727900001        27.779654915999998        228.435226              11
   34.251388166900000        27.780609775299997        32.1762199              12
   34.253885125899998        27.774060801799997        83.6381378              12
   34.237043352499995        27.773033538800000        10.3130522              12
   34.231865480800003        27.764738955599999        6.33978844              12
   34.241601904800000        27.764239416700004        12.2726488              12
   34.257893664700006        27.737636793400000        105.456230              12
   34.252371585399999        27.754916240299998        32.1964188              12
   34.225865934300003        27.780201428099996        5.00000000              12
   34.245463417200007        27.773409853100002        22.3179989              12
   34.228348466800000        27.773230327200000        5.29005384              12
   34.222427201099997        27.766963484799998        5.00000000              12
   34.207512296099999        27.781570495200000        5.00000000              12
   34.212696792099997        27.789792974299999        5.00000000              12
   34.264012160800000        27.797613643300004        124.161652              12
   34.261771756599998        27.770600966400000        325.110901               8
   34.258264672999999        27.787859847000000        13.3733826              12
   34.248753874800002        27.787380686300001        5.00000000              12
   34.250489590900003        27.767412709300004        68.8953018              12
   34.287919278300002        27.830964448400000        320.918976               8
   34.295700685900002        27.855803628300002        10.3333349              12
   34.333838476399997        27.848852635699998        390.424133               8
   34.345912055699998        27.767293860900001        1031.72192               4
   34.266703490099999        27.725542457300001        443.607849               7
   34.272558346500006        27.700008474400001        923.273926               5
   34.363790990799991        27.700005197500005        1040.28760               4
   34.357872029799999        27.844587556000000        1150.32800               4
   34.382420554500001        27.841026899900001        1227.96838               3
   34.455540719799998        27.700044040600005        994.768188               5
   34.508359297100000        27.765131175900002        967.645142               5
   35.105362081700001        28.065812406000003        14.3520727              12
   35.183328429600003        28.053913601100000        15.1416569              12
   35.198358581600004        28.040865116300001        110.726746              12
   35.208862785899996        28.051877195899998        49.5069618              12
   35.193441676299997        28.034582970300001        71.6599274              12
   35.185804210699999        27.987866176800001        5.00000000              12
   35.193364851500000        27.991522809899998        5.00000000              12
   35.182956704699997        27.996738834500000        5.00000000              12
   35.200379211799998        28.027656186300000        50.3227539              12
   35.169645198799998        28.015265515199999        5.00000000              12
   35.169724320400007        28.055819615899999        5.00000000              12
   35.101637908599997        28.054733920699999        29.2338333              12
   35.063314920300009        28.005818926600000        18.8359375              12
   35.151067580000010        27.964142198700003        87.0051651              12
   35.142468643500003        27.981838302499998        48.6965103              12
   35.031031211500000        27.922964507900002        119.118927              12
   35.030202992500001        27.977056678200004        38.1994743              12
   35.171002668400000        27.968833984200000        33.4111366              12
   35.184523295699996        27.975311116600000        5.10006571              12
   35.182817016000001        27.960019286600001        13.0849237              12
   35.191787077000001        27.948132491500001        8.56554222              12
   35.193413621800005        27.974706642400001        5.00000000              12
   35.201343874999999        27.977511904400000        5.00000000              12
   35.195399831499998        27.983604594399999        5.00000000              12
   35.188168820700000        27.981628817000001        5.00000000              12
   35.164484317099998        28.003401318499996        5.00000000              12
   35.204059622599992        27.987678047899998        5.00000000              12
   35.209903842400003        27.979342540099996        5.00000000              12
   35.197885553299990        27.968430883700005        5.00000000              12
           3           1           2           3
           3           4           5           6
           3           7           1           3
           3           8           9          10
           3          11          12          13
           3          14          15          16
           3          17          15          18
           3          19          20          21
           3          22          23          24
           3          25          26          27
           3          28          29          30
           3          31          32          33
           3           2          34          35
           3          36          37          38
           3          36          39          37
           3          40          16          41
           3          42          43          44
           3          35          34          45
           3          46          47          48
           3          45          34          43
           3           2          49          50
           3          12          48          47
           3          50          51          34
           3          23          52          24
           3          11          13          41
           3          16          17          41
           3          13          40          41
           3          44          53          42
           3           9          49          10
           3          15          17          16
           3          19          54          20
           3          55          56          57
           3           4          58          59
           3          60          25          61
           3          62          63          64
           3          65          60          66
           3          67          68          32
           3          69          70          71
           3          60          30          29
           3          72          73          64
           3          74          58          27
           3          75          76           4
           3          77          71          78
           3          66          60          29
           3          79          80          66
           3          80          81          82
           3          83          84          85
           3          86          87          88
           3          86          63          89
           3          90          25          91
           3          92          33          93
           3          94          10          95
           3           7           3          96
           3          97          98          99
           3         100         101         102
           3         103           7         104
           3         105          36          38
           3         102         106         100
           3         107          56         108
           3          55          57         109
           3          57          38         110
           3         105         107          36
           3         109          57         110
           3          56         107         105
           3          57         105          38
           3          57          56         105
           3         106          99          98
           3         111          45          43
           3         107         100          36
           3          97         112          35
           3         113          98          97
           3          39          98         114
           3          39          36         100
           3          39         106          98
           3         100         106          39
           3         102         115         106
           3         108         101         107
           3         107         101         100
           3         115          99         106
           3          96           3         112
           3          44          51          14
           3          13          47          40
           3          22          53         116
           3          47         116          40
           3          12          47          13
           3          48          23          46
           3         116          46          22
           3          48          52          23
           3         117          48          12
           3          22          46          23
           3         116          47          46
           3          41         118          11
           3          17         118          41
           3          14          50          15
           3         119          49           9
           3          40          44          14
           3          34           2          50
           3         116          44          40
           3          43          34          51
           3          40          14          16
           3          51          50          14
           3          53          44         116
           3          43          51          44
           3         111          43          42
           3         113          45         111
           3         114          98         113
           3         113          97          45
           3         112           3          35
           3          97          35          45
           3           3           2          35
           3          99         112          97
           3          99         115         112
           3         115          96         112
           3         104           7          96
           3          95           7         103
           3         120          95         103
           3          95           1           7
           3           8          10          94
           3          94          95         120
           3          10          49           1
           3          10           1          95
           3          49           2           1
           3         121           8          94
           3         122           9           8
           3          49         119          50
           3          50         119          15
           3           9         122          21
           3         119          20          15
           3          17          18         123
           3          18          54         124
           3          18          15          20
           3          18          20          54
           3         119           9          21
           3          19          21         125
           3          20         119          21
           3          21         122         125
           3         125         126          19
           3         127           6           5
           3          30          61           6
           3          74          59          58
           3          75           4          59
           3           5           4          76
           3           6          61           4
           3          63         128          89
           3          64         129          72
           3          72          68         130
           3          62          64          73
           3          63         129          64
           3         131         129          63
           3          72         130          73
           3          93          72         129
           3          32          68          72
           3          32          72          33
           3          67          32          31
           3         132         133         134
           3          93         129         131
           3          86         131          63
           3         135          93         131
           3          92          93         135
           3          33          72          93
           3          27          26          89
           3          88         135         131
           3         136          26          90
           3          86          89          26
           3          61          25          58
           3          60          91          25
           3           4          61          58
           3          30          60          61
           3         137          27          89
           3          58          25          27
           3          62         128          63
           3         137          89         128
           3          74          27         137
           3           6         138          30
           3         139          66          29
           3          65          70          91
           3          90          26          25
           3          70          90          91
           3          60          65          91
           3          77          78         132
           3          80          82         140
           3         141         140          71
           3         140         141          80
           3          84          83          82
           3          71          70         141
           3          65         141          70
           3          65          66          80
           3         142          79         143
           3          66         139          79
           3          65          80         141
           3          79          81          80
           3         143          79         139
           3          78         144         145
           3         144         140          83
           3         146          83         147
           3         146         144          83
           3         147          83          85
           3         140          82          83
           3         145         144         146
           3          71         140         144
           3          69          77         134
           3         148         149         150
           3         151         132          78
           3         144          78          71
           3         145         151          78
           3          90          70         152
           3          87          26         136
           3          26          87          86
           3         152          70          69
           3         134          77         132
           3          69          71          77
           3         151         150         132
           3          86          88         131
           3         132         150         133
           3         133         150         153
           3         151         145         148
           3         153         150         149
           3         153         149         154
           3         150         151         148
           3         155         149         148
           1           2           3
           2           3           1
           3           1           2
           4           5           6
           5           6           4
           6           4           5
           7           3           7
           8           7           1
           9           9          10
          10          10           8
          11           8           9
          12          12          13
          13          13          11
          14          11          12
          15          15          16
          16          16          14
          17          14          15
          18          15          18
          19          18          17
          20          17          15
          21          20          21
          22          21          19
          23          19          20
          24          23          24
          25          24          22
          26          22          23
          27          26          27
          28          27          25
          29          25          26
          30          29          30
          31          28          30
          32          28          29
          33          32          33
          34          33          31
          35          31          32
          36          34          35
          37          35           2
          38           2          34
          39          37          38
          40          38          36
          41          36          37
          42          39          37
          43          36          39
          44          16          41
          45          41          40
          46          40          16
          47          43          44
          48          44          42
          49          42          43
          50          34          45
          51          45          35
          52          47          48
          53          48          46
          54          46          47
          55          34          43
          56          43          45
          57          49          50
          58          50           2
          59           2          49
          60          47          12
          61          12          48
          62          51          34
          63          34          50
          64          50          51
          65          52          24
          66          23          52
          67          13          41
          68          41          11
          69          17          41
          70          16          17
          71          13          40
          72          53          42
          73          44          53
          74          49          10
          75           9          49
          76          54          20
          77          19          54
          78          56          57
          79          57          55
          80          55          56
          81          58          59
          82          59           4
          83           4          58
          84          25          61
          85          61          60
          86          60          25
          87          63          64
          88          64          62
          89          62          63
          90          60          66
          91          66          65
          92          65          60
          93          68          32
          94          32          67
          95          67          68
          96          70          71
          97          71          69
          98          69          70
          99          29          60
         100          60          30
         101          73          64
         102          64          72
         103          72          73
         104          58          27
         105          27          74
         106          74          58
         107          76           4
         108           4          75
         109          75          76
         110          71          78
         111          78          77
         112          77          71
         113          29          66
         114          80          66
         115          66          79
         116          79          80
         117          82          81
         118          82          80
         119          80          81
         120          84          85
         121          85          83
         122          83          84
         123          87          88
         124          88          86
         125          86          87
         126          63          89
         127          89          86
         128          86          63
         129          25          91
         130          91          90
         131          90          25
         132          33          93
         133          93          92
         134          92          33
         135          10          95
         136          95          94
         137          94          10
         138           3          96
         139          96           7
         140          98          99
         141          99          97
         142          97          98
         143         101         102
         144         102         100
         145         100         101
         146           7         104
         147         104         103
         148         103           7
         149          38         105
         150         105          36
         151         106         100
         152         102         106
         153          56         108
         154         108         107
         155         107          56
         156          57         109
         157         109          55
         158          38         110
         159         110          57
         160          57          38
         161         107          36
         162         105         107
         163         110         109
         164         105          56
         165          57         105
         166          98         106
         167         106          99
         168          43         111
         169         111          45
         170         100          36
         171         107         100
         172         112          35
         173          35          97
         174          97         112
         175          97         113
         176         113          98
         177          98         114
         178         114          39
         179          39          98
         180         100          39
         181          39         106
         182         115         106
         183         102         115
         184         101         107
         185         108         101
         186         115          99
         187           3         112
         188         112          96
         189          51          14
         190          14          44
         191          44          51
         192          47          40
         193          13          47
         194          53         116
         195         116          22
         196          22          53
         197         116          40
         198          47         116
         199          23          46
         200          48          23
         201          46          22
         202         116          46
         203          48          52
         204          12         117
         205         117          48
         206          11         118
         207          41         118
         208          17         118
         209          50          15
         210          14          50
         211           9         119
         212         119          49
         213          14          40
         214          40          44
         215         116          44
         216          51          43
         217          42         111
         218         111         113
         219         113          45
         220         113         114
         221          97          45
         222           3          35
         223          99         112
         224         115         112
         225         115          96
         226          96         104
         227         103          95
         228          95           7
         229         103         120
         230         120          95
         231          95           1
         232          94           8
         233         120          94
         234          49           1
         235           1          10
         236         121          94
         237         121           8
         238           8         122
         239         122           9
         240         119          50
         241         119          15
         242         122          21
         243          21           9
         244          20          15
         245         119          20
         246         123          18
         247          17         123
         248         124          54
         249          18         124
         250          18          54
         251          20          18
         252          21         119
         253          21         125
         254         125          19
         255         122         125
         256          19         126
         257         126         125
         258           5         127
         259         127           6
         260          61           6
         261           6          30
         262          30          61
         263          74          59
         264          59          75
         265          76           5
         266          61           4
         267         128          89
         268          63         128
         269         129          72
         270          64         129
         271          68         130
         272         130          72
         273          72          68
         274          73          62
         275          63         129
         276          63         131
         277         131         129
         278         130          73
         279         129          93
         280          93          72
         281          72          32
         282          72          33
         283          31          67
         284         133         134
         285         134         132
         286         132         133
         287         131          93
         288          86         131
         289         131         135
         290         135          93
         291         135          92
         292          26          89
         293          89          27
         294         131          88
         295          88         135
         296          26          90
         297          90         136
         298         136          26
         299          26          86
         300          25          58
         301          58          61
         302          60          91
         303          89         137
         304         137          27
         305          62         128
         306         128         137
         307         137          74
         308          30         138
         309           6         138
         310         139          29
         311         139          66
         312          70          91
         313          91          65
         314          65          70
         315          70          90
         316          78         132
         317         132          77
         318          82         140
         319         140          80
         320         140          71
         321          71         141
         322         141         140
         323         141          80
         324          83          82
         325          84          82
         326          70         141
         327          65         141
         328          80          65
         329          79         143
         330         142         143
         331          79         142
         332         139          79
         333          81          79
         334         139         143
         335         144         145
         336         145          78
         337          78         144
         338         140          83
         339          83         144
         340         144         140
         341          83         147
         342         147         146
         343         146          83
         344         146         144
         345         147          85
         346         146         145
         347         144          71
         348          77         134
         349         134          69
         350          69          77
         351         149         150
         352         150         148
         353         148         149
         354          78         151
         355         151         132
         356         145         151
         357          70         152
         358         152          90
         359         136          87
         360          87          26
         361          69         152
         362         150         132
         363         151         150
         364         150         133
         365         150         153
         366         153         133
         367         145         148
         368         148         151
         369         149         153
         370         149         154
         371         154         153
         372         148         155
         373         149         155
