       4387       2725       1656         32         12          2          1          1          0          0          0          0          0          0          0          0          0          0
 local to global mapping:
         233
           1           8
           2          33
           3          34
           4          41
           5          45
           6          54
           7         141
           8         158
           9         202
          10         206
          11         208
          12         209
          13         210
          14         211
          15         212
          16         213
          17         214
          18         215
          19         216
          20         217
          21         218
          22         219
          23         220
          24         221
          25         222
          26         224
          27         225
          28         226
          29         227
          30         228
          31         240
          32         244
          33         588
          34         598
          35         599
          36         614
          37         615
          38         621
          39         622
          40         623
          41         624
          42         625
          43         626
          44         628
          45         629
          46         635
          47         636
          48         637
          49         638
          50         639
          51         640
          52         644
          53         648
          54         649
          55         650
          56         651
          57         652
          58         653
          59         655
          60         656
          61         657
          62         658
          63         659
          64         662
          65         664
          66         665
          67         667
          68         669
          69         844
          70         846
          71         849
          72         850
          73         852
          74         854
          75         855
          76         856
          77         857
          78         858
          79         859
          80         860
          81         861
          82         862
          83         863
          84         864
          85         865
          86         866
          87         867
          88         868
          89         869
          90         870
          91         871
          92         872
          93         873
          94         874
          95         875
          96         876
          97         877
          98         878
          99         879
         100         880
         101         884
         102         887
         103         888
         104         889
         105         890
         106         891
         107         893
         108         895
         109         896
         110         897
         111         898
         112         899
         113         900
         114         901
         115         902
         116         903
         117         904
         118         905
         119         906
         120         907
         121         908
         122         909
         123         910
         124         911
         125         912
         126         913
         127         914
         128         915
         129         917
         130         918
         131         920
         132         928
         133         929
         134         992
         135         993
         136         994
         137         995
         138         996
         139         997
         140         998
         141         999
         142        1000
         143        1717
         144        1747
         145        1748
         146        2185
         147        2186
         148        2335
         149        2336
         150        2337
         151        2338
         152        2339
         153        2340
         154        2346
         155        2347
         156        2348
         157        2349
         158        2350
         159        2351
         160        2352
         161        2353
         162        2354
         163        2355
         164        2356
         165        2357
         166        2358
         167        2359
         168        2360
         169        2362
         170        2363
         171        2364
         172        2365
         173        2380
         174        2381
         175        2382
         176        2383
         177        2384
         178        2385
         179        2386
         180        2387
         181        2416
         182        2420
         183        2422
         184        2423
         185        2424
         186        2425
         187        2426
         188        2427
         189        2429
         190        2431
         191        2432
         192        2433
         193        2434
         194        2435
         195        2436
         196        2437
         197        2438
         198        2440
         199        2441
         200        2442
         201        2451
         202        2452
         203        2453
         204        2454
         205        2455
         206        2495
         207        2499
         208        2500
         209        2502
         210        2503
         211        2517
         212        2518
         213        2519
         214        2521
         215        2522
         216        2523
         217        2524
         218        2526
         219        2527
         220        2528
         221        2530
         222        2531
         223        2540
         224        2541
         225        2542
         226        2543
         227        2544
         228        2545
         229        2546
         230        2547
         231        2551
         232        2552
         233        2553
         162
           1        1290
           2        1258
           3        1257
           4        1317
           5        1355
           6        1354
           7        1162
           8        1207
           9        1150
          10        1160
          11        1215
          12        1161
          13        1206
          14        1251
          15        1205
          16        1163
          17        1118
          18        1116
          19        1182
          20        1494
          21        1527
          22        1493
          23        1322
          24        1323
          25        1359
          26        1216
          27        1287
          28        1291
          29        1319
          30        1448
          31        1449
          32        1208
          33        1253
          34        1320
          35        1289
          36        1292
          37        1402
          38        1358
          39        1450
          40        1249
          41        1202
          42        1203
          43        1250
          44        1286
          45        1285
          46        1351
          47        1352
          48        1397
          49        1321
          50        1356
          51        1318
          52        1145
          53        1201
          54        1396
          55        1445
          56        1147
          57        1146
          58        1204
          59        1252
          60        1151
          61        1152
          62        1248
          63        1265
          64        1266
          65        1299
          66        1177
          67        1179
          68        1226
          69        1229
          70        1225
          71        1178
          72        1227
          73        1181
          74        1300
          75        1270
          76        1267
          77        1230
          78        1302
          79        1334
          80        1333
          81        1269
          82        1180
          83        1330
          84        1296
          85        1298
          86        1331
          87        1263
          88        1418
          89        1372
          90        1373
          91        1371
          92        1233
          93        1271
          94        1268
          95        1417
          96        1332
          97        1398
          98        1316
          99        1353
         100        1315
         101        1399
         102        1401
         103        1403
         104        1491
         105        1447
         106        1492
         107        1446
         108        1400
         109        1526
         110        1451
         111        1293
         112        1288
         113        1360
         114        1357
         115        1214
         116        1283
         117        1284
         118        1148
         119        1149
         120        1143
         121        1144
         122        1080
         123        1078
         124        1077
         125        1085
         126        1079
         127        1015
         128        1016
         129        1117
         130        1050
         131        1048
         132        1174
         133        1224
         134        1175
         135        1111
         136        1176
         137        1110
         138        1109
         139        1112
         140        1223
         141        1264
         142        1301
         143        1049
         144        1115
         145         989
         146        1113
         147        1114
         148        1228
         149        1274
         150        1305
         151        1185
         152        1236
         153        1297
         154        1370
         155        1416
         156        1503
         157        1502
         158        1462
         159        1374
         160        1461
         161        1463
         162        1533
         394
           1          22
           2          23
           3          24
           4          95
           5          96
           6          97
           7          98
           8          99
           9         100
          10         118
          11         119
          12         120
          13         130
          14         131
          15         132
          16         156
          17         157
          18         405
          19         406
          20         407
          21         453
          22         454
          23         455
          24         563
          25         564
          26         565
          27         574
          28         575
          29         578
          30         579
          31         580
          32         581
          33         582
          34         583
          35         584
          36         585
          37         586
          38         559
          39         587
          40         588
          41         589
          42         590
          43         591
          44         592
          45         593
          46         594
          47         595
          48         596
          49         597
          50         598
          51         599
          52         600
          53         601
          54         602
          55         603
          56         604
          57         605
          58         606
          59         607
          60         608
          61         609
          62         610
          63         611
          64         612
          65         613
          66         614
          67         615
          68         616
          69         617
          70         621
          71         622
          72         623
          73         624
          74         625
          75         626
          76         627
          77         628
          78         629
          79         630
          80         631
          81         632
          82         633
          83         663
          84         664
          85         665
          86         672
          87         673
          88        1524
          89        1525
          90        1526
          91        1552
          92        1553
          93        1554
          94        1555
          95        1556
          96        1557
          97        1590
          98        1591
          99        1592
         100        1593
         101        1594
         102        1607
         103        1608
         104        1609
         105        1610
         106        1611
         107        1612
         108        1613
         109        1614
         110        1615
         111        1616
         112        1617
         113        1618
         114        1619
         115        1620
         116        1621
         117        1622
         118        1625
         119        1626
         120        1627
         121        1628
         122        1629
         123        1640
         124        1641
         125        1642
         126        1643
         127        1644
         128        1645
         129        1646
         130        1647
         131        1648
         132        1649
         133        1650
         134        1651
         135        1652
         136        1653
         137        1654
         138        1663
         139        1664
         140        1672
         141        1673
         142        1674
         143        1675
         144        1676
         145        1677
         146        1678
         147        1679
         148        1680
         149        1681
         150        1682
         151        1683
         152        1684
         153        1685
         154        1686
         155        1689
         156        1690
         157        1691
         158        1692
         159        1693
         160        1694
         161        1695
         162        1696
         163        1697
         164        1698
         165        1699
         166        1706
         167        1707
         168        1710
         169        1711
         170        1712
         171        1713
         172        1717
         173        1721
         174        1722
         175        2003
         176        2004
         177        2005
         178        2006
         179        2008
         180        2009
         181        2010
         182        2011
         183         636
         184        2013
         185        2016
         186        2017
         187        2018
         188        2019
         189        2020
         190        2021
         191        2022
         192        2023
         193        2024
         194        2025
         195        2026
         196        2027
         197        2028
         198        2029
         199        2030
         200        2031
         201        2032
         202        2033
         203        2034
         204        2035
         205        2036
         206        2037
         207        2038
         208        2039
         209        2040
         210        2041
         211        2042
         212        2043
         213        2044
         214        2047
         215        2049
         216        2050
         217        2051
         218        2052
         219        2053
         220        2054
         221        2055
         222        2056
         223        2057
         224        2058
         225        2059
         226        2060
         227        2065
         228        2066
         229        2067
         230        2068
         231        2069
         232        2070
         233        2071
         234        2072
         235        2073
         236        2074
         237        2075
         238        2076
         239        2077
         240        2078
         241        2079
         242        2080
         243        2081
         244        2082
         245        2083
         246        2084
         247        2085
         248        2086
         249        2087
         250        2088
         251        2089
         252        2090
         253        2094
         254        2093
         255        2063
         256        2107
         257        2108
         258        2184
         259        2185
         260        2186
         261        2187
         262        2188
         263        2189
         264        2190
         265        2191
         266        2192
         267        2193
         268        2194
         269        2195
         270        3144
         271        3145
         272        3146
         273        3187
         274        3188
         275        3189
         276        3190
         277        3191
         278        3192
         279        3694
         280        3695
         281        3696
         282        3697
         283        3698
         284        3699
         285        3901
         286        3902
         287        3903
         288        3904
         289        3905
         290        3906
         291        3907
         292        3908
         293        3909
         294        3910
         295        3918
         296        3919
         297        3920
         298        3921
         299        3922
         300        3923
         301        3924
         302        3925
         303        3926
         304        3927
         305        3928
         306        3929
         307        3930
         308        3931
         309        3932
         310        3933
         311        3934
         312        3935
         313        3936
         314        3940
         315        3941
         316        3942
         317        3943
         318        3944
         319        3945
         320        3962
         321        3963
         322        3964
         323        3965
         324        3966
         325        3967
         326        3968
         327        3969
         328        3970
         329        3971
         330        4013
         331        4014
         332        4015
         333        4020
         334        4021
         335        4022
         336        4025
         337        4026
         338        4027
         339        4028
         340        1668
         341        4029
         342        4030
         343        4031
         344        4032
         345        4033
         346        4034
         347        4035
         348        4036
         349        4010
         350        4037
         351        4038
         352        4039
         353        4040
         354        4044
         355        4045
         356        4055
         357        4056
         358        4057
         359        4052
         360        4041
         361        4053
         362        4058
         363        4111
         364        4112
         365        1639
         366        4114
         367        4115
         368        1670
         369        4116
         370        4119
         371        4120
         372        4113
         373        4121
         374        4129
         375        4130
         376        4131
         377        4132
         378        4133
         379        4118
         380        4134
         381        4135
         382        1667
         383        1638
         384        4136
         385        4137
         386        4138
         387        1701
         388        4152
         389        4153
         390        4154
         391        4155
         392        4156
         393        4158
         394        4159
 Header:
       2000          2          1           0.00           0.00
        48  0.9000000E+03      3     32     12    0.99999998E-02    0.20000000E+03    0.10000000E+02    0.00000000E+00    0.99999997E-04   2
  -1800.00000    
  -1600.00000    
  -1400.00000    
  -1200.00000    
  -1000.00000    
  -800.000000    
  -600.000000    
  -400.000000    
  -300.000000    
  -260.000000    
  -230.000000    
  -1.00000000    
 -0.949999988    
 -0.899999976    
 -0.850000024    
 -0.800000012    
 -0.750000000    
 -0.699999988    
 -0.649999976    
 -0.600000024    
 -0.550000012    
 -0.500000000    
 -0.449999988    
 -0.400000006    
 -0.349999994    
 -0.300000012    
 -0.250000000    
 -0.200000003    
 -0.150000006    
 -0.100000001    
  -5.00000007E-02
   0.00000000    
         162         233
   34.594512765800005        27.847182633999999        511.740753               7
   34.609472222500003        27.879063226700001        490.053101               7
   34.582196855799999        27.874850245899999        514.320068               7
   34.706959634599997        27.882607336200000        285.708740               9
   34.716321684100002        27.858188532400000        559.903503               7
   34.732757091400003        27.878708881200005        272.839630               9
   34.608346728000001        27.917392097699999        36.4092865              12
   34.621899198500003        27.909779664199995        224.984543              11
   34.622515525399990        27.920289691200001        29.3263893              12
   34.573869594400001        27.912006582699998        38.4036674              12
   34.591601347100003        27.898610442900001        216.171127              11
   34.587378910100000        27.914870890599996        7.02665186              12
   34.647794445900004        27.909589196500004        154.843216              12
   34.660609774199997        27.903315450200001        164.258286              12
   34.657242659600001        27.913615367900000        75.6368179              12
   34.599118405399999        27.913219023599996        46.4789085              12
   34.811008295699999        28.090527825999999        5.00000000              12
   34.805993071499998        28.097919507499999        54.3341599              12
   34.802429405700003        28.087537975000000        35.0707397              12
   34.890550947300000        27.781357989600000        711.390259               6
   34.899393388100009        27.849592312499997        590.038452               7
   34.836685169900001        27.814307804199995        640.488098               6
   34.579039732900000        27.749791125700000        988.549377               5
   34.543348127400002        27.700021061800001        985.640686               5
   34.634824288399997        27.700013758900003        962.165771               5
   34.609937267100001        27.901845370499998        270.910126               9
   34.639485458300001        27.877244411400003        590.629211               7
   34.626138756400003        27.856188680500001        582.941223               7
   34.659137307499996        27.851580255299996        689.666504               6
   34.785688841999999        27.840616742499996        542.417480               7
   34.775413029500008        27.777374470100003        617.264832               6
   34.635399741900002        27.907004187700004        237.712830              10
   34.626889797399997        27.894412438500002        488.053986               7
   34.572308050499998        27.802767734700002        902.720825               5
   34.518465164299997        27.826961831400002        981.617065               5
   34.508359297100000        27.765131175900002        967.645142               5
   34.708095843899997        27.753355358600000        867.173218               5
   34.634587286699997        27.771696130199999        1006.89813               4
   34.832953159099993        27.750681213200000        810.928467               5
   34.689646463400003        27.907210633199998        19.3702393              12
   34.690367343200009        27.916169120799999        15.4215307              12
   34.680244602999998        27.913008103199996        20.1485138              12
   34.675154444100002        27.902249489999996        106.403038              12
   34.664986273499999        27.884015386900000        474.802307               7
   34.687333590400009        27.890575916299998        259.439972              10
   34.748006500099997        27.939209540699999        38.4407883              12
   34.746260704500003        27.920716623499999        8.22904587              12
   34.769080183200003        27.931663411199999        9.44942379              12
   34.626637359000000        27.821677283800000        666.348267               6
   34.692120613699991        27.841617949100002        752.791870               6
   34.686419178900003        27.868748976500001        634.134277               6
   34.684863966100004        27.921728250900003        13.4128761              12
   34.693539899400001        27.922664384600001        6.67538548              12
   34.767401884700000        27.956979576399998        20.6827908              12
   34.796891175100001        27.947990457600000        38.4379425              12
   34.677073396700003        27.920464670200005        12.1890450              12
   34.671058239099999        27.925815592500001        6.08370543              12
   34.668656498300003        27.914557022100002        29.9769325              12
   34.645994321300002        27.895626453300000        387.194916               8
   34.632159711400000        27.917614500200003        40.3362274              12
   34.641329126100004        27.916316339500003        77.8953781              12
   34.702479898199996        27.915095946499999        5.00000000              12
   34.831461839699998        28.073795949199997        48.0768318              12
   34.822383748299998        28.076354715400001        33.3799706              12
   34.821683986700009        28.065458463300001        36.4620438              12
   34.783725883400002        28.089431043900003        37.9229889              12
   34.773943127599999        28.083200910000002        35.1916466              12
   34.785733350000001        28.081727283500001        69.8797760              12
   34.817362852199999        28.083804560199997        9.91121960              12
   34.827248080499999        28.083399809400003        25.6794682              12
   34.763724478599997        28.079329598499996        10.3117008              12
   34.770242052999997        28.074741311599997        22.3877869              12
   34.792923666900002        28.089031813199998        84.0015488              12
   34.790217007499990        28.062239945100000        14.1870899              12
   34.797798151800002        28.071077946999996        15.7506065              12
   34.788210785799997        28.073722325799999        41.4861488              12
   34.797321772399997        28.080357089499998        38.3602753              12
   34.781585880199998        28.050483849300004        8.25187302              12
   34.784043516700002        28.034209928200003        15.4799757              12
   34.797397309899992        28.048515162799998        18.8251038              12
   34.811843100600001        28.076250572199999        7.37702322              12
   34.824960592300002        28.092698856399998        5.96610069              12
   34.848200729100000        28.060662410700001        117.243286              12
   34.843577725699994        28.073364872399999        33.7347488              12
   34.835847764999997        28.064959604900000        68.7873611              12
   34.832920037199997        28.052445302199999        66.3320770              12
   34.835926520999998        28.081044715899999        24.8346367              12
   34.820310588699996        28.003782350200005        11.2317352              12
   34.828752395700000        28.032383359400001        25.8925896              12
   34.805526724600000        28.029615596999996        14.8757133              12
   34.848640047799996        28.043603310400005        154.955246              12
   34.770788334400009        28.066822221499997        8.82837296              12
   34.778558411299997        28.060983518700002        7.35375166              12
   34.779682731600005        28.069404149699999        30.8131638              12
   34.850599285300000        28.020347240199996        81.6474228              12
   34.815511447399999        28.048913106499995        31.5562057              12
   34.767215656799998        27.906529239699999        104.977180              12
   34.721288880499991        27.896559202500001        52.5887833              12
   34.742678370900002        27.899591841300001        78.2285538              12
   34.728670984600001        27.914421561200005        5.00000000              12
   34.762882540800000        27.878808889900000        337.693665               8
   34.729503716899998        27.816413638200000        629.585754               6
   34.783200469299999        27.700009522199998        871.616821               5
   34.832653787900000        27.921329323899997        61.6118736              12
   34.797927788999999        27.888130510200000        246.674988              10
   34.840314264100002        27.869211014000001        352.808960               8
   34.793339554399999        27.919042996900004        48.6921921              12
   34.746312271100003        27.854011636900001        491.390259               7
   34.889687043199999        27.906481596899997        160.100311              12
   34.880886030599996        27.700003856300004        825.294800               5
   34.455540719799998        27.700044040600005        994.768188               5
   34.556424794000002        27.849845389399999        812.733154               5
   34.710503714100007        27.700006478199999        949.136108               5
   34.674758306399994        27.808057089300000        807.016052               5
   34.573816912700003        27.893397310399997        288.535492               9
   34.713910444000000        27.908309895499997        5.00000000              12
   34.701198798800000        27.901540012500003        29.0964508              12
   34.659098488600002        27.922071592000002        17.7847900              12
   34.649004638699999        27.920938140400001        31.4361439              12
   34.688282071400003        27.928499291200001        5.00000000              12
   34.698225433100006        27.928270127500003        5.00000000              12
   34.679844424400002        27.928411353700000        7.69739294              12
   34.692246964700004        27.934682602000002        5.00000000              12
   34.682561186500003        27.936118537800002        5.00000000              12
   34.639311085499990        27.924025060700004        15.1576166              12
   34.673722425400001        27.935286489500001        5.34105110              12
   34.685816320900003        27.943770064199999        5.00000000              12
   34.675108932900002        27.944033355000002        5.00000000              12
   34.797793118800001        28.095660771999995        73.9738312              12
   34.815066844299999        28.100652072399996        51.4423637              12
   34.808800183599999        28.108578800699998        41.5425301              12
   34.832493137500002        28.100745549300001        25.0505886              12
   34.841970542699997        28.096405428199997        49.7400818              12
   34.841627164099989        28.106134188300000        68.3325272              12
   34.849926279599991        28.112593542200003        44.1044540              12
   34.851966034999997        28.102688174499999        41.1817017              12
   34.834807812999998        28.113572649700000        14.1120405              12
   34.825320538299998        28.108237586000001        5.00000000              12
   34.860439496300003        28.109143348600000        11.9503145              12
   34.834730978400003        28.090001464499998        12.8615170              12
   34.844589423599999        28.084273252399999        6.18207121              12
   34.806457762900003        28.062681510299996        19.9153881              12
   34.798817129600003        28.105484882300001        21.6612034              12
   34.789486059200009        28.099054569400000        40.2615776              12
   34.817575452500002        28.110443667799998        45.1830330              12
   34.772151106599999        28.090062673199995        5.20957470              12
   34.762948008699993        28.087184288599996        5.00000000              12
   34.778939808600001        28.076861455299998        74.2462311              12
   34.769492181499999        28.055717845099998        6.08192635              12
   34.768097612399998        28.041958486100004        14.8011751              12
   34.761305124699994        28.069581322400001        5.00000000              12
   34.761415152700003        28.062364330400001        5.00000000              12
   34.853465693099999        28.070575856799998        47.4236870              12
   34.862269098600002        28.054058338299999        230.594147              10
   34.869235463700008        28.038562213999995        209.720535              11
   34.872081121999997        27.953689072999996        70.0021362              12
   34.902045120600008        27.989533178199999        175.991837              12
   34.858133453199997        27.991537880799996        101.805763              12
   34.787620669100008        28.011536147299999        9.00183678              12
   34.881696195600000        28.017662611200002        184.524567              12
   34.827904443299992        27.966614166399999        114.988152              12
   34.928138338799997        27.951123311500002        56.5881462              12
           3           1           2           3
           3           4           5           6
           3           7           8           9
           3          10          11          12
           3          13          14          15
           3          16          12          11
           3          17          18          19
           3          20          21          22
           3          23          24          25
           3          16          11          26
           3          27          28          29
           3          22          30          31
           3          32           8          33
           3          34          35          36
           3          25          37          38
           3          31          39          22
           3          40          41          42
           3          22          39          20
           3          43          44          45
           3          46          47          48
           3          28           1          49
           3          50           5          51
           3          52          41          53
           3          27          33           2
           3           2          26          11
           3          54          48          55
           3          56          57          58
           3          51           4          45
           3          33           8          26
           3          33          59          32
           3          60          32          61
           3          62          53          41
           3          63          64          65
           3          66          67          68
           3          69          64          70
           3          71          72          67
           3          68          73          66
           3          74          75          76
           3          76          77          68
           3          78          79          80
           3          65          64          81
           3          70          82          69
           3          83          84          85
           3          83          85          86
           3          84          87          63
           3          88          89          90
           3          83          86          91
           3          92          93          94
           3          95          89          88
           3          86          65          96
           3          78          80          74
           3          48          47          97
           3          98          99         100
           3          99           6         101
           3          50         102           5
           3          31          37         103
           3           4           6          98
           3          30         102          31
           3         104         105         106
           3         104         107         105
           3          30         108         102
           3         100          99          47
           3          99         101          97
           3         104         106         109
           3         106          22          21
           3          30         101         108
           3          39          31         103
           3         103         110          39
           3          23          36          24
           3          36         111          24
           3          34          38          49
           3          23          34          36
           3          34         112          35
           3          29          51          44
           3          28           2           1
           3          38          34          23
           3           1         112          34
           3         113          37          25
           3         114          37         102
           3          38          23          25
           3          44          27          29
           3         114         102          50
           3         114          38          37
           3          49           1          34
           3         114          49          38
           3         114          50          29
           3         114          29          49
           3         115          11          10
           3          49          29          28
           3          50          51          29
           3         116         117          98
           3          51           5           4
           3          51          45          44
           3           4          98         117
           3          59          27          44
           3          59          33          27
           3          27           2          28
           3          33          26           2
           3           1           3         112
           3           2          11           3
           3           3          11         115
           3          44          14          59
           3          58          57         118
           3         119          61          13
           3          14          43          58
           3          13          32          59
           3          14          13          59
           3          44          43          14
           3          45         117          40
           3           4         117          45
           3          45          40          43
           3         117          62          40
           3          43          42          58
           3          43          40          42
           3          14          58          15
           3          42          56          58
           3          41          52          42
           3         120          52          53
           3          40          62          41
           3          42          52          56
           3          53         121         120
           3          52         122          56
           3         123         124         120
           3          15          58         118
           3          15         119          13
           3          15         118         119
           3          60          61         125
           3          32          13          61
           3           8          32          60
           3           8          60           9
           3          61         119         125
           3           8           7          26
           3           7          16          26
           3          57          56         122
           3         120         122          52
           3         126          57         122
           3         123         120         121
           3         123         127         124
           3         124         126         122
           3         128         126         124
           3         120         124         122
           3         127         128         124
           3         129          73          19
           3         130         131          18
           3         132         133         134
           3         135         134         136
           3         137         138         132
           3         135         136         139
           3         133         132         140
           3         141         140          87
           3         132         134         137
           3         141         133         140
           3         136         134         133
           3         141          87          84
           3         140          82          70
           3          63          70          64
           3          87         140          70
           3          84          63          85
           3          87          70          63
           3         142          65          81
           3          81          64          69
           3         143         129          18
           3         144          73         129
           3         143          18         131
           3         129          19          18
           3          82         140         132
           3         131         130         145
           3          18          17         130
           3         143         144         129
           3         144          66          73
           3         146          67          66
           3          67         147          71
           3          94          72          92
           3          67         148          68
           3          94         148          72
           3          72         148          67
           3          94          76         148
           3          77          73          68
           3          73          77          19
           3          68         148          76
           3          78         149         150
           3          90          96          80
           3          74         142          75
           3          89          96          90
           3          86          85          65
           3          90          80          79
           3          96         142          80
           3         149          78          93
           3          92         149          93
           3         151          92          72
           3         152         149          92
           3          93          74          94
           3          75          77          76
           3          94          74          76
           3         142          81          75
           3          78          74          93
           3          80         142          74
           3         153          84          83
           3          96          65         142
           3          85          63          65
           3          89          86          96
           3          89          91          86
           3          95          91          89
           3         154          83          91
           3          95         155          91
           3         156         157         158
           3          48         107          55
           3          88          90         159
           3         158          95          88
           3         160          95         158
           3         116          98         100
           3          47          99          97
           3          98           6          99
           3          97         105         107
           3         161          55         104
           3          48          97         107
           3         104          55         107
           3         158         161         156
           3         158          88         161
           3         109         162         156
           3         156         104         109
           3         156         161         104
           3         109         106          21
           3         105          30         106
           3          97         101         105
           3           6           5         108
           3           6         108         101
           3           5         102         108
           3         106          30          22
           3         105         101          30
           3          39         110          20
           3          37          31         102
           3          37         113         103
           1           2           3
           2           3           1
           3           1           2
           4           5           6
           5           6           4
           6           4           5
           7           8           9
           8           9           7
           9           7           8
          10          11          12
          11          12          10
          12          10          11
          13          14          15
          14          15          13
          15          13          14
          16          11          16
          17          16          12
          18          18          19
          19          19          17
          20          17          18
          21          21          22
          22          22          20
          23          20          21
          24          24          25
          25          25          23
          26          23          24
          27          11          26
          28          26          16
          29          28          29
          30          29          27
          31          27          28
          32          30          31
          33          31          22
          34          22          30
          35           8          33
          36          33          32
          37          32           8
          38          36          35
          39          36          34
          40          34          35
          41          37          38
          42          38          25
          43          25          37
          44          39          22
          45          31          39
          46          41          42
          47          42          40
          48          40          41
          49          39          20
          50          44          45
          51          45          43
          52          43          44
          53          47          48
          54          48          46
          55          46          47
          56           1          49
          57          49          28
          58          28           1
          59           5          51
          60          51          50
          61          50           5
          62          41          53
          63          53          52
          64          52          41
          65          33           2
          66           2          27
          67          27          33
          68          11           2
          69           2          26
          70          48          55
          71          55          54
          72          54          48
          73          57          58
          74          58          56
          75          56          57
          76           4          45
          77          45          51
          78          51           4
          79           8          26
          80          26          33
          81          59          32
          82          33          59
          83          32          61
          84          61          60
          85          60          32
          86          41          62
          87          62          53
          88          64          65
          89          65          63
          90          63          64
          91          67          68
          92          68          66
          93          66          67
          94          64          70
          95          70          69
          96          69          64
          97          72          67
          98          67          71
          99          71          72
         100          73          66
         101          68          73
         102          75          76
         103          76          74
         104          74          75
         105          77          68
         106          68          76
         107          76          77
         108          79          80
         109          80          78
         110          78          79
         111          64          81
         112          81          65
         113          82          69
         114          70          82
         115          84          85
         116          85          83
         117          83          84
         118          85          86
         119          86          83
         120          87          63
         121          63          84
         122          84          87
         123          89          90
         124          90          88
         125          88          89
         126          86          91
         127          91          83
         128          93          94
         129          94          92
         130          92          93
         131          88          95
         132          95          89
         133          65          96
         134          96          86
         135          86          65
         136          80          74
         137          74          78
         138          47          97
         139          97          48
         140          99         100
         141         100          98
         142          98          99
         143           6         101
         144         101          99
         145          99           6
         146         102           5
         147          50         102
         148          37         103
         149         103          31
         150          31          37
         151           6          98
         152          98           4
         153         102          31
         154          30         102
         155         105         106
         156         106         104
         157         104         105
         158         107         105
         159         104         107
         160         108         102
         161          30         108
         162          99          47
         163          47         100
         164         101          97
         165          97          99
         166         106         109
         167         109         104
         168          21         106
         169         106          22
         170         101         108
         171          30         101
         172         103          39
         173         110          39
         174         103         110
         175          36          24
         176          23          36
         177         111          24
         178          36         111
         179          38          49
         180          49          34
         181          34          38
         182          23          34
         183          35         112
         184          34         112
         185          51          44
         186          44          29
         187          29          51
         188          28           2
         189          23          38
         190          34           1
         191           1         112
         192          25         113
         193         113          37
         194          37         102
         195         102         114
         196         114          37
         197          44          27
         198          50         114
         199         114          38
         200         114          49
         201          50          29
         202          29         114
         203          29          49
         204          10         115
         205         115          11
         206         117          98
         207          98         116
         208         116         117
         209         117           4
         210          44          59
         211          59          27
         212           3         112
         213          11           3
         214         115           3
         215          14          59
         216          44          14
         217          57         118
         218         118          58
         219          61          13
         220          13         119
         221         119          61
         222          43          58
         223          58          14
         224          14          43
         225          59          13
         226          13          32
         227         117          40
         228          40          45
         229          45         117
         230          40          43
         231          62          40
         232         117          62
         233          42          58
         234          43          42
         235          58          15
         236          42          56
         237          52          42
         238          53         120
         239         120          52
         240          52          56
         241         121         120
         242          53         121
         243         122          56
         244          52         122
         245         124         120
         246         120         123
         247         123         124
         248         118          15
         249          15         119
         250         118         119
         251          61         125
         252         125          60
         253          60           8
         254           9          60
         255         125         119
         256           7          26
         257           7          16
         258         122          57
         259         120         122
         260         122         126
         261         126          57
         262         121         123
         263         127         124
         264         123         127
         265         122         124
         266         124         126
         267         124         128
         268         128         126
         269         127         128
         270          73          19
         271          19         129
         272         129          73
         273         131          18
         274          18         130
         275         130         131
         276         133         134
         277         134         132
         278         132         133
         279         134         136
         280         136         135
         281         135         134
         282         138         132
         283         132         137
         284         137         138
         285         136         139
         286         139         135
         287         132         140
         288         140         133
         289         140          87
         290          87         141
         291         141         140
         292         134         137
         293         141         133
         294         133         136
         295          84         141
         296          70         140
         297         140          82
         298          63          70
         299          70          87
         300          63          85
         301          81         142
         302         142          65
         303          69          81
         304         129          18
         305          18         143
         306         143         129
         307         129         144
         308         144          73
         309         131         143
         310         132          82
         311         130         145
         312         145         131
         313          17         130
         314         143         144
         315         144          66
         316          66         146
         317         146          67
         318         147          71
         319          67         147
         320          72          92
         321          94          72
         322         148          68
         323          67         148
         324         148          72
         325          94         148
         326          76         148
         327          94          76
         328          77          73
         329          77          19
         330         149         150
         331         150          78
         332          78         149
         333          96          80
         334          80          90
         335          90          96
         336         142          75
         337          74         142
         338          89          96
         339          85          65
         340          90          79
         341         142          80
         342          96         142
         343          78          93
         344          93         149
         345          92         149
         346          72         151
         347         151          92
         348          92         152
         349         149         152
         350          74          94
         351          93          74
         352          75          77
         353          81          75
         354          83         153
         355         153          84
         356          89          86
         357          89          91
         358          95          91
         359         154          91
         360          83         154
         361          91         155
         362          95         155
         363         157         158
         364         158         156
         365         157         156
         366         107          55
         367          48         107
         368         159          90
         369         159          88
         370          88         158
         371         158          95
         372         160         158
         373         160          95
         374         100         116
         375         107          97
         376          97         105
         377          55         104
         378         104         161
         379          55         161
         380         161         156
         381         158         161
         382         161          88
         383         156         162
         384         156         109
         385         109         162
         386         156         104
         387         109          21
         388          30         106
         389         105          30
         390         101         105
         391           5         108
         392         108           6
         393         110          20
         394         113         103
