         805           2
        741   0.463001795539E+07   0.318728553607E+07   0.126786002904E+01   0.100000000000E+02
        750   0.463251610674E+07   0.318610315983E+07   0.127655157648E+01   0.100000000000E+02
        754   0.463123101790E+07   0.318921004234E+07   0.127940268989E+01   0.100000000000E+02
        629   0.461869262832E+07   0.318177107465E+07   0.121396408293E+01   0.100000000000E+02
        609   0.461606312089E+07   0.318323567471E+07   0.120715132969E+01   0.100000000000E+02
        600   0.461771607854E+07   0.318018424336E+07   0.121310810903E+01   0.100000000000E+02
        535   0.461583614639E+07   0.317628363820E+07   0.121431282664E+01   0.100000000000E+02
        513   0.461536194138E+07   0.317529394330E+07   0.122815291613E+01   0.100000000000E+02
        514   0.461622538316E+07   0.317501939237E+07   0.122566439493E+01   0.100000000000E+02
        679   0.462233777128E+07   0.319435869975E+07   0.125621503466E+01   0.100000000000E+02
        650   0.462094209961E+07   0.319483505759E+07   0.125208752045E+01   0.100000000000E+02
        676   0.462174764828E+07   0.319266754129E+07   0.124776921975E+01   0.100000000000E+02
        644   0.463411086824E+07   0.317417353579E+07   0.126336393465E+01   0.100000000000E+02
        672   0.463291531443E+07   0.317563723705E+07   0.125395885683E+01   0.100000000000E+02
        643   0.463350599702E+07   0.317374384420E+07   0.125930370655E+01   0.100000000000E+02
        727   0.462780363713E+07   0.318651562580E+07   0.125101047556E+01   0.100000000000E+02
        729   0.462768109438E+07   0.318957030388E+07   0.125995874123E+01   0.100000000000E+02
        686   0.463486036721E+07   0.317779255351E+07   0.127510280356E+01   0.100000000000E+02
        675   0.463454569642E+07   0.317676200066E+07   0.126971319920E+01   0.100000000000E+02
        659   0.463579431272E+07   0.317580147128E+07   0.126463801838E+01   0.100000000000E+02
        453   0.459719425163E+07   0.319317890036E+07   0.121590269726E+01   0.100000000000E+02
        469   0.459832161216E+07   0.319231128249E+07   0.121717913565E+01   0.100000000000E+02
        454   0.459759738095E+07   0.319375633136E+07   0.121680393969E+01   0.100000000000E+02
        122   0.456111757527E+07   0.317732588704E+07   0.115598506129E+01   0.100000000000E+02
        102   0.456162788486E+07   0.317519823206E+07   0.115960554643E+01   0.100000000000E+02
        123   0.456273674152E+07   0.317512986369E+07   0.116038888337E+01   0.100000000000E+02
        602   0.462346843555E+07   0.317539816016E+07   0.122763182950E+01   0.100000000000E+02
        630   0.462288013289E+07   0.317737152588E+07   0.122739184193E+01   0.100000000000E+02
        601   0.462247084728E+07   0.317607908203E+07   0.122558291001E+01   0.100000000000E+02
        742   0.462897321614E+07   0.319064231150E+07   0.127290964206E+01   0.100000000000E+02
        751   0.463443783683E+07   0.318442857053E+07   0.128034981102E+01   0.100000000000E+02
        736   0.463494269979E+07   0.318267524856E+07   0.128032346444E+01   0.100000000000E+02
        739   0.463587164041E+07   0.318259712823E+07   0.127965541692E+01   0.100000000000E+02
        437   0.460771850819E+07   0.317759540259E+07   0.121314364785E+01   0.100000000000E+02
        458   0.460685999522E+07   0.317800765004E+07   0.121272488001E+01   0.100000000000E+02
        436   0.460757769810E+07   0.317709747511E+07   0.121280304961E+01   0.100000000000E+02
        414   0.459776047068E+07   0.317964491753E+07   0.121015541396E+01   0.100000000000E+02
        413   0.459611491969E+07   0.317974489056E+07   0.120908999702E+01   0.100000000000E+02
        402   0.459809267633E+07   0.317773987149E+07   0.121013735118E+01   0.100000000000E+02
        179   0.456545624188E+07   0.318082398986E+07   0.116019932753E+01   0.100000000000E+02
        197   0.456789360560E+07   0.317837240406E+07   0.116019979140E+01   0.100000000000E+02
        198   0.456730837696E+07   0.318096446312E+07   0.116415384119E+01   0.100000000000E+02
        502   0.460189348034E+07   0.318976383514E+07   0.121169668861E+01   0.100000000000E+02
        504   0.460174050937E+07   0.319216610711E+07   0.121714255687E+01   0.100000000000E+02
        486   0.460035032951E+07   0.319216162870E+07   0.121540524713E+01   0.100000000000E+02
        266   0.458049498803E+07   0.317404184832E+07   0.118176787963E+01   0.100000000000E+02
        247   0.458050358076E+07   0.317225330237E+07   0.118469666925E+01   0.100000000000E+02
        248   0.458161576404E+07   0.317225583822E+07   0.118467917874E+01   0.100000000000E+02
        355   0.458598461835E+07   0.318895142205E+07   0.120200557795E+01   0.100000000000E+02
        340   0.458527857686E+07   0.318899769553E+07   0.120043174187E+01   0.100000000000E+02
        354   0.458589589574E+07   0.318782995792E+07   0.120123990722E+01   0.100000000000E+02
        276   0.457513459671E+07   0.318387854460E+07   0.118088827559E+01   0.100000000000E+02
        291   0.457732644624E+07   0.318223296248E+07   0.118231003125E+01   0.100000000000E+02
        278   0.457612065493E+07   0.318447856826E+07   0.118382450282E+01   0.100000000000E+02
        263   0.457462019636E+07   0.318552879217E+07   0.117970529955E+01   0.100000000000E+02
        244   0.457364687758E+07   0.318640870583E+07   0.117162022634E+01   0.100000000000E+02
        260   0.457337515398E+07   0.318556917281E+07   0.117894416380E+01   0.100000000000E+02
        527   0.460539399726E+07   0.319596555232E+07   0.122660392054E+01   0.100000000000E+02
        509   0.460465881231E+07   0.319756099026E+07   0.123500588130E+01   0.100000000000E+02
        508   0.460413917789E+07   0.319670584120E+07   0.121963626081E+01   0.100000000000E+02
        468   0.459798231903E+07   0.319139059336E+07   0.121546580245E+01   0.100000000000E+02
        752   0.463757096730E+07   0.318287591282E+07   0.128754072996E+01   0.100000000000E+02
        764   0.463795480017E+07   0.318378216484E+07   0.129030767321E+01   0.100000000000E+02
        768   0.463632772206E+07   0.318527081637E+07   0.128618632533E+01   0.100000000000E+02
        662   0.463605180110E+07   0.317903197810E+07   0.130535486679E+01   0.100000000000E+02
        688   0.463586333143E+07   0.317971940900E+07   0.126522501193E+01   0.100000000000E+02
        687   0.463525198886E+07   0.317958086625E+07   0.126705869245E+01   0.100000000000E+02
        753   0.463581641033E+07   0.318412703848E+07   0.128196621534E+01   0.100000000000E+02
        740   0.463688110917E+07   0.318232840691E+07   0.128119342463E+01   0.100000000000E+02
        848   0.464203987378E+07   0.318695931343E+07   0.130886683568E+01   0.100000000000E+02
        813   0.464088329503E+07   0.318642581727E+07   0.130682100005E+01   0.100000000000E+02
        814   0.464224794097E+07   0.318527759585E+07   0.130735395829E+01   0.100000000000E+02
        728   0.463051956435E+07   0.318400127409E+07   0.126174616671E+01   0.100000000000E+02
        767   0.463400758662E+07   0.318685317243E+07   0.128307882705E+01   0.100000000000E+02
        769   0.463299464477E+07   0.318948563092E+07   0.128882126507E+01   0.100000000000E+02
        723   0.463472853518E+07   0.318174215858E+07   0.128069745597E+01   0.100000000000E+02
        735   0.463370183043E+07   0.318362281433E+07   0.127889817500E+01   0.100000000000E+02
        722   0.463355775895E+07   0.318239478479E+07   0.127826481919E+01   0.100000000000E+02
        706   0.463426925131E+07   0.318089447999E+07   0.127533823959E+01   0.100000000000E+02
        642   0.462852007888E+07   0.317589273566E+07   0.123855956713E+01   0.100000000000E+02
        619   0.462937901957E+07   0.317413772367E+07   0.125517400285E+01   0.100000000000E+02
        641   0.462994815725E+07   0.317500855224E+07   0.124373445204E+01   0.100000000000E+02
        660   0.463624241524E+07   0.317641200095E+07   0.128578450152E+01   0.100000000000E+02
        622   0.463283993108E+07   0.317332284770E+07   0.125702188652E+01   0.100000000000E+02
        645   0.463122527756E+07   0.317473706149E+07   0.124209932437E+01   0.100000000000E+02
        621   0.463208123180E+07   0.317309412477E+07   0.125422455008E+01   0.100000000000E+02
        607   0.462661950553E+07   0.317387368668E+07   0.123529055260E+01   0.100000000000E+02
        606   0.462535867456E+07   0.317521629873E+07   0.123038404181E+01   0.100000000000E+02
        584   0.462527982225E+07   0.317372293701E+07   0.123530992712E+01   0.100000000000E+02
        531   0.462112303315E+07   0.317506754891E+07   0.122229671359E+01   0.100000000000E+02
        533   0.462096030569E+07   0.317565413172E+07   0.122076543833E+01   0.100000000000E+02
        511   0.462048012512E+07   0.317552982608E+07   0.121712288357E+01   0.100000000000E+02
        638   0.461619873383E+07   0.319112537279E+07   0.122675735061E+01   0.100000000000E+02
        667   0.461907719159E+07   0.318718966341E+07   0.122040211948E+01   0.100000000000E+02
        668   0.461855126722E+07   0.319115418787E+07   0.123574887992E+01   0.100000000000E+02
        576   0.462221988369E+07   0.317512431733E+07   0.122887174972E+01   0.100000000000E+02
        560   0.462146797528E+07   0.317567791683E+07   0.122638514712E+01   0.100000000000E+02
        554   0.462160153638E+07   0.317499925308E+07   0.122659133135E+01   0.100000000000E+02
        526   0.460456043888E+07   0.319500273947E+07   0.122154737287E+01   0.100000000000E+02
        542   0.460523072810E+07   0.319236030222E+07   0.121788475345E+01   0.100000000000E+02
        543   0.460631957072E+07   0.319357937689E+07   0.122051553130E+01   0.100000000000E+02
        690   0.462298884343E+07   0.318338684715E+07   0.122148074681E+01   0.100000000000E+02
        691   0.462602768221E+07   0.318081709329E+07   0.122456852385E+01   0.100000000000E+02
        711   0.462565782990E+07   0.318470995430E+07   0.123460848980E+01   0.100000000000E+02
        715   0.462577837046E+07   0.319009474274E+07   0.125285433440E+01   0.100000000000E+02
        717   0.462584161098E+07   0.319211678019E+07   0.126104253597E+01   0.100000000000E+02
        623   0.461838310904E+07   0.319550456550E+07   0.125666063239E+01   0.100000000000E+02
        599   0.461797206952E+07   0.319677071969E+07   0.125265897456E+01   0.100000000000E+02
        598   0.461700146483E+07   0.319690584292E+07   0.124315217804E+01   0.100000000000E+02
        664   0.462265251439E+07   0.318014867503E+07   0.122372218768E+01   0.100000000000E+02
        631   0.462094862467E+07   0.317983467533E+07   0.122291147810E+01   0.100000000000E+02
        332   0.459295539972E+07   0.317397982103E+07   0.120540225003E+01   0.100000000000E+02
        350   0.459369226030E+07   0.317507735214E+07   0.120589128767E+01   0.100000000000E+02
        349   0.459228471304E+07   0.317595876420E+07   0.120415408099E+01   0.100000000000E+02
        323   0.458473571843E+07   0.318913762308E+07   0.119896329458E+01   0.100000000000E+02
        324   0.458453645828E+07   0.318976116127E+07   0.120045076170E+01   0.100000000000E+02
        435   0.460695441426E+07   0.317700216475E+07   0.121161934749E+01   0.100000000000E+02
        400   0.459743097918E+07   0.317709255419E+07   0.120986914921E+01   0.100000000000E+02
        399   0.459611516537E+07   0.317773632398E+07   0.120828582633E+01   0.100000000000E+02
        649   0.461984589692E+07   0.319458750068E+07   0.124501050320E+01   0.100000000000E+02
        624   0.461898125843E+07   0.319646042907E+07   0.126714281332E+01   0.100000000000E+02
        697   0.462366967102E+07   0.319143988924E+07   0.124984922538E+01   0.100000000000E+02
        712   0.462527685250E+07   0.318839830858E+07   0.124540808095E+01   0.100000000000E+02
        700   0.462421246718E+07   0.319282908472E+07   0.125799361169E+01   0.100000000000E+02
        693   0.462307774285E+07   0.318929783880E+07   0.124094123350E+01   0.100000000000E+02
        720   0.462714578225E+07   0.319533276380E+07   0.127772989804E+01   0.100000000000E+02
        719   0.462665137222E+07   0.319487075832E+07   0.127556592621E+01   0.100000000000E+02
        731   0.462783474288E+07   0.319337852098E+07   0.127403576165E+01   0.100000000000E+02
        730   0.462713017071E+07   0.319225936194E+07   0.126898909245E+01   0.100000000000E+02
        732   0.462816580304E+07   0.319453160896E+07   0.127457026781E+01   0.100000000000E+02
        338   0.458503673448E+07   0.318834788522E+07   0.119962791910E+01   0.100000000000E+02
        392   0.459029051414E+07   0.319059591643E+07   0.120759643341E+01   0.100000000000E+02
        406   0.459121909603E+07   0.318843754137E+07   0.120710365444E+01   0.100000000000E+02
        407   0.459142929592E+07   0.319019180624E+07   0.120844553872E+01   0.100000000000E+02
        299   0.458642548526E+07   0.317468681367E+07   0.120584861906E+01   0.100000000000E+02
        288   0.458583209569E+07   0.317410367667E+07   0.120873151300E+01   0.100000000000E+02
        289   0.458682838109E+07   0.317340202668E+07   0.121394202865E+01   0.100000000000E+02
        348   0.459144210689E+07   0.317523938198E+07   0.120366819792E+01   0.100000000000E+02
        330   0.459074706705E+07   0.317427425069E+07   0.120475442948E+01   0.100000000000E+02
        331   0.459208417150E+07   0.317333502554E+07   0.120644519407E+01   0.100000000000E+02
        245   0.457421797213E+07   0.318679057163E+07   0.118445994194E+01   0.100000000000E+02
        333   0.458384849707E+07   0.318255335157E+07   0.119658937255E+01   0.100000000000E+02
        316   0.458176665317E+07   0.318471013415E+07   0.119434239410E+01   0.100000000000E+02
        315   0.458172774639E+07   0.318217942653E+07   0.119318599536E+01   0.100000000000E+02
        292   0.457783736883E+07   0.318376153360E+07   0.118604628810E+01   0.100000000000E+02
        302   0.457922000418E+07   0.318413634663E+07   0.118926599303E+01   0.100000000000E+02
        293   0.457759201206E+07   0.318565502666E+07   0.118780970805E+01   0.100000000000E+02
        347   0.458989715798E+07   0.317639993147E+07   0.120301531472E+01   0.100000000000E+02
        201   0.456828702646E+07   0.318213289497E+07   0.116943844008E+01   0.100000000000E+02
        215   0.456981999478E+07   0.317891101446E+07   0.116348240689E+01   0.100000000000E+02
        271   0.458502579245E+07   0.317345282134E+07   0.119902248649E+01   0.100000000000E+02
        269   0.458492890881E+07   0.317272853962E+07   0.120016961424E+01   0.100000000000E+02
        254   0.458571943572E+07   0.317255235275E+07   0.120118729489E+01   0.100000000000E+02
        216   0.457197267003E+07   0.317623143486E+07   0.116220245761E+01   0.100000000000E+02
        204   0.457354749310E+07   0.317382734415E+07   0.116293922007E+01   0.100000000000E+02
        219   0.457377353748E+07   0.317553113258E+07   0.116330120139E+01   0.100000000000E+02
        182   0.456847180766E+07   0.317572956112E+07   0.115942818702E+01   0.100000000000E+02
        178   0.456591740513E+07   0.317797984512E+07   0.115726300329E+01   0.100000000000E+02
        180   0.456560435753E+07   0.318279633459E+07   0.116388895251E+01   0.100000000000E+02
         47   0.455550052678E+07   0.317776538479E+07   0.115252184998E+01   0.100000000000E+02
         39   0.455428105567E+07   0.317781697684E+07   0.115252809344E+01   0.100000000000E+02
         40   0.455537806328E+07   0.317612992141E+07   0.115305623113E+01   0.100000000000E+02
        304   0.458033372587E+07   0.318675398881E+07   0.119243145112E+01   0.100000000000E+02
        303   0.457998835413E+07   0.318523775139E+07   0.119296493731E+01   0.100000000000E+02
          8   0.454660663406E+07   0.318356116435E+07   0.115157915110E+01   0.100000000000E+02
          1   0.454616222211E+07   0.318354828786E+07   0.115146096346E+01   0.100000000000E+02
          7   0.454668446845E+07   0.318288627145E+07   0.115111134889E+01   0.100000000000E+02
        243   0.457222310462E+07   0.318547202886E+07   0.118260063870E+01   0.100000000000E+02
        224   0.457140378403E+07   0.318652681632E+07   0.118373530195E+01   0.100000000000E+02
        223   0.457064756536E+07   0.318638724168E+07   0.118038850203E+01   0.100000000000E+02
        142   0.456328301229E+07   0.317651555729E+07   0.115820348486E+01   0.100000000000E+02
        158   0.456533854970E+07   0.317599652092E+07   0.115707573541E+01   0.100000000000E+02
        157   0.456367161000E+07   0.317844773321E+07   0.115634827351E+01   0.100000000000E+02
         64   0.455976779603E+07   0.317428602146E+07   0.115717278198E+01   0.100000000000E+02
         81   0.455936470314E+07   0.317566546716E+07   0.115617389075E+01   0.100000000000E+02
         63   0.455840797376E+07   0.317550267103E+07   0.115744458640E+01   0.100000000000E+02
         24   0.455132556773E+07   0.317954800145E+07   0.115291397468E+01   0.100000000000E+02
         25   0.455252611021E+07   0.317763292421E+07   0.115382152981E+01   0.100000000000E+02
         34   0.455289435925E+07   0.317878702102E+07   0.115307010886E+01   0.100000000000E+02
        124   0.456405428201E+07   0.317439330555E+07   0.116081746682E+01   0.100000000000E+02
        143   0.456510772261E+07   0.317452405813E+07   0.115965997115E+01   0.100000000000E+02
          5   0.454756721239E+07   0.318001273760E+07   0.115070932066E+01   0.100000000000E+02
         10   0.454749894872E+07   0.318089655520E+07   0.115064057438E+01   0.100000000000E+02
          3   0.454685221323E+07   0.318059843515E+07   0.115092431556E+01   0.100000000000E+02
         20   0.454966525631E+07   0.318015678381E+07   0.115233724509E+01   0.100000000000E+02
         23   0.455027029132E+07   0.318158195794E+07   0.115224099951E+01   0.100000000000E+02
         19   0.454861986274E+07   0.318219646696E+07   0.115235753730E+01   0.100000000000E+02
        258   0.457398342865E+07   0.317927570987E+07   0.116774193944E+01   0.100000000000E+02
        236   0.457190192094E+07   0.318065733273E+07   0.117017715208E+01   0.100000000000E+02
        235   0.457231544525E+07   0.317834403030E+07   0.116460432706E+01   0.100000000000E+02
         44   0.455414447856E+07   0.318243030829E+07   0.115314015290E+01   0.100000000000E+02
         37   0.455349900266E+07   0.318369058078E+07   0.115345578623E+01   0.100000000000E+02
         36   0.455307348976E+07   0.318285414983E+07   0.115278654800E+01   0.100000000000E+02
         33   0.455192846813E+07   0.318084245496E+07   0.115277427541E+01   0.100000000000E+02
         42   0.455381447169E+07   0.317968968479E+07   0.115255504188E+01   0.100000000000E+02
         58   0.455544010320E+07   0.317949860996E+07   0.115258197336E+01   0.100000000000E+02
         59   0.455542765173E+07   0.318133970018E+07   0.115345845729E+01   0.100000000000E+02
         60   0.455561765587E+07   0.318279148394E+07   0.115439561956E+01   0.100000000000E+02
         45   0.455454401482E+07   0.318332919537E+07   0.115400029597E+01   0.100000000000E+02
        135   0.456615949943E+07   0.317276197389E+07   0.116160298499E+01   0.100000000000E+02
        136   0.456737137936E+07   0.317157076616E+07   0.116106876363E+01   0.100000000000E+02
        152   0.456682600658E+07   0.317345683214E+07   0.115862714041E+01   0.100000000000E+02
        191   0.456894640034E+07   0.318539866994E+07   0.117514826758E+01   0.100000000000E+02
        176   0.456828849956E+07   0.318610882880E+07   0.117767564543E+01   0.100000000000E+02
        187   0.456840531959E+07   0.318527571255E+07   0.117547817448E+01   0.100000000000E+02
        342   0.458526663006E+07   0.319108882929E+07   0.120048770065E+01   0.100000000000E+02
        356   0.458617150381E+07   0.318983195960E+07   0.120071122564E+01   0.100000000000E+02
        357   0.458617286052E+07   0.319081340054E+07   0.120237349925E+01   0.100000000000E+02
        186   0.456818934233E+07   0.318462128561E+07   0.117372039891E+01   0.100000000000E+02
        172   0.456759546202E+07   0.318570294907E+07   0.117413496505E+01   0.100000000000E+02
        127   0.456052664780E+07   0.318260029763E+07   0.115704700069E+01   0.100000000000E+02
        110   0.455944672091E+07   0.318308435470E+07   0.115667615464E+01   0.100000000000E+02
        126   0.456003599649E+07   0.318148432210E+07   0.115605146435E+01   0.100000000000E+02
        339   0.458498690486E+07   0.318988769695E+07   0.120014472516E+01   0.100000000000E+02
        639   0.461725612751E+07   0.319399287337E+07   0.124054578735E+01   0.100000000000E+02
        616   0.461599046556E+07   0.319574100637E+07   0.123595143875E+01   0.100000000000E+02
        637   0.461596358746E+07   0.319384700686E+07   0.123644630205E+01   0.100000000000E+02
        470   0.459892806813E+07   0.319289780612E+07   0.121614880448E+01   0.100000000000E+02
        455   0.459791584456E+07   0.319457103554E+07   0.121353045874E+01   0.100000000000E+02
        363   0.459310777085E+07   0.317671495824E+07   0.120557202304E+01   0.100000000000E+02
        358   0.458667307101E+07   0.319125119297E+07   0.120262797709E+01   0.100000000000E+02
        375   0.458796401163E+07   0.318997832062E+07   0.120464857778E+01   0.100000000000E+02
        359   0.458708430400E+07   0.319195757983E+07   0.120392502980E+01   0.100000000000E+02
        636   0.461556379629E+07   0.318887964562E+07   0.121636183160E+01   0.100000000000E+02
        610   0.461415485261E+07   0.318694998527E+07   0.120903213172E+01   0.100000000000E+02
        635   0.461737748493E+07   0.318521359520E+07   0.121187675531E+01   0.100000000000E+02
        640   0.461870571470E+07   0.319369010501E+07   0.124197476070E+01   0.100000000000E+02
        669   0.462061151061E+07   0.319159108300E+07   0.124134526416E+01   0.100000000000E+02
        590   0.461389119409E+07   0.319724443488E+07   0.124221137746E+01   0.100000000000E+02
        612   0.461417976470E+07   0.319562531097E+07   0.123801906649E+01   0.100000000000E+02
        613   0.461495761100E+07   0.319593962455E+07   0.123800519687E+01   0.100000000000E+02
        680   0.462369353754E+07   0.319570401469E+07   0.126379517995E+01   0.100000000000E+02
        655   0.462265800915E+07   0.319645711354E+07   0.125470346581E+01   0.100000000000E+02
        681   0.462315996846E+07   0.319498900925E+07   0.125856443745E+01   0.100000000000E+02
         55   0.455598902989E+07   0.318524171150E+07   0.115532447577E+01   0.100000000000E+02
         54   0.455555788756E+07   0.318496801667E+07   0.115506112761E+01   0.100000000000E+02
         56   0.455630838939E+07   0.318456499398E+07   0.115529189218E+01   0.100000000000E+02
        815   0.464039619150E+07   0.318842070045E+07   0.130629139305E+01   0.100000000000E+02
        838   0.463893139981E+07   0.319012125678E+07   0.130259845108E+01   0.100000000000E+02
        807   0.463900719148E+07   0.318828103850E+07   0.130367730597E+01   0.100000000000E+02
        784   0.463893254934E+07   0.318527717585E+07   0.129735478144E+01   0.100000000000E+02
        805   0.463744601904E+07   0.318791132252E+07   0.130067146029E+01   0.100000000000E+02
        783   0.463746919422E+07   0.318574344512E+07   0.129247358812E+01   0.100000000000E+02
        837   0.463709571814E+07   0.319057400051E+07   0.130020668567E+01   0.100000000000E+02
        789   0.464183945855E+07   0.318455136605E+07   0.130579780653E+01   0.100000000000E+02
        790   0.464289306983E+07   0.318350601125E+07   0.130468437659E+01   0.100000000000E+02
        765   0.463902630361E+07   0.318358567503E+07   0.129404486260E+01   0.100000000000E+02
        766   0.464010953377E+07   0.318329888988E+07   0.129694203451E+01   0.100000000000E+02
        747   0.463923174273E+07   0.318184604738E+07   0.129298653833E+01   0.100000000000E+02
        725   0.463687302077E+07   0.318107914591E+07   0.128078802331E+01   0.100000000000E+02
        724   0.463582182805E+07   0.318138222874E+07   0.128000083139E+01   0.100000000000E+02
        710   0.463650323174E+07   0.318063617878E+07   0.127892884453E+01   0.100000000000E+02
        787   0.463954160678E+07   0.318626940545E+07   0.130364322309E+01   0.100000000000E+02
        785   0.463533959176E+07   0.318807783811E+07   0.129170374630E+01   0.100000000000E+02
        788   0.464089433365E+07   0.318480598683E+07   0.130485782438E+01   0.100000000000E+02
        772   0.464025488810E+07   0.318432401965E+07   0.129967501913E+01   0.100000000000E+02
        773   0.464119930647E+07   0.318358184479E+07   0.130173670456E+01   0.100000000000E+02
        685   0.463520653735E+07   0.317867194441E+07   0.129369650689E+01   0.100000000000E+02
        704   0.463433121343E+07   0.317966257163E+07   0.127483570351E+01   0.100000000000E+02
        806   0.463553208758E+07   0.319020450739E+07   0.129771690518E+01   0.100000000000E+02
        786   0.463356663810E+07   0.319101342360E+07   0.129427743725E+01   0.100000000000E+02
        718   0.462666902539E+07   0.319384068018E+07   0.127154329686E+01   0.100000000000E+02
        755   0.463099264921E+07   0.319167579565E+07   0.128194198880E+01   0.100000000000E+02
        770   0.463215846878E+07   0.319156720693E+07   0.129697322309E+01   0.100000000000E+02
        756   0.463089094257E+07   0.319344205306E+07   0.127784915873E+01   0.100000000000E+02
        734   0.463211766262E+07   0.318422566544E+07   0.127380470714E+01   0.100000000000E+02
        714   0.463164430711E+07   0.318085733318E+07   0.126257550373E+01   0.100000000000E+02
        713   0.462919815165E+07   0.318238679645E+07   0.124796730151E+01   0.100000000000E+02
        620   0.463086122514E+07   0.317331976999E+07   0.122261353461E+01   0.100000000000E+02
        670   0.462955881120E+07   0.317682285683E+07   0.123761907056E+01   0.100000000000E+02
        671   0.462787411294E+07   0.317822555628E+07   0.123016664614E+01   0.100000000000E+02
        721   0.463279806292E+07   0.318169129172E+07   0.127271883676E+01   0.100000000000E+02
        708   0.463568968528E+07   0.318055378128E+07   0.127047554738E+01   0.100000000000E+02
        709   0.463632063611E+07   0.318018258384E+07   0.127345314127E+01   0.100000000000E+02
        689   0.463635853416E+07   0.317956959244E+07   0.126675790007E+01   0.100000000000E+02
        674   0.463349489536E+07   0.317658104638E+07   0.126065431147E+01   0.100000000000E+02
        696   0.463324433675E+07   0.317829983527E+07   0.126600614359E+01   0.100000000000E+02
        695   0.463137861495E+07   0.317866078797E+07   0.125355125931E+01   0.100000000000E+02
        694   0.462858886703E+07   0.318006995852E+07   0.123618074163E+01   0.100000000000E+02
        666   0.462677298199E+07   0.317765796787E+07   0.122779657769E+01   0.100000000000E+02
        665   0.462478949793E+07   0.317925694089E+07   0.122474156503E+01   0.100000000000E+02
        633   0.462606543975E+07   0.317618669445E+07   0.122824303465E+01   0.100000000000E+02
        608   0.462750584624E+07   0.317415459704E+07   0.123141968358E+01   0.100000000000E+02
        603   0.461977362805E+07   0.317887074714E+07   0.122141190857E+01   0.100000000000E+02
        634   0.462744538085E+07   0.317570716453E+07   0.123228138617E+01   0.100000000000E+02
        618   0.462842964889E+07   0.317424360989E+07   0.123954288707E+01   0.100000000000E+02
        605   0.462426664416E+07   0.317552593176E+07   0.123114838216E+01   0.100000000000E+02
        583   0.462432571528E+07   0.317443346334E+07   0.122978878688E+01   0.100000000000E+02
        673   0.463091557611E+07   0.317695144923E+07   0.124777177102E+01   0.100000000000E+02
        581   0.462157969449E+07   0.317633214035E+07   0.121811864281E+01   0.100000000000E+02
        578   0.462396040431E+07   0.317396171136E+07   0.122839918830E+01   0.100000000000E+02
        579   0.461896399631E+07   0.317794449485E+07   0.122189579977E+01   0.100000000000E+02
        575   0.461778352610E+07   0.317815842711E+07   0.122537101129E+01   0.100000000000E+02
        557   0.461903427716E+07   0.317651988153E+07   0.123798210267E+01   0.100000000000E+02
        577   0.462303965056E+07   0.317486315856E+07   0.122691620215E+01   0.100000000000E+02
        556   0.462299029392E+07   0.317399209604E+07   0.123128475734E+01   0.100000000000E+02
        604   0.462146033635E+07   0.317768205497E+07   0.122610983924E+01   0.100000000000E+02
        582   0.462079196674E+07   0.317725598847E+07   0.124386747203E+01   0.100000000000E+02
        632   0.462430195330E+07   0.317732257959E+07   0.122656890662E+01   0.100000000000E+02
        519   0.460661758624E+07   0.318313009321E+07   0.120280266134E+01   0.100000000000E+02
        501   0.460408711621E+07   0.318428384485E+07   0.120620555801E+01   0.100000000000E+02
        495   0.460585442088E+07   0.318152403375E+07   0.120799786654E+01   0.100000000000E+02
        534   0.461463380481E+07   0.317698939343E+07   0.121043299716E+01   0.100000000000E+02
        479   0.460893068638E+07   0.317873216535E+07   0.120951296835E+01   0.100000000000E+02
        497   0.461007139083E+07   0.317831812581E+07   0.120389711706E+01   0.100000000000E+02
        499   0.460870841825E+07   0.318044220355E+07   0.120357362040E+01   0.100000000000E+02
        541   0.460600862419E+07   0.318891799183E+07   0.120906011732E+01   0.100000000000E+02
        566   0.460975480026E+07   0.318607108716E+07   0.120160196552E+01   0.100000000000E+02
        567   0.460777880276E+07   0.319025871917E+07   0.121272505361E+01   0.100000000000E+02
        473   0.460596771527E+07   0.317965690644E+07   0.121110954549E+01   0.100000000000E+02
        483   0.460420457849E+07   0.318182871249E+07   0.120868494112E+01   0.100000000000E+02
        467   0.460454504553E+07   0.317998309993E+07   0.121130686217E+01   0.100000000000E+02
        494   0.461348858233E+07   0.317596414485E+07   0.120562337685E+01   0.100000000000E+02
        512   0.461450517644E+07   0.317562889365E+07   0.120800597879E+01   0.100000000000E+02
        518   0.461340874506E+07   0.317744971639E+07   0.120620995304E+01   0.100000000000E+02
        594   0.461291230522E+07   0.319449173359E+07   0.123111633729E+01   0.100000000000E+02
        615   0.461440021538E+07   0.319375531250E+07   0.123122637540E+01   0.100000000000E+02
        593   0.461311512034E+07   0.319571209976E+07   0.123607497901E+01   0.100000000000E+02
        552   0.461750054769E+07   0.317703645516E+07   0.122415525153E+01   0.100000000000E+02
        553   0.461848795171E+07   0.317648061756E+07   0.122426551496E+01   0.100000000000E+02
        580   0.462008398187E+07   0.317716941635E+07   0.124516248534E+01   0.100000000000E+02
        559   0.462045990187E+07   0.317611735711E+07   0.121962330929E+01   0.100000000000E+02
        561   0.462087149350E+07   0.317638215508E+07   0.121814580141E+01   0.100000000000E+02
        585   0.461543283633E+07   0.318074500855E+07   0.120839764879E+01   0.100000000000E+02
        447   0.460278123343E+07   0.317961583941E+07   0.121033348808E+01   0.100000000000E+02
        431   0.460176546080E+07   0.317961240646E+07   0.121187132794E+01   0.100000000000E+02
        430   0.460297222267E+07   0.317816349523E+07   0.121166188652E+01   0.100000000000E+02
        475   0.460812428012E+07   0.317876084729E+07   0.121146395120E+01   0.100000000000E+02
        460   0.460805615561E+07   0.317795508723E+07   0.121280966728E+01   0.100000000000E+02
        461   0.460893620545E+07   0.317753813448E+07   0.121270745045E+01   0.100000000000E+02
        457   0.460590867973E+07   0.317844545219E+07   0.121211317073E+01   0.100000000000E+02
        446   0.460022394550E+07   0.318139116885E+07   0.121054115034E+01   0.100000000000E+02
        428   0.460090609449E+07   0.317922954740E+07   0.121154634348E+01   0.100000000000E+02
        434   0.460587609994E+07   0.317744219460E+07   0.121089422729E+01   0.100000000000E+02
        387   0.459890860002E+07   0.317579624604E+07   0.120889585777E+01   0.100000000000E+02
        450   0.460501463758E+07   0.317856432734E+07   0.121157219401E+01   0.100000000000E+02
        417   0.460223313970E+07   0.317813556279E+07   0.121351103028E+01   0.100000000000E+02
        385   0.459849296750E+07   0.317525725028E+07   0.120934309862E+01   0.100000000000E+02
        384   0.459727932930E+07   0.317594953719E+07   0.121019720087E+01   0.100000000000E+02
        369   0.459807188658E+07   0.317470190358E+07   0.121012263518E+01   0.100000000000E+02
       1651   0.457800604310E+07   0.318682239932E+07   0.119094634079E+01   0.100000000000E+02
        412   0.459333111962E+07   0.318244162675E+07   0.120850993830E+01   0.100000000000E+02
        397   0.459329779958E+07   0.317967677830E+07   0.120724390412E+01   0.100000000000E+02
        401   0.459477395773E+07   0.317946573584E+07   0.120802946224E+01   0.100000000000E+02
        383   0.459626960500E+07   0.317639506687E+07   0.120812185797E+01   0.100000000000E+02
        368   0.459705538821E+07   0.317478676612E+07   0.120942971788E+01   0.100000000000E+02
        422   0.459406329520E+07   0.318887071672E+07   0.120843743800E+01   0.100000000000E+02
        409   0.459334677891E+07   0.319072836682E+07   0.120920134140E+01   0.100000000000E+02
        408   0.459244585234E+07   0.319043639396E+07   0.120948862808E+01   0.100000000000E+02
        562   0.462482159087E+07   0.317335900835E+07   0.123324814807E+01   0.100000000000E+02
        250   0.458469021750E+07   0.317126871610E+07   0.119919269937E+01   0.100000000000E+02
        251   0.458516003284E+07   0.317172992608E+07   0.120560626290E+01   0.100000000000E+02
        268   0.458411351462E+07   0.317277055541E+07   0.119594841620E+01   0.100000000000E+02
        252   0.458574332586E+07   0.317189741578E+07   0.120690361740E+01   0.100000000000E+02
        233   0.458630146254E+07   0.317168410173E+07   0.120597197249E+01   0.100000000000E+02
        211   0.457997420877E+07   0.317040383476E+07   0.118874843520E+01   0.100000000000E+02
        214   0.457941305657E+07   0.317116702059E+07   0.117861762605E+01   0.100000000000E+02
        196   0.457968745792E+07   0.317034324279E+07   0.119099358760E+01   0.100000000000E+02
        149   0.456353794791E+07   0.318467558919E+07   0.116308619167E+01   0.100000000000E+02
        161   0.456427145553E+07   0.318324549271E+07   0.116185492974E+01   0.100000000000E+02
        162   0.456446193819E+07   0.318443779377E+07   0.116460010874E+01   0.100000000000E+02
        253   0.458341873691E+07   0.317248866180E+07   0.119078108822E+01   0.100000000000E+02
        232   0.458401130477E+07   0.317125659187E+07   0.119232997777E+01   0.100000000000E+02
        255   0.458649790069E+07   0.317212842889E+07   0.120593219304E+01   0.100000000000E+02
        297   0.458329841680E+07   0.317626057396E+07   0.119607427232E+01   0.100000000000E+02
        286   0.458230412065E+07   0.317574524840E+07   0.118952500697E+01   0.100000000000E+02
        285   0.458388385852E+07   0.317421235459E+07   0.119418088349E+01   0.100000000000E+02
        309   0.458531212247E+07   0.317706114696E+07   0.120145922840E+01   0.100000000000E+02
        310   0.458681946708E+07   0.317592644077E+07   0.120171661763E+01   0.100000000000E+02
        273   0.458652999650E+07   0.317273538227E+07   0.120810667217E+01   0.100000000000E+02
        272   0.458576510832E+07   0.317323603898E+07   0.120370730273E+01   0.100000000000E+02
        361   0.459070339321E+07   0.317741783670E+07   0.120347533459E+01   0.100000000000E+02
        365   0.458724095216E+07   0.318378622704E+07   0.120210134123E+01   0.100000000000E+02
        351   0.458551139834E+07   0.318339835300E+07   0.119854669920E+01   0.100000000000E+02
       1653   0.458788044277E+07   0.318136110548E+07   0.120100573613E+01   0.100000000000E+02
        328   0.458801114782E+07   0.317606598465E+07   0.120324639525E+01   0.100000000000E+02
        329   0.458942130317E+07   0.317516318248E+07   0.120585868530E+01   0.100000000000E+02
        346   0.458820485200E+07   0.317748940930E+07   0.120215671717E+01   0.100000000000E+02
        364   0.459457296455E+07   0.317528945343E+07   0.120639744574E+01   0.100000000000E+02
        380   0.459385814963E+07   0.317729547872E+07   0.120657560266E+01   0.100000000000E+02
        370   0.459502277837E+07   0.317581812224E+07   0.120708355340E+01   0.100000000000E+02
        587   0.461070529221E+07   0.318904237966E+07   0.121179428294E+01   0.100000000000E+02
        586   0.461305631150E+07   0.318464861618E+07   0.120422399365E+01   0.100000000000E+02
        570   0.461077363945E+07   0.319609182401E+07   0.123024887010E+01   0.100000000000E+02
        591   0.461169094177E+07   0.319466846900E+07   0.122925387639E+01   0.100000000000E+02
        574   0.461192601706E+07   0.319598269403E+07   0.123112989875E+01   0.100000000000E+02
        617   0.461722915352E+07   0.319549910146E+07   0.123412540324E+01   0.100000000000E+02
        569   0.460809911376E+07   0.319500305850E+07   0.122776694211E+01   0.100000000000E+02
        568   0.460826390839E+07   0.319264622861E+07   0.121965951982E+01   0.100000000000E+02
        588   0.460992163273E+07   0.319273098961E+07   0.121997832726E+01   0.100000000000E+02
        663   0.462032495630E+07   0.318305255600E+07   0.121686370685E+01   0.100000000000E+02
        522   0.460456024766E+07   0.318682325196E+07   0.120491114379E+01   0.100000000000E+02
        523   0.460357132081E+07   0.318998847055E+07   0.121212177698E+01   0.100000000000E+02
        418   0.460828418766E+07   0.317669380110E+07   0.121369578039E+01   0.100000000000E+02
        438   0.460830268309E+07   0.317722172691E+07   0.121412956526E+01   0.100000000000E+02
        537   0.461198013318E+07   0.317973246246E+07   0.119795823647E+01   0.100000000000E+02
        538   0.461357997349E+07   0.317884179933E+07   0.120249996932E+01   0.100000000000E+02
        565   0.461267993538E+07   0.318172823852E+07   0.119799709823E+01   0.100000000000E+02
        471   0.459922560827E+07   0.319397533131E+07   0.121465797716E+01   0.100000000000E+02
        716   0.462567650696E+07   0.319383421241E+07   0.126733775194E+01   0.100000000000E+02
        701   0.462450196379E+07   0.319406854692E+07   0.126315161580E+01   0.100000000000E+02
        654   0.462171476050E+07   0.319650621486E+07   0.125788518577E+01   0.100000000000E+02
        539   0.460752941277E+07   0.318518655567E+07   0.120088481188E+01   0.100000000000E+02
        682   0.462549340204E+07   0.319558263565E+07   0.126956572218E+01   0.100000000000E+02
        703   0.462599992299E+07   0.319545277199E+07   0.127084383709E+01   0.100000000000E+02
        683   0.462527510349E+07   0.319629557748E+07   0.126994307586E+01   0.100000000000E+02
        698   0.462509319177E+07   0.319522018399E+07   0.126904076131E+01   0.100000000000E+02
        678   0.462414967810E+07   0.319603974767E+07   0.127017685847E+01   0.100000000000E+02
        699   0.462461061926E+07   0.319499009902E+07   0.126709945977E+01   0.100000000000E+02
        429   0.459948256341E+07   0.318060107641E+07   0.121166475957E+01   0.100000000000E+02
        427   0.459803447808E+07   0.318107952748E+07   0.121061295005E+01   0.100000000000E+02
        416   0.459977983780E+07   0.317872611789E+07   0.121037282583E+01   0.100000000000E+02
        484   0.459983954294E+07   0.319057458704E+07   0.121305201129E+01   0.100000000000E+02
        540   0.461031660844E+07   0.318242683173E+07   0.119792692215E+01   0.100000000000E+02
        506   0.460191775449E+07   0.319667402172E+07   0.122291198647E+01   0.100000000000E+02
        505   0.460173000469E+07   0.319532183818E+07   0.122308631541E+01   0.100000000000E+02
        525   0.460332360558E+07   0.319474886892E+07   0.122241291231E+01   0.100000000000E+02
        393   0.459020574761E+07   0.319189029613E+07   0.120579662134E+01   0.100000000000E+02
        377   0.458928883049E+07   0.319188832575E+07   0.120536929827E+01   0.100000000000E+02
        464   0.459738201511E+07   0.319051713598E+07   0.121343237688E+01   0.100000000000E+02
        481   0.459917778446E+07   0.318904867046E+07   0.120963714890E+01   0.100000000000E+02
        441   0.459566352976E+07   0.318796618604E+07   0.120868420956E+01   0.100000000000E+02
        442   0.459627415365E+07   0.318900858232E+07   0.120926765503E+01   0.100000000000E+02
        423   0.459455604004E+07   0.319031718449E+07   0.120884496064E+01   0.100000000000E+02
        391   0.458958434490E+07   0.318876790735E+07   0.120606669034E+01   0.100000000000E+02
        389   0.458887200363E+07   0.318765928470E+07   0.120519295269E+01   0.100000000000E+02
        405   0.459125629389E+07   0.318606541595E+07   0.120558479501E+01   0.100000000000E+02
        452   0.459698398743E+07   0.319248566904E+07   0.121354842419E+01   0.100000000000E+02
        463   0.459782674765E+07   0.318845575089E+07   0.120853215496E+01   0.100000000000E+02
        443   0.459638257912E+07   0.319047013598E+07   0.121195507394E+01   0.100000000000E+02
        390   0.458949583736E+07   0.319033899803E+07   0.120679520332E+01   0.100000000000E+02
        421   0.459306601548E+07   0.318809179505E+07   0.120757815989E+01   0.100000000000E+02
        394   0.459089086059E+07   0.319209880446E+07   0.120713861883E+01   0.100000000000E+02
        411   0.459420933649E+07   0.319219630837E+07   0.120878442022E+01   0.100000000000E+02
        410   0.459315956912E+07   0.319219500546E+07   0.120576767141E+01   0.100000000000E+02
        376   0.458836240947E+07   0.319082691677E+07   0.120584751370E+01   0.100000000000E+02
        374   0.458831811645E+07   0.319209519515E+07   0.120471172084E+01   0.100000000000E+02
        344   0.458611369250E+07   0.319141710966E+07   0.120241757641E+01   0.100000000000E+02
        343   0.458545959870E+07   0.319153241944E+07   0.120146270919E+01   0.100000000000E+02
        132   0.456311005989E+07   0.318628088313E+07   0.116421092378E+01   0.100000000000E+02
        113   0.456238135725E+07   0.318705836685E+07   0.116310562601E+01   0.100000000000E+02
        114   0.456254814519E+07   0.318629568567E+07   0.116118702811E+01   0.100000000000E+02
        341   0.458534741096E+07   0.319023410437E+07   0.119906251192E+01   0.100000000000E+02
        322   0.458428911222E+07   0.319049836547E+07   0.120054665779E+01   0.100000000000E+02
        319   0.458326475731E+07   0.318778196299E+07   0.119661950476E+01   0.100000000000E+02
        307   0.458209673576E+07   0.318891901205E+07   0.119318395035E+01   0.100000000000E+02
        318   0.458245591856E+07   0.318730498409E+07   0.119517143678E+01   0.100000000000E+02
        281   0.457672015543E+07   0.318798164869E+07   0.119450216769E+01   0.100000000000E+02
        280   0.457648045496E+07   0.318714399008E+07   0.118792328837E+01   0.100000000000E+02
        345   0.458644159877E+07   0.318027728053E+07   0.119936981574E+01   0.100000000000E+02
        327   0.458651219559E+07   0.317786126191E+07   0.120082227805E+01   0.100000000000E+02
        372   0.458724052000E+07   0.318835216728E+07   0.120206007175E+01   0.100000000000E+02
        373   0.458718944471E+07   0.318963490083E+07   0.120287141846E+01   0.100000000000E+02
        353   0.458546853128E+07   0.318708656297E+07   0.120032379710E+01   0.100000000000E+02
        366   0.458690227668E+07   0.318595912669E+07   0.120208670724E+01   0.100000000000E+02
        321   0.458415562086E+07   0.318912066437E+07   0.119820151351E+01   0.100000000000E+02
        326   0.458444728800E+07   0.317983540211E+07   0.119821153063E+01   0.100000000000E+02
        257   0.457937869278E+07   0.317389556744E+07   0.117733634416E+01   0.100000000000E+02
       1656   0.457932979566E+07   0.317223330021E+07   0.117927952670E+01   0.100000000000E+02
        259   0.457634457384E+07   0.317684941385E+07   0.116605890491E+01   0.100000000000E+02
        237   0.457471474396E+07   0.317650010785E+07   0.116311016466E+01   0.100000000000E+02
        238   0.457655312909E+07   0.317477925769E+07   0.116444014111E+01   0.100000000000E+02
        360   0.458891596668E+07   0.317890217010E+07   0.120170607031E+01   0.100000000000E+02
        378   0.459028529383E+07   0.317984554366E+07   0.120428416765E+01   0.100000000000E+02
        362   0.459172308076E+07   0.317778004576E+07   0.120532983257E+01   0.100000000000E+02
        274   0.457851585897E+07   0.317641553729E+07   0.117370265854E+01   0.100000000000E+02
        256   0.457795653309E+07   0.317460007218E+07   0.117082336785E+01   0.100000000000E+02
        275   0.457623616538E+07   0.317916909977E+07   0.117208189226E+01   0.100000000000E+02
        277   0.457589785160E+07   0.318160774113E+07   0.117758100584E+01   0.100000000000E+02
        261   0.457393622639E+07   0.318177164379E+07   0.117486936132E+01   0.100000000000E+02
        175   0.457383929223E+07   0.317128380270E+07   0.117217510014E+01   0.100000000000E+02
        189   0.457429742857E+07   0.317215323980E+07   0.115954741410E+01   0.100000000000E+02
        188   0.457307566919E+07   0.317255588177E+07   0.116249743691E+01   0.100000000000E+02
        116   0.456660360840E+07   0.317147587650E+07   0.116280414710E+01   0.100000000000E+02
        154   0.456983812354E+07   0.317165557264E+07   0.116424844794E+01   0.100000000000E+02
        163   0.457073047001E+07   0.317175708778E+07   0.116418217516E+01   0.100000000000E+02
        165   0.456919453832E+07   0.317339656977E+07   0.116298376721E+01   0.100000000000E+02
        103   0.456369595335E+07   0.317345699735E+07   0.115998708317E+01   0.100000000000E+02
        139   0.457016610400E+07   0.317058639643E+07   0.116441769691E+01   0.100000000000E+02
        138   0.456928074432E+07   0.317112772403E+07   0.116310272988E+01   0.100000000000E+02
        119   0.457008282791E+07   0.316988928774E+07   0.116388493369E+01   0.100000000000E+02
         50   0.455939624025E+07   0.317369949652E+07   0.115847446788E+01   0.100000000000E+02
        137   0.456821929358E+07   0.317164008438E+07   0.116054954735E+01   0.100000000000E+02
        117   0.456824211510E+07   0.317045020528E+07   0.116023189450E+01   0.100000000000E+02
         82   0.456251946722E+07   0.317303729136E+07   0.116063626207E+01   0.100000000000E+02
         68   0.456178168644E+07   0.317332944505E+07   0.116102212133E+01   0.100000000000E+02
         65   0.456226365623E+07   0.317263925355E+07   0.116324895747E+01   0.100000000000E+02
        153   0.456840128754E+07   0.317275881036E+07   0.116125315990E+01   0.100000000000E+02
        181   0.457048296540E+07   0.317340705828E+07   0.116456712899E+01   0.100000000000E+02
         80   0.455838621953E+07   0.317726714607E+07   0.115479504288E+01   0.100000000000E+02
        100   0.456007583666E+07   0.317634601850E+07   0.115472556173E+01   0.100000000000E+02
         99   0.455887467874E+07   0.317877984933E+07   0.115430463347E+01   0.100000000000E+02
         31   0.455379970789E+07   0.317666917424E+07   0.115352143365E+01   0.100000000000E+02
        115   0.456563187167E+07   0.317226440250E+07   0.116239090584E+01   0.100000000000E+02
        125   0.456512880936E+07   0.317334775652E+07   0.116094591723E+01   0.100000000000E+02
        104   0.456463163440E+07   0.317296222950E+07   0.116015789387E+01   0.100000000000E+02
         83   0.456316363032E+07   0.317249594434E+07   0.115945243163E+01   0.100000000000E+02
         66   0.456288971719E+07   0.317215458550E+07   0.116039278626E+01   0.100000000000E+02
        101   0.456278579446E+07   0.317366876980E+07   0.116026386413E+01   0.100000000000E+02
         85   0.456199078833E+07   0.317391718400E+07   0.116133304080E+01   0.100000000000E+02
         86   0.456352334303E+07   0.317261381051E+07   0.115836267345E+01   0.100000000000E+02
         87   0.456443990520E+07   0.317215414539E+07   0.115876633079E+01   0.100000000000E+02
        200   0.457214984825E+07   0.317432023888E+07   0.116127191334E+01   0.100000000000E+02
        203   0.456917414071E+07   0.318421752150E+07   0.117626484807E+01   0.100000000000E+02
        199   0.457032645598E+07   0.317580973267E+07   0.116044788594E+01   0.100000000000E+02
        205   0.457471876772E+07   0.317372036170E+07   0.116509833725E+01   0.100000000000E+02
        206   0.457581962559E+07   0.317246190600E+07   0.116679369220E+01   0.100000000000E+02
        220   0.457565119752E+07   0.317403905870E+07   0.116493000718E+01   0.100000000000E+02
        290   0.457857054976E+07   0.317921059993E+07   0.117986280576E+01   0.100000000000E+02
        262   0.457377715546E+07   0.318374474932E+07   0.118010104781E+01   0.100000000000E+02
        301   0.457992427267E+07   0.318104537624E+07   0.118719570242E+01   0.100000000000E+02
        308   0.458287978913E+07   0.317876828519E+07   0.119600396640E+01   0.100000000000E+02
        108   0.455867170690E+07   0.318310750807E+07   0.115601699264E+01   0.100000000000E+02
         94   0.455869486700E+07   0.318412065128E+07   0.115670884091E+01   0.100000000000E+02
        148   0.456286675043E+07   0.318431566049E+07   0.116193093677E+01   0.100000000000E+02
        160   0.456350529906E+07   0.318265497874E+07   0.116018168269E+01   0.100000000000E+02
        107   0.455857295124E+07   0.318206771703E+07   0.115556870395E+01   0.100000000000E+02
       1649   0.456035566393E+07   0.318397683052E+07   0.115826305811E+01   0.100000000000E+02
        109   0.455948261625E+07   0.318397438144E+07   0.115703236785E+01   0.100000000000E+02
        105   0.455939851499E+07   0.318480265444E+07   0.115782958303E+01   0.100000000000E+02
         69   0.455641759659E+07   0.318379794959E+07   0.115545898805E+01   0.100000000000E+02
         43   0.455409304137E+07   0.318120967494E+07   0.115295014399E+01   0.100000000000E+02
         41   0.455655341485E+07   0.317404503328E+07   0.115399029846E+01   0.100000000000E+02
         48   0.455690894593E+07   0.317568808089E+07   0.115550339715E+01   0.100000000000E+02
         61   0.456059253219E+07   0.317356079471E+07   0.115855876136E+01   0.100000000000E+02
         79   0.456033589363E+07   0.317469519733E+07   0.115727860130E+01   0.100000000000E+02
         38   0.455366293011E+07   0.318453468210E+07   0.115341507182E+01   0.100000000000E+02
         92   0.455802842387E+07   0.318415323260E+07   0.115629696741E+01   0.100000000000E+02
        121   0.455975855168E+07   0.317991677272E+07   0.115505534538E+01   0.100000000000E+02
         12   0.454809804963E+07   0.317906081482E+07   0.115086768625E+01   0.100000000000E+02
         17   0.454932866727E+07   0.317861230951E+07   0.115196689834E+01   0.100000000000E+02
         11   0.454825348371E+07   0.317970689157E+07   0.115101762435E+01   0.100000000000E+02
         29   0.455277406312E+07   0.318404725195E+07   0.115321306998E+01   0.100000000000E+02
         28   0.455217110895E+07   0.318400735435E+07   0.115289170302E+01   0.100000000000E+02
         16   0.454864601771E+07   0.318015641583E+07   0.115151079783E+01   0.100000000000E+02
         15   0.454813929883E+07   0.318138095727E+07   0.115126589414E+01   0.100000000000E+02
         13   0.454742087633E+07   0.318251721213E+07   0.115180788298E+01   0.100000000000E+02
         14   0.454721970261E+07   0.318345828760E+07   0.115205803993E+01   0.100000000000E+02
          4   0.454639112671E+07   0.318180024918E+07   0.115098329702E+01   0.100000000000E+02
          9   0.454702928255E+07   0.318200676971E+07   0.115088498633E+01   0.100000000000E+02
          2   0.454611158386E+07   0.318291289011E+07   0.115125646026E+01   0.100000000000E+02
         22   0.454920963995E+07   0.318341368351E+07   0.115159225685E+01   0.100000000000E+02
         30   0.455315051020E+07   0.318469386894E+07   0.115363854744E+01   0.100000000000E+02
         78   0.455701566503E+07   0.318087370733E+07   0.115426455875E+01   0.100000000000E+02
         76   0.455675938286E+07   0.318245203297E+07   0.115483930771E+01   0.100000000000E+02
         91   0.455757977151E+07   0.318379510642E+07   0.115594106321E+01   0.100000000000E+02
         73   0.455786005514E+07   0.318498862212E+07   0.115577346740E+01   0.100000000000E+02
         72   0.455717323362E+07   0.318496359606E+07   0.115526429495E+01   0.100000000000E+02
         90   0.455738048151E+07   0.318285548458E+07   0.115540285622E+01   0.100000000000E+02
        106   0.455982758144E+07   0.318499471097E+07   0.115789673737E+01   0.100000000000E+02
         93   0.455856038431E+07   0.318508714091E+07   0.115654818939E+01   0.100000000000E+02
        140   0.456368233104E+07   0.318641949385E+07   0.116381971475E+01   0.100000000000E+02
        150   0.456371157094E+07   0.318551456858E+07   0.116379467532E+01   0.100000000000E+02
        131   0.456252776721E+07   0.318549915076E+07   0.116162180125E+01   0.100000000000E+02
        145   0.456187689893E+07   0.318072027851E+07   0.115652291153E+01   0.100000000000E+02
        159   0.456357637427E+07   0.318071283401E+07   0.115825275442E+01   0.100000000000E+02
        146   0.456203845543E+07   0.318412652502E+07   0.116095459980E+01   0.100000000000E+02
        129   0.456122996436E+07   0.318387149194E+07   0.115951616214E+01   0.100000000000E+02
        144   0.456162495356E+07   0.318242013935E+07   0.115812671940E+01   0.100000000000E+02
        167   0.456532540192E+07   0.318449348206E+07   0.116682333893E+01   0.100000000000E+02
        133   0.456310199825E+07   0.318561817064E+07   0.116311496421E+01   0.100000000000E+02
        210   0.456987198466E+07   0.318603642972E+07   0.118212646852E+01   0.100000000000E+02
        192   0.456939574239E+07   0.318565964739E+07   0.117428395665E+01   0.100000000000E+02
        209   0.457015367351E+07   0.318503598611E+07   0.117563835066E+01   0.100000000000E+02
        208   0.456985886239E+07   0.318442945838E+07   0.117597226317E+01   0.100000000000E+02
        239   0.457266942476E+07   0.318711036623E+07   0.116755243372E+01   0.100000000000E+02
        240   0.457187846755E+07   0.318701459472E+07   0.118435113183E+01   0.100000000000E+02
        242   0.457201843114E+07   0.318432122474E+07   0.118029030975E+01   0.100000000000E+02
        222   0.457075691229E+07   0.318523353223E+07   0.117894735441E+01   0.100000000000E+02
       1650   0.457098900559E+07   0.318383609743E+07   0.117666985856E+01   0.100000000000E+02
        279   0.457651968255E+07   0.318564634335E+07   0.118717215504E+01   0.100000000000E+02
        264   0.457533346585E+07   0.318609804380E+07   0.118583896880E+01   0.100000000000E+02
        325   0.458447408593E+07   0.319101237836E+07   0.120008248797E+01   0.100000000000E+02
        226   0.457358377750E+07   0.318762860992E+07   0.118441228674E+01   0.100000000000E+02
        225   0.457330264339E+07   0.318731101870E+07   0.118132125459E+01   0.100000000000E+02
        173   0.456788638770E+07   0.318601311329E+07   0.117545235894E+01   0.100000000000E+02
        171   0.456709945599E+07   0.318524692080E+07   0.116546946758E+01   0.100000000000E+02
       1647   0.456692144467E+07   0.318438977580E+07   0.116950406254E+01   0.100000000000E+02
        185   0.456797098388E+07   0.318383522332E+07   0.117097526395E+01   0.100000000000E+02
        168   0.456503216762E+07   0.318567693689E+07   0.116781858337E+01   0.100000000000E+02
       1648   0.456596545762E+07   0.318515624486E+07   0.116835093031E+01   0.100000000000E+02
        169   0.456539050436E+07   0.318642543812E+07   0.116907963436E+01   0.100000000000E+02
        217   0.457028583235E+07   0.318093230206E+07   0.116851692664E+01   0.100000000000E+02
        202   0.456918425062E+07   0.318300438837E+07   0.117261253761E+01   0.100000000000E+02
        156   0.456424692823E+07   0.318570132754E+07   0.116535655412E+01   0.100000000000E+02
        170   0.456640139553E+07   0.318606590111E+07   0.116633255174E+01   0.100000000000E+02
        492   0.460328381749E+07   0.319834081152E+07   0.120335172096E+01   0.100000000000E+02
        507   0.460303166156E+07   0.319680979498E+07   0.122090361130E+01   0.100000000000E+02
        546   0.460736858521E+07   0.319714760506E+07   0.122882835252E+01   0.100000000000E+02
        571   0.460890864259E+07   0.319574609690E+07   0.123146278557E+01   0.100000000000E+02
        547   0.460799488629E+07   0.319721296955E+07   0.122930268218E+01   0.100000000000E+02
        491   0.460169680462E+07   0.319850553991E+07   0.122874445113E+01   0.100000000000E+02
        489   0.460039265842E+07   0.319727657551E+07   0.122467646360E+01   0.100000000000E+02
        490   0.460095336081E+07   0.319807436046E+07   0.123015706938E+01   0.100000000000E+02
        545   0.460692140955E+07   0.319632491482E+07   0.122489224636E+01   0.100000000000E+02
        544   0.460673071231E+07   0.319522845790E+07   0.122637925211E+01   0.100000000000E+02
        551   0.461154983769E+07   0.319709096087E+07   0.123346811793E+01   0.100000000000E+02
        550   0.461066983274E+07   0.319709396141E+07   0.122825076071E+01   0.100000000000E+02
        884   0.463775793251E+07   0.319201843574E+07   0.128703275050E+01   0.100000000000E+02
        782   0.463310545470E+07   0.319334819752E+07   0.129626579215E+01   0.100000000000E+02
        780   0.463269321949E+07   0.319284747630E+07   0.129690611754E+01   0.100000000000E+02
        803   0.463404787946E+07   0.319205991694E+07   0.129759011738E+01   0.100000000000E+02
        836   0.463514551424E+07   0.319234812983E+07   0.129482492158E+01   0.100000000000E+02
        845   0.464313855679E+07   0.318540984228E+07   0.130953941922E+01   0.100000000000E+02
        816   0.464012021305E+07   0.319015034421E+07   0.130576270141E+01   0.100000000000E+02
        839   0.463935604355E+07   0.319142393246E+07   0.130372118908E+01   0.100000000000E+02
        849   0.464133084725E+07   0.318868405319E+07   0.130741377004E+01   0.100000000000E+02
        774   0.464195907013E+07   0.318330341318E+07   0.130277021158E+01   0.100000000000E+02
        812   0.464326036801E+07   0.318423598849E+07   0.130682476733E+01   0.100000000000E+02
        757   0.464110803470E+07   0.318286986146E+07   0.129834827656E+01   0.100000000000E+02
        749   0.464115874811E+07   0.318189970678E+07   0.130060055648E+01   0.100000000000E+02
        758   0.464200849836E+07   0.318250682233E+07   0.130152760314E+01   0.100000000000E+02
        745   0.464187525314E+07   0.318193934810E+07   0.130086972373E+01   0.100000000000E+02
        748   0.464008041876E+07   0.318191632605E+07   0.129569720602E+01   0.100000000000E+02
        738   0.463869354491E+07   0.318140388673E+07   0.129150912354E+01   0.100000000000E+02
        737   0.463816287638E+07   0.318103704715E+07   0.128481388119E+01   0.100000000000E+02
        726   0.463739189666E+07   0.318118597193E+07   0.128138752988E+01   0.100000000000E+02
        744   0.463013433122E+07   0.319338129921E+07   0.126948291231E+01   0.100000000000E+02
        883   0.463588048698E+07   0.319325898845E+07   0.128328157642E+01   0.100000000000E+02
        804   0.463376608423E+07   0.319355202147E+07   0.129164095962E+01   0.100000000000E+02
        743   0.462944136964E+07   0.319243547817E+07   0.127400762986E+01   0.100000000000E+02
        733   0.462896195969E+07   0.319442517310E+07   0.127635710780E+01   0.100000000000E+02
        771   0.463206853704E+07   0.319273571105E+07   0.130438648558E+01   0.100000000000E+02
        707   0.463514982156E+07   0.318047702289E+07   0.126934795624E+01   0.100000000000E+02
        705   0.463338470755E+07   0.317962363392E+07   0.127137255015E+01   0.100000000000E+02
        702   0.462589513215E+07   0.319477451285E+07   0.127043316803E+01   0.100000000000E+02
        692   0.462174750008E+07   0.318771287065E+07   0.123126661013E+01   0.100000000000E+02
        648   0.463482967622E+07   0.317537596645E+07   0.127188579902E+01   0.100000000000E+02
        646   0.463223756411E+07   0.317493054040E+07   0.125111841874E+01   0.100000000000E+02
        647   0.463449583293E+07   0.317461545342E+07   0.126123091478E+01   0.100000000000E+02
        658   0.463577593094E+07   0.317773147754E+07   0.130728683243E+01   0.100000000000E+02
        661   0.463583027547E+07   0.317858004531E+07   0.130410591434E+01   0.100000000000E+02
        628   0.463645697175E+07   0.317838361538E+07   0.131239069687E+01   0.100000000000E+02
        627   0.463639855971E+07   0.317786451649E+07   0.130615793035E+01   0.100000000000E+02
        626   0.463642736491E+07   0.317714637851E+07   0.130812039733E+01   0.100000000000E+02
        555   0.462213640174E+07   0.317419845927E+07   0.122934327629E+01   0.100000000000E+02
        532   0.462153403084E+07   0.317441358959E+07   0.122341333557E+01   0.100000000000E+02
        510   0.462098851350E+07   0.317472181327E+07   0.122170910328E+01   0.100000000000E+02
        118   0.456921721568E+07   0.317014693861E+07   0.116268322318E+01   0.100000000000E+02
        536   0.461674076819E+07   0.317660927345E+07   0.121513200028E+01   0.100000000000E+02
        530   0.461809522121E+07   0.317577489073E+07   0.123474660784E+01   0.100000000000E+02
        558   0.461969403081E+07   0.317655415297E+07   0.125082782689E+01   0.100000000000E+02
        515   0.461700686658E+07   0.317504575450E+07   0.119768272404E+01   0.100000000000E+02
        516   0.461772895117E+07   0.317518922333E+07   0.122840123161E+01   0.100000000000E+02
        520   0.461050875926E+07   0.317974078246E+07   0.120031495528E+01   0.100000000000E+02
        498   0.461134443241E+07   0.317739194767E+07   0.120634475277E+01   0.100000000000E+02
        517   0.461221817457E+07   0.317770959004E+07   0.120550081838E+01   0.100000000000E+02
        563   0.461501563039E+07   0.317856979083E+07   0.120652708380E+01   0.100000000000E+02
        564   0.461641420256E+07   0.317832405454E+07   0.122003057478E+01   0.100000000000E+02
        477   0.461082992313E+07   0.317652375871E+07   0.120015239521E+01   0.100000000000E+02
        478   0.461194861129E+07   0.317590289273E+07   0.120564888848E+01   0.100000000000E+02
        493   0.461269188801E+07   0.317593504699E+07   0.121070303156E+01   0.100000000000E+02
        476   0.460988961192E+07   0.317722910006E+07   0.120654574888E+01   0.100000000000E+02
        439   0.460872379886E+07   0.317720637025E+07   0.121469157433E+01   0.100000000000E+02
        419   0.460878362222E+07   0.317655664835E+07   0.121605752176E+01   0.100000000000E+02
        474   0.460711856959E+07   0.317944998682E+07   0.121133046238E+01   0.100000000000E+02
        459   0.460719892773E+07   0.317847564685E+07   0.121169024214E+01   0.100000000000E+02
        433   0.460472148842E+07   0.317782839217E+07   0.121249254065E+01   0.100000000000E+02
        449   0.460388243727E+07   0.317930121886E+07   0.121156792209E+01   0.100000000000E+02
        482   0.460201756559E+07   0.318412346730E+07   0.120714659205E+01   0.100000000000E+02
        496   0.460752495531E+07   0.318038213276E+07   0.120703943964E+01   0.100000000000E+02
        521   0.460869855083E+07   0.318222235267E+07   0.120177237691E+01   0.100000000000E+02
        611   0.461248779629E+07   0.319052188169E+07   0.121677243879E+01   0.100000000000E+02
        432   0.460378986365E+07   0.317800511824E+07   0.121264163010E+01   0.100000000000E+02
        466   0.460264979671E+07   0.318152208951E+07   0.121043140675E+01   0.100000000000E+02
        448   0.460155451502E+07   0.318114664116E+07   0.121180950573E+01   0.100000000000E+02
        415   0.460183294860E+07   0.317725496911E+07   0.121159805872E+01   0.100000000000E+02
        465   0.460014243413E+07   0.318350111132E+07   0.120953212428E+01   0.100000000000E+02
        403   0.459903044061E+07   0.317793173185E+07   0.121072127486E+01   0.100000000000E+02
        388   0.459950856639E+07   0.317623549484E+07   0.120989199631E+01   0.100000000000E+02
        426   0.459578937272E+07   0.318269842073E+07   0.121042383001E+01   0.100000000000E+02
        420   0.459345223217E+07   0.318540715874E+07   0.120759375512E+01   0.100000000000E+02
        445   0.459797799734E+07   0.318327280486E+07   0.121084164475E+01   0.100000000000E+02
        404   0.460031739153E+07   0.317671069324E+07   0.121075707228E+01   0.100000000000E+02
        371   0.459593428196E+07   0.317570102964E+07   0.120730818490E+01   0.100000000000E+02
        386   0.459496939008E+07   0.317745016179E+07   0.120792289298E+01   0.100000000000E+02
        314   0.459152305854E+07   0.317262898597E+07   0.120668203485E+01   0.100000000000E+02
        313   0.459027028311E+07   0.317307082207E+07   0.120414697138E+01   0.100000000000E+02
        379   0.459223965013E+07   0.317891229697E+07   0.120519240056E+01   0.100000000000E+02
        270   0.458269915621E+07   0.317409415140E+07   0.118894289511E+01   0.100000000000E+02
        249   0.458275281018E+07   0.317199542525E+07   0.118796963433E+01   0.100000000000E+02
        231   0.458319182436E+07   0.317088314326E+07   0.119256916828E+01   0.100000000000E+02
        287   0.458475588087E+07   0.317457283744E+07   0.120215664159E+01   0.100000000000E+02
        230   0.458252611090E+07   0.317088158099E+07   0.118635435092E+01   0.100000000000E+02
        284   0.458068674153E+07   0.317598272678E+07   0.118275657257E+01   0.100000000000E+02
        228   0.458053325090E+07   0.317070244048E+07   0.118715373751E+01   0.100000000000E+02
        229   0.458161143201E+07   0.317082463528E+07   0.118648911132E+01   0.100000000000E+02
        213   0.457873110976E+07   0.317175160139E+07   0.118598955327E+01   0.100000000000E+02
        194   0.457860564896E+07   0.317126038514E+07   0.118793647290E+01   0.100000000000E+02
        195   0.457909187059E+07   0.317073134170E+07   0.117577140464E+01   0.100000000000E+02
        221   0.457701738179E+07   0.317311033275E+07   0.116506313174E+01   0.100000000000E+02
        234   0.457797204061E+07   0.317311527333E+07   0.116945095918E+01   0.100000000000E+02
        212   0.457801334517E+07   0.317186605864E+07   0.118716649233E+01   0.100000000000E+02
        296   0.458113954853E+07   0.317805210247E+07   0.118860050865E+01   0.100000000000E+02
        298   0.458475258526E+07   0.317595146902E+07   0.120316543222E+01   0.100000000000E+02
        267   0.458192218383E+07   0.317352588809E+07   0.118501050144E+01   0.100000000000E+02
        311   0.458795046617E+07   0.317499303904E+07   0.120381032648E+01   0.100000000000E+02
        312   0.458908566875E+07   0.317422421882E+07   0.120547776896E+01   0.100000000000E+02
        300   0.458726109248E+07   0.317454457188E+07   0.120335799193E+01   0.100000000000E+02
       1654   0.458912238665E+07   0.318214160581E+07   0.120386487524E+01   0.100000000000E+02
        462   0.459768295667E+07   0.318616534729E+07   0.120801008144E+01   0.100000000000E+02
        480   0.459979754638E+07   0.318639807201E+07   0.120696795398E+01   0.100000000000E+02
        398   0.459042631731E+07   0.318464839434E+07   0.120641870600E+01   0.100000000000E+02
        396   0.459122445077E+07   0.318168038413E+07   0.120675196763E+01   0.100000000000E+02
        352   0.458560375419E+07   0.318555129291E+07   0.120122948717E+01   0.100000000000E+02
        440   0.459552524732E+07   0.318585051523E+07   0.120816779740E+01   0.100000000000E+02
        334   0.458324603825E+07   0.318507799533E+07   0.119631343392E+01   0.100000000000E+02
        317   0.458146972325E+07   0.318692771446E+07   0.119245991332E+01   0.100000000000E+02
        500   0.460171897777E+07   0.318722131516E+07   0.120769556553E+01   0.100000000000E+02
        592   0.461106778106E+07   0.319361784781E+07   0.122532895665E+01   0.100000000000E+02
        572   0.461003734098E+07   0.319574427160E+07   0.123220498016E+01   0.100000000000E+02
        614   0.461349385517E+07   0.319231100497E+07   0.122556649396E+01   0.100000000000E+02
        549   0.460959478441E+07   0.319711581330E+07   0.123293520093E+01   0.100000000000E+02
        548   0.460869674667E+07   0.319745313060E+07   0.123215017525E+01   0.100000000000E+02
        589   0.461310737077E+07   0.319711793756E+07   0.124021924144E+01   0.100000000000E+02
        573   0.461226629055E+07   0.319709159061E+07   0.124056555963E+01   0.100000000000E+02
        597   0.461615190947E+07   0.319691141836E+07   0.122028215127E+01   0.100000000000E+02
        596   0.461548901786E+07   0.319705636122E+07   0.123498240900E+01   0.100000000000E+02
        595   0.461471411427E+07   0.319719707312E+07   0.123838332411E+01   0.100000000000E+02
        651   0.462086337424E+07   0.319645820541E+07   0.127365249167E+01   0.100000000000E+02
        625   0.461986260451E+07   0.319639199969E+07   0.123820769411E+01   0.100000000000E+02
        652   0.462321475715E+07   0.319645926915E+07   0.126446071009E+01   0.100000000000E+02
        653   0.462345472272E+07   0.319675766202E+07   0.126550853975E+01   0.100000000000E+02
        677   0.462494763096E+07   0.319599187499E+07   0.126928951766E+01   0.100000000000E+02
        684   0.462574976208E+07   0.319632521347E+07   0.127222520352E+01   0.100000000000E+02
        656   0.462518388521E+07   0.319698707491E+07   0.127250932215E+01   0.100000000000E+02
        657   0.462547637633E+07   0.319730785521E+07   0.127722910135E+01   0.100000000000E+02
        524   0.460333838687E+07   0.319252780641E+07   0.121785026247E+01   0.100000000000E+02
        456   0.459831128122E+07   0.319520163552E+07   0.121370500305E+01   0.100000000000E+02
        528   0.460569104060E+07   0.319734073123E+07   0.122096025629E+01   0.100000000000E+02
        503   0.460113272780E+07   0.319445285456E+07   0.122213599242E+01   0.100000000000E+02
        488   0.460004038173E+07   0.319648464810E+07   0.122557032371E+01   0.100000000000E+02
        485   0.459979325667E+07   0.319575862092E+07   0.122169825883E+01   0.100000000000E+02
        529   0.460635778154E+07   0.319740223965E+07   0.123004576658E+01   0.100000000000E+02
        487   0.460025261034E+07   0.319398604821E+07   0.121962978693E+01   0.100000000000E+02
        472   0.459923845232E+07   0.319535176038E+07   0.121824194627E+01   0.100000000000E+02
        424   0.459530348712E+07   0.319084727495E+07   0.121117769006E+01   0.100000000000E+02
        425   0.459532294894E+07   0.319201659316E+07   0.120892907637E+01   0.100000000000E+02
        395   0.459225348529E+07   0.319216397858E+07   0.120699041159E+01   0.100000000000E+02
        336   0.458435590627E+07   0.318731713741E+07   0.119949096851E+01   0.100000000000E+02
        335   0.458411096260E+07   0.318597603921E+07   0.119827394501E+01   0.100000000000E+02
        382   0.458826413974E+07   0.318630136680E+07   0.120356673808E+01   0.100000000000E+02
        367   0.458687409235E+07   0.318745815851E+07   0.120267863415E+01   0.100000000000E+02
        381   0.458885289726E+07   0.318415020180E+07   0.120293078948E+01   0.100000000000E+02
        444   0.459603526448E+07   0.319180752441E+07   0.121041836216E+01   0.100000000000E+02
        451   0.459664109111E+07   0.319192032108E+07   0.121246512676E+01   0.100000000000E+02
        337   0.458448720574E+07   0.318817591908E+07   0.119884040365E+01   0.100000000000E+02
        207   0.457682770818E+07   0.317206541590E+07   0.116377326288E+01   0.100000000000E+02
        174   0.457302536578E+07   0.317091232465E+07   0.116675577675E+01   0.100000000000E+02
        183   0.457183114631E+07   0.317303087280E+07   0.116478553308E+01   0.100000000000E+02
        190   0.457502244082E+07   0.317241088711E+07   0.116456176903E+01   0.100000000000E+02
        151   0.457099075382E+07   0.317033210089E+07   0.116604910642E+01   0.100000000000E+02
        134   0.457077176771E+07   0.316980577137E+07   0.116627263352E+01   0.100000000000E+02
        155   0.457184583999E+07   0.317050956500E+07   0.116651178880E+01   0.100000000000E+02
        166   0.457201530044E+07   0.317126882761E+07   0.116509655902E+01   0.100000000000E+02
        164   0.456727605107E+07   0.317498907698E+07   0.115725256376E+01   0.100000000000E+02
         96   0.456514250722E+07   0.317201112438E+07   0.116110929284E+01   0.100000000000E+02
         75   0.456513472639E+07   0.317131676314E+07   0.116074944751E+01   0.100000000000E+02
         97   0.456586916774E+07   0.317129749797E+07   0.116230256648E+01   0.100000000000E+02
         67   0.456116517145E+07   0.317353168322E+07   0.115965468629E+01   0.100000000000E+02
         84   0.456113437971E+07   0.317455890701E+07   0.115955378643E+01   0.100000000000E+02
         53   0.456177223235E+07   0.317241921096E+07   0.115939855546E+01   0.100000000000E+02
        141   0.456160818756E+07   0.317906520921E+07   0.115606151685E+01   0.100000000000E+02
        241   0.457226710999E+07   0.318211792140E+07   0.117314292204E+01   0.100000000000E+02
        218   0.457053111360E+07   0.318270384718E+07   0.117350670455E+01   0.100000000000E+02
        320   0.458329088458E+07   0.318917594834E+07   0.119914561733E+01   0.100000000000E+02
         98   0.455811991092E+07   0.318107067985E+07   0.115471398906E+01   0.100000000000E+02
        147   0.456241382961E+07   0.318276289246E+07   0.115952383305E+01   0.100000000000E+02
        130   0.456157343421E+07   0.318556807211E+07   0.116029918572E+01   0.100000000000E+02
         95   0.455973865697E+07   0.318575153621E+07   0.115739256413E+01   0.100000000000E+02
         89   0.455929737659E+07   0.318553811882E+07   0.115736862458E+01   0.100000000000E+02
         88   0.455879377495E+07   0.318554046484E+07   0.115708620786E+01   0.100000000000E+02
         62   0.455697484518E+07   0.317744396210E+07   0.115394030691E+01   0.100000000000E+02
         57   0.455575004453E+07   0.318379424220E+07   0.115486585814E+01   0.100000000000E+02
         46   0.455470883021E+07   0.318465190976E+07   0.115415525800E+01   0.100000000000E+02
         77   0.455702807952E+07   0.317924508081E+07   0.115376967085E+01   0.100000000000E+02
         52   0.456115768410E+07   0.317276234746E+07   0.115929959739E+01   0.100000000000E+02
         51   0.456042046824E+07   0.317276485986E+07   0.115926836518E+01   0.100000000000E+02
         49   0.455839160914E+07   0.317404660676E+07   0.115876536151E+01   0.100000000000E+02
         32   0.455495565023E+07   0.317505626720E+07   0.115270316441E+01   0.100000000000E+02
         21   0.455096100064E+07   0.317809430563E+07   0.115325836344E+01   0.100000000000E+02
         27   0.455190039814E+07   0.318324376391E+07   0.115243605808E+01   0.100000000000E+02
         35   0.455260884551E+07   0.318176246421E+07   0.115269864215E+01   0.100000000000E+02
         26   0.455078740067E+07   0.318321930072E+07   0.115208065391E+01   0.100000000000E+02
          6   0.454732152291E+07   0.317952756752E+07   0.115080384544E+01   0.100000000000E+02
         18   0.454808985885E+07   0.318349426676E+07   0.115201005062E+01   0.100000000000E+02
         71   0.455691420401E+07   0.318398840228E+07   0.115597575214E+01   0.100000000000E+02
         70   0.455671054855E+07   0.318494250216E+07   0.115502190091E+01   0.100000000000E+02
        111   0.456032125798E+07   0.318504937007E+07   0.115783841335E+01   0.100000000000E+02
         74   0.455908076313E+07   0.318625491231E+07   0.115806770134E+01   0.100000000000E+02
        112   0.456183555907E+07   0.318656379940E+07   0.116425648809E+01   0.100000000000E+02
        128   0.456083731971E+07   0.318502544671E+07   0.115933338740E+01   0.100000000000E+02
        120   0.456290355933E+07   0.318698398518E+07   0.116337097275E+01   0.100000000000E+02
        184   0.456660147927E+07   0.318333472559E+07   0.116767530201E+01   0.100000000000E+02
        193   0.456902424137E+07   0.318653156074E+07   0.117339635481E+01   0.100000000000E+02
        177   0.456862083461E+07   0.318643873836E+07   0.117434475014E+01   0.100000000000E+02
        282   0.457696513824E+07   0.318877752060E+07   0.119376927663E+01   0.100000000000E+02
        306   0.458089845732E+07   0.318903773550E+07   0.119750007670E+01   0.100000000000E+02
        283   0.457788056355E+07   0.318868194185E+07   0.119223139431E+01   0.100000000000E+02
        294   0.457900940821E+07   0.318717592796E+07   0.119283702109E+01   0.100000000000E+02
        295   0.457920918101E+07   0.318831828052E+07   0.119279706761E+01   0.100000000000E+02
        305   0.458014540545E+07   0.318847165582E+07   0.119149154801E+01   0.100000000000E+02
        265   0.457568489086E+07   0.318703970647E+07   0.119012584710E+01   0.100000000000E+02
        246   0.457472934036E+07   0.318727888466E+07   0.118624748299E+01   0.100000000000E+02
        227   0.457406463331E+07   0.318756852296E+07   0.118152709614E+01   0.100000000000E+02
