         864           2
       1074   0.463643152173E+07   0.320041381513E+07   0.132493229825E+01   0.100000000000E+02
       1013   0.463726553191E+07   0.319996351200E+07   0.133879553186E+01   0.100000000000E+02
       1014   0.463690539152E+07   0.320093256009E+07   0.133162842748E+01   0.100000000000E+02
       1081   0.463568052716E+07   0.320444238203E+07   0.132063576865E+01   0.100000000000E+02
       1071   0.463519951960E+07   0.320429396694E+07   0.132105751036E+01   0.100000000000E+02
       1070   0.463571495144E+07   0.320362467648E+07   0.132130846395E+01   0.100000000000E+02
       1592   0.460629004765E+07   0.323548360635E+07   0.128911106264E+01   0.100000000000E+02
       1578   0.460580072650E+07   0.323460091788E+07   0.128652682561E+01   0.100000000000E+02
       1577   0.460700088042E+07   0.323351963249E+07   0.128619871609E+01   0.100000000000E+02
       1169   0.465623885433E+07   0.318452214252E+07   0.133434311636E+01   0.100000000000E+02
       1167   0.465454208064E+07   0.318493427253E+07   0.133323299119E+01   0.999652777778E+01
       1101   0.465575342005E+07   0.318283525206E+07   0.140685367995E+01   0.100000000000E+02
       1290   0.464245705023E+07   0.320196044459E+07   0.133234510257E+01   0.100000000000E+02
       1258   0.464025574724E+07   0.320223036318E+07   0.133242183937E+01   0.100000000000E+02
       1257   0.464196017013E+07   0.320014549567E+07   0.133135667166E+01   0.100000000000E+02
       1104   0.466366541976E+07   0.317978204532E+07   0.137400024865E+01   0.100000000000E+02
       1103   0.466265617753E+07   0.317963502661E+07   0.137132339876E+01   0.100000000000E+02
       1041   0.466394422022E+07   0.317832784497E+07   0.140416709398E+01   0.999652777778E+01
        960   0.464501884725E+07   0.318666364965E+07   0.139010456637E+01   0.999652777778E+01
       1026   0.464594085276E+07   0.318667547079E+07   0.136813861256E+01   0.999652777778E+01
       1025   0.464457414775E+07   0.318806102967E+07   0.144229253292E+01   0.100000000000E+02
        856   0.465419692154E+07   0.317955513189E+07   0.132323067978E+01   0.999652777778E+01
        857   0.465464346188E+07   0.317911901773E+07   0.133668787143E+01   0.100000000000E+02
        910   0.465443970750E+07   0.318001142403E+07   0.146577729864E+01   0.100000000000E+02
       1213   0.464621249239E+07   0.319227662972E+07   0.133838622350E+01   0.999652777778E+01
       1158   0.464591219533E+07   0.319031567495E+07   0.134057620695E+01   0.100000000000E+02
       1212   0.464819216834E+07   0.318954392720E+07   0.135886687174E+01   0.100000000000E+02
       1611   0.460317132819E+07   0.323884200186E+07   0.128739293858E+01   0.100000000000E+02
       1600   0.460362880806E+07   0.323730075826E+07   0.128770176248E+01   0.100000000000E+02
       1605   0.460421540906E+07   0.323780071651E+07   0.128845024048E+01   0.100000000000E+02
       1317   0.463464884357E+07   0.321001596060E+07   0.133350174989E+01   0.100000000000E+02
       1355   0.463516879552E+07   0.321149691715E+07   0.133466036889E+01   0.100000000000E+02
       1354   0.463336984392E+07   0.321221801454E+07   0.133502043280E+01   0.100000000000E+02
       1162   0.463867546851E+07   0.320100530325E+07   0.133055891368E+01   0.100000000000E+02
       1207   0.463824464961E+07   0.320232781871E+07   0.133228292666E+01   0.100000000000E+02
       1150   0.463775945843E+07   0.320206650308E+07   0.132383783941E+01   0.100000000000E+02
       1415   0.461760571784E+07   0.321884071909E+07   0.130164055175E+01   0.100000000000E+02
       1414   0.461631488670E+07   0.321989338668E+07   0.129779561473E+01   0.100000000000E+02
       1368   0.461689276474E+07   0.321855994909E+07   0.129896379430E+01   0.100000000000E+02
       1560   0.460505477818E+07   0.323463599429E+07   0.128609246231E+01   0.100000000000E+02
       1575   0.460473013628E+07   0.323560751348E+07   0.128696188847E+01   0.100000000000E+02
       1389   0.460452190864E+07   0.326018645064E+07   0.131535969314E+01   0.100000000000E+02
       1390   0.460265273746E+07   0.325887048087E+07   0.130970989171E+01   0.100000000000E+02
       1439   0.460574779657E+07   0.325537324701E+07   0.130630532212E+01   0.100000000000E+02
       1042   0.466483204619E+07   0.317816460228E+07   0.134514491343E+01   0.100000000000E+02
       1037   0.465545678455E+07   0.318172299318E+07   0.138758779239E+01   0.999652777778E+01
       1038   0.465690495993E+07   0.318075696182E+07   0.141397578002E+01   0.999652777778E+01
       1222   0.466476490440E+07   0.318293871430E+07   0.133676351234E+01   0.999652777778E+01
       1221   0.466178881052E+07   0.318425362253E+07   0.133359659833E+01   0.999652777778E+01
       1171   0.466375741264E+07   0.318145917427E+07   0.133377080310E+01   0.999652777778E+01
       1160   0.464083190133E+07   0.319837272033E+07   0.133146259720E+01   0.100000000000E+02
       1215   0.464041640506E+07   0.320020503142E+07   0.133243331961E+01   0.100000000000E+02
       1161   0.463995476635E+07   0.319938212201E+07   0.133042578964E+01   0.100000000000E+02
        978   0.465806296155E+07   0.317918084812E+07   0.133235192015E+01   0.999652777778E+01
        917   0.465862161237E+07   0.317820876372E+07   0.132892634458E+01   0.100000000000E+02
        979   0.465881987337E+07   0.317888058406E+07   0.134924898848E+01   0.999652777778E+01
       1099   0.466001509333E+07   0.317994712931E+07   0.135894446381E+01   0.100000000000E+02
       1168   0.465866474078E+07   0.318261439156E+07   0.134096575100E+01   0.999652777778E+01
       1100   0.465874618690E+07   0.318068135316E+07   0.133150014670E+01   0.999652777778E+01
       1102   0.465730890037E+07   0.318202431723E+07   0.133522056251E+01   0.100000000000E+02
       1206   0.463680502509E+07   0.320442942272E+07   0.132919706567E+01   0.100000000000E+02
       1251   0.463635703807E+07   0.320565235121E+07   0.132921405806E+01   0.100000000000E+02
       1205   0.463610396515E+07   0.320507469090E+07   0.132647475824E+01   0.100000000000E+02
       1033   0.465333045977E+07   0.318254945764E+07   0.134928591030E+01   0.100000000000E+02
        969   0.465361231410E+07   0.318116119502E+07   0.137671064105E+01   0.999652777778E+01
        970   0.465434723379E+07   0.318106385607E+07   0.139759263912E+01   0.999652777778E+01
       1261   0.465448471916E+07   0.319151881710E+07   0.133262489818E+01   0.100000000000E+02
       1220   0.465689950502E+07   0.318649692634E+07   0.133576105041E+01   0.999652777778E+01
       1260   0.465835874202E+07   0.318852962586E+07   0.133106669845E+01   0.100000000000E+02
       1098   0.465403264108E+07   0.318354962849E+07   0.138378288502E+01   0.100000000000E+02
       1166   0.465260507831E+07   0.318622033952E+07   0.134171921652E+01   0.999652777778E+01
       1097   0.465222708520E+07   0.318462184057E+07   0.141409934710E+01   0.999652777778E+01
        914   0.465507338769E+07   0.318001843225E+07   0.138088317634E+01   0.999652777778E+01
        861   0.465511713255E+07   0.317910463896E+07   0.132377646965E+01   0.100000000000E+02
        899   0.464594072626E+07   0.318448612188E+07   0.133833680699E+01   0.100000000000E+02
        953   0.464687409811E+07   0.318439360630E+07   0.132894253519E+01   0.999652777778E+01
        959   0.464589794259E+07   0.318542468260E+07   0.133921176685E+01   0.100000000000E+02
       1501   0.461686326367E+07   0.322258733521E+07   0.129677549478E+01   0.100000000000E+02
       1461   0.461905698666E+07   0.322010554332E+07   0.130706643725E+01   0.100000000000E+02
       1502   0.461911887216E+07   0.322258707752E+07   0.130450875876E+01   0.100000000000E+02
       1280   0.463160327269E+07   0.320478074468E+07   0.132802424784E+01   0.100000000000E+02
       1246   0.463291047975E+07   0.320456343879E+07   0.132260779261E+01   0.100000000000E+02
       1281   0.463153936394E+07   0.320614049311E+07   0.132392699455E+01   0.100000000000E+02
       1163   0.463936999976E+07   0.320038163071E+07   0.133123552442E+01   0.100000000000E+02
       1338   0.462943588469E+07   0.320941382160E+07   0.132538036914E+01   0.100000000000E+02
       1376   0.462791656674E+07   0.321098619407E+07   0.132422074440E+01   0.100000000000E+02
       1337   0.462859049977E+07   0.320849249212E+07   0.131549900081E+01   0.100000000000E+02
       1076   0.463583862354E+07   0.320267205199E+07   0.132358015288E+01   0.100000000000E+02
       1020   0.463631765014E+07   0.320294499547E+07   0.132172138409E+01   0.100000000000E+02
       1278   0.462964234836E+07   0.320423350716E+07   0.132001744085E+01   0.100000000000E+02
       1243   0.463068037452E+07   0.320362070837E+07   0.132767139359E+01   0.100000000000E+02
       1279   0.463035405917E+07   0.320491371070E+07   0.132481016501E+01   0.100000000000E+02
       1019   0.463661762797E+07   0.320199740011E+07   0.132811963581E+01   0.100000000000E+02
       1075   0.463600675402E+07   0.320160654692E+07   0.131963913431E+01   0.100000000000E+02
       1155   0.464326474232E+07   0.319424821121E+07   0.132851702580E+01   0.100000000000E+02
       1086   0.464232387253E+07   0.319430198802E+07   0.132668479315E+01   0.100000000000E+02
       1092   0.464279078955E+07   0.319319393045E+07   0.133106982205E+01   0.100000000000E+02
       1134   0.463395247447E+07   0.319960589335E+07   0.132299927332E+01   0.100000000000E+02
       1135   0.463515223044E+07   0.319960139118E+07   0.132561253597E+01   0.100000000000E+02
       1196   0.463386299945E+07   0.320128333707E+07   0.131928652577E+01   0.100000000000E+02
        957   0.464942136098E+07   0.318347230035E+07   0.140947027988E+01   0.100000000000E+02
        956   0.464873345463E+07   0.318393396549E+07   0.164123765115E+01   0.100000000000E+02
        896   0.464929077114E+07   0.318296945578E+07   0.143901942206E+01   0.999652777778E+01
       1159   0.464437803849E+07   0.319268951715E+07   0.133703542172E+01   0.100000000000E+02
       1210   0.464327652776E+07   0.319587785637E+07   0.133256929617E+01   0.100000000000E+02
       1211   0.464451672817E+07   0.319413423550E+07   0.133333115632E+01   0.999652777778E+01
       1255   0.464534414590E+07   0.319543025313E+07   0.133109971046E+01   0.999652777778E+01
        967   0.465166511807E+07   0.318248463899E+07   0.154489664678E+01   0.999652777778E+01
        964   0.465079989162E+07   0.318257332616E+07   0.137295611791E+01   0.100000000000E+02
        906   0.465165465914E+07   0.318168105788E+07   0.143571305356E+01   0.100000000000E+02
       1032   0.465191092838E+07   0.318343281185E+07   0.143027001115E+01   0.100000000000E+02
       1029   0.465078977621E+07   0.318368152512E+07   0.138655923911E+01   0.100000000000E+02
        853   0.465267738115E+07   0.318079416867E+07   0.142639777486E+01   0.100000000000E+02
        854   0.465327965894E+07   0.318037437327E+07   0.132729370663E+01   0.999652777778E+01
        908   0.465306179508E+07   0.318105468465E+07   0.141595714418E+01   0.999652777778E+01
       1021   0.464999391794E+07   0.318354110823E+07   0.131301273574E+01   0.999652777778E+01
       1087   0.464966392518E+07   0.318493678086E+07   0.137841822879E+01   0.100000000000E+02
        849   0.464133084725E+07   0.318868405319E+07   0.130741377004E+01   0.100000000000E+02
        817   0.464093077702E+07   0.319007709385E+07   0.130408564589E+01   0.100000000000E+02
        816   0.464012021305E+07   0.319015034421E+07   0.130576270141E+01   0.100000000000E+02
        913   0.466046869962E+07   0.317643977127E+07   0.133111685183E+01   0.100000000000E+02
        859   0.465979295305E+07   0.317668429446E+07   0.132807749155E+01   0.100000000000E+02
        860   0.465991819100E+07   0.317597280625E+07   0.132866218883E+01   0.999652777778E+01
        834   0.463301963140E+07   0.319561084159E+07   0.130177646241E+01   0.100000000000E+02
        881   0.463350061922E+07   0.319596476194E+07   0.130249442518E+01   0.100000000000E+02
        880   0.463259262867E+07   0.319684931754E+07   0.130199776089E+01   0.100000000000E+02
       1004   0.463106967487E+07   0.320047597128E+07   0.131797470985E+01   0.100000000000E+02
       1064   0.463052063745E+07   0.320151411759E+07   0.131836672589E+01   0.100000000000E+02
       1005   0.463033736864E+07   0.320103247297E+07   0.131788027933E+01   0.100000000000E+02
       1620   0.460370232365E+07   0.324082368599E+07   0.128876347086E+01   0.100000000000E+02
       1625   0.460251583794E+07   0.324265805583E+07   0.128891926364E+01   0.100000000000E+02
       1623   0.460226754926E+07   0.324167418186E+07   0.128777370213E+01   0.100000000000E+02
       1535   0.460821615159E+07   0.323080110778E+07   0.128794638570E+01   0.100000000000E+02
       1557   0.460723727775E+07   0.323214530408E+07   0.128530315856E+01   0.100000000000E+02
       1534   0.460749194985E+07   0.323110204810E+07   0.128564805361E+01   0.100000000000E+02
       1118   0.461989410215E+07   0.321222661467E+07   0.131296559083E+01   0.100000000000E+02
       1116   0.461985708741E+07   0.321160102956E+07   0.131285966078E+01   0.100000000000E+02
       1182   0.462050369661E+07   0.321162428549E+07   0.131300373243E+01   0.100000000000E+02
       1444   0.460901806243E+07   0.322845834878E+07   0.128848475769E+01   0.100000000000E+02
       1455   0.461013660410E+07   0.322742531153E+07   0.128899873744E+01   0.100000000000E+02
       1490   0.460957615602E+07   0.322880582646E+07   0.128964000287E+01   0.100000000000E+02
       1240   0.462926692971E+07   0.320353425192E+07   0.131667575320E+01   0.100000000000E+02
       1194   0.462979215505E+07   0.320254108384E+07   0.131782219806E+01   0.100000000000E+02
       1242   0.463001822979E+07   0.320285356161E+07   0.132094505122E+01   0.100000000000E+02
       1593   0.460507499421E+07   0.323669758735E+07   0.128924065290E+01   0.100000000000E+02
       1606   0.460542931055E+07   0.323746405666E+07   0.129015481991E+01   0.100000000000E+02
       1555   0.461594428225E+07   0.323004880614E+07   0.130311118554E+01   0.100000000000E+02
       1574   0.461243274946E+07   0.323328501966E+07   0.129465548716E+01   0.100000000000E+02
       1554   0.461294556971E+07   0.322970515958E+07   0.128972244635E+01   0.100000000000E+02
        999   0.462681979966E+07   0.320205413823E+07   0.131143038351E+01   0.100000000000E+02
        997   0.462775947605E+07   0.320100645337E+07   0.131331409932E+01   0.100000000000E+02
       1056   0.462767048172E+07   0.320182336263E+07   0.131399883526E+01   0.100000000000E+02
       1017   0.463504640881E+07   0.320493650148E+07   0.132224980772E+01   0.100000000000E+02
       1239   0.462855664648E+07   0.320366131332E+07   0.131638433699E+01   0.100000000000E+02
       1192   0.462943878898E+07   0.320249819478E+07   0.131588722652E+01   0.100000000000E+02
       1139   0.463476577864E+07   0.320427975717E+07   0.132247533813E+01   0.100000000000E+02
       1198   0.463416063387E+07   0.320390678422E+07   0.132205188592E+01   0.100000000000E+02
       1138   0.463514553178E+07   0.320348799707E+07   0.132333454388E+01   0.100000000000E+02
       1494   0.462865566403E+07   0.322786021384E+07   0.131893283340E+01   0.100000000000E+02
       1527   0.462525045578E+07   0.322654661004E+07   0.131637663958E+01   0.100000000000E+02
       1493   0.463028422542E+07   0.322253007461E+07   0.132151923103E+01   0.100000000000E+02
       1558   0.460824279889E+07   0.323185840249E+07   0.128792423811E+01   0.100000000000E+02
       1570   0.460842424486E+07   0.323252335238E+07   0.128730253367E+01   0.100000000000E+02
       1369   0.461771091308E+07   0.321789678262E+07   0.130235206515E+01   0.100000000000E+02
       1328   0.461736782830E+07   0.321759578386E+07   0.129998310111E+01   0.100000000000E+02
       1329   0.461815091054E+07   0.321702422475E+07   0.130433065758E+01   0.100000000000E+02
       1520   0.460971085455E+07   0.324895142859E+07   0.129906249239E+01   0.100000000000E+02
       1486   0.460708783171E+07   0.325183269437E+07   0.129913463846E+01   0.100000000000E+02
       1521   0.460758514417E+07   0.324920634819E+07   0.129753595829E+01   0.100000000000E+02
       1495   0.462697427780E+07   0.323292163223E+07   0.132084587822E+01   0.100000000000E+02
       1496   0.462319743730E+07   0.323694493201E+07   0.132059624923E+01   0.100000000000E+02
       1528   0.462313207573E+07   0.323216498990E+07   0.131817772717E+01   0.100000000000E+02
       1603   0.460703371603E+07   0.323660904619E+07   0.129183370474E+01   0.100000000000E+02
       1533   0.461929496965E+07   0.322583854692E+07   0.130788587673E+01   0.100000000000E+02
       1532   0.461597684231E+07   0.322614160874E+07   0.129473611817E+01   0.100000000000E+02
       1645   0.459937704076E+07   0.324681153998E+07   0.128877694350E+01   0.100000000000E+02
       1643   0.459926544613E+07   0.324621781874E+07   0.128784673490E+01   0.100000000000E+02
       1642   0.459976081606E+07   0.324603098142E+07   0.128846152809E+01   0.100000000000E+02
       1348   0.460116087776E+07   0.325781721082E+07   0.130680928915E+01   0.100000000000E+02
       1392   0.460304551633E+07   0.325619772358E+07   0.130656530080E+01   0.100000000000E+02
       1433   0.460259646854E+07   0.325240491243E+07   0.130001624454E+01   0.100000000000E+02
       1388   0.460190969256E+07   0.325381442779E+07   0.130229556911E+01   0.100000000000E+02
       1384   0.460149636806E+07   0.325304341548E+07   0.129880777578E+01   0.100000000000E+02
        922   0.466711454502E+07   0.317624794042E+07   0.132619879496E+01   0.100000000000E+02
        921   0.466779433690E+07   0.317535449352E+07   0.132794645232E+01   0.100000000000E+02
        984   0.466769405542E+07   0.317614661576E+07   0.132651511399E+01   0.100000000000E+02
        924   0.466858032602E+07   0.317506999270E+07   0.132824363198E+01   0.100000000000E+02
        871   0.466840332504E+07   0.317432217181E+07   0.132831586287E+01   0.100000000000E+02
        923   0.466976314204E+07   0.317356217003E+07   0.132663921034E+01   0.100000000000E+02
       1047   0.466778620023E+07   0.317742415457E+07   0.133122708381E+01   0.999652777778E+01
       1107   0.466683319063E+07   0.317855838369E+07   0.133606963659E+01   0.999652777778E+01
       1044   0.466725474831E+07   0.317716943905E+07   0.132980442886E+01   0.999652777778E+01
       1095   0.466223174912E+07   0.317877339171E+07   0.136009827366E+01   0.999652777778E+01
       1040   0.466333425828E+07   0.317805138198E+07   0.135868559184E+01   0.999652777778E+01
        869   0.466723572984E+07   0.317565788256E+07   0.132717012726E+01   0.100000000000E+02
        821   0.466537419110E+07   0.317457937349E+07   0.133110852338E+01   0.100000000000E+02
        822   0.466479685460E+07   0.317463948362E+07   0.133083183592E+01   0.100000000000E+02
        794   0.466526387303E+07   0.317396844485E+07   0.133083206276E+01   0.100000000000E+02
        865   0.466489228754E+07   0.317523269293E+07   0.133087638165E+01   0.999652777778E+01
       1036   0.465951694865E+07   0.317898068690E+07   0.135523570801E+01   0.999652777778E+01
       1039   0.465819613605E+07   0.318008484971E+07   0.134157177983E+01   0.999652777778E+01
        972   0.466192922867E+07   0.317643500985E+07   0.133261773128E+01   0.100000000000E+02
       1031   0.466204165537E+07   0.317760468173E+07   0.133898315508E+01   0.999652777778E+01
       1035   0.466084671085E+07   0.317793722861E+07   0.133092440855E+01   0.100000000000E+02
       1030   0.466299374388E+07   0.317746590581E+07   0.136476861028E+01   0.100000000000E+02
        912   0.465985235466E+07   0.317719503995E+07   0.133179805276E+01   0.100000000000E+02
        973   0.465938454813E+07   0.317799624097E+07   0.133110496171E+01   0.999652777778E+01
        911   0.465925935669E+07   0.317739601850E+07   0.132894330017E+01   0.100000000000E+02
       1170   0.466203863515E+07   0.318167642091E+07   0.135092565667E+01   0.100000000000E+02
       1165   0.466088247739E+07   0.318092748527E+07   0.134051861631E+01   0.100000000000E+02
       1096   0.466124513981E+07   0.317896092965E+07   0.136376641847E+01   0.999652777778E+01
        858   0.465928206215E+07   0.317678492556E+07   0.132813938692E+01   0.999652777778E+01
        862   0.465575255629E+07   0.317932337433E+07   0.135779256747E+01   0.999652777778E+01
        909   0.465377661627E+07   0.318024565885E+07   0.139463772715E+01   0.999652777778E+01
        968   0.465261548956E+07   0.318205943665E+07   0.135220589980E+01   0.999652777778E+01
        976   0.465612600454E+07   0.318041470474E+07   0.149127015519E+01   0.999305555556E+01
        975   0.465519087348E+07   0.318084530696E+07   0.138765820400E+01   0.100000000000E+02
       1094   0.465070668074E+07   0.318506923466E+07   0.133893909253E+01   0.999652777778E+01
       1164   0.465049658286E+07   0.318700237006E+07   0.133773799083E+01   0.100000000000E+02
        971   0.466108565954E+07   0.317640474641E+07   0.133915735046E+01   0.100000000000E+02
       1219   0.465377831103E+07   0.318801738590E+07   0.133253234816E+01   0.100000000000E+02
       1045   0.466656841593E+07   0.317779691983E+07   0.133356118124E+01   0.100000000000E+02
       1292   0.465077759585E+07   0.319739003002E+07   0.133332774327E+01   0.100000000000E+02
       1289   0.464756892606E+07   0.319639142180E+07   0.133064630812E+01   0.100000000000E+02
       1259   0.465093534584E+07   0.319255619920E+07   0.133195859907E+01   0.999652777778E+01
        986   0.466922540586E+07   0.317526358890E+07   0.133001725720E+01   0.100000000000E+02
        988   0.466825519485E+07   0.317630173920E+07   0.132970685606E+01   0.100000000000E+02
       1322   0.464748455171E+07   0.320357619690E+07   0.133639860230E+01   0.100000000000E+02
       1323   0.465160240310E+07   0.320214204316E+07   0.133412866013E+01   0.100000000000E+02
       1359   0.464648437519E+07   0.320956473689E+07   0.134143936987E+01   0.100000000000E+02
       1046   0.466896558196E+07   0.317677145939E+07   0.133060628688E+01   0.999652777778E+01
       1216   0.463925334115E+07   0.320159419253E+07   0.133259257979E+01   0.100000000000E+02
       1256   0.464810920496E+07   0.319255407283E+07   0.133386918750E+01   0.100000000000E+02
       1287   0.463865557988E+07   0.320471444183E+07   0.133132473058E+01   0.100000000000E+02
       1291   0.464030351309E+07   0.320425634669E+07   0.133358134949E+01   0.100000000000E+02
       1319   0.463865446173E+07   0.320706463028E+07   0.133435679988E+01   0.100000000000E+02
       1448   0.463202777748E+07   0.321762761912E+07   0.132506034193E+01   0.100000000000E+02
       1449   0.463530257768E+07   0.321867013415E+07   0.132644623676E+01   0.100000000000E+02
       1208   0.463760894715E+07   0.320350282688E+07   0.133074619548E+01   0.100000000000E+02
       1253   0.463862444043E+07   0.320318669861E+07   0.133258873128E+01   0.100000000000E+02
       1320   0.464559792376E+07   0.320147062726E+07   0.133283537347E+01   0.100000000000E+02
       1402   0.464010498139E+07   0.321393110925E+07   0.133405842711E+01   0.100000000000E+02
       1358   0.464344201442E+07   0.320743485058E+07   0.133450871035E+01   0.100000000000E+02
       1450   0.463320404298E+07   0.322411422953E+07   0.132248324126E+01   0.100000000000E+02
       1249   0.463456499978E+07   0.320788608214E+07   0.132888315460E+01   0.100000000000E+02
       1202   0.463414079258E+07   0.320767870054E+07   0.132740684721E+01   0.100000000000E+02
       1203   0.463484290760E+07   0.320695364794E+07   0.132731458690E+01   0.100000000000E+02
       1250   0.463558879461E+07   0.320686079117E+07   0.133036497675E+01   0.100000000000E+02
       1286   0.463693887879E+07   0.320657818490E+07   0.133111398793E+01   0.100000000000E+02
       1285   0.463540696613E+07   0.320819210408E+07   0.133172420741E+01   0.100000000000E+02
       1351   0.462992449617E+07   0.321165430041E+07   0.131897062801E+01   0.100000000000E+02
       1352   0.463081466370E+07   0.321206279474E+07   0.133520414717E+01   0.100000000000E+02
       1397   0.462906619546E+07   0.321358141689E+07   0.132814916620E+01   0.100000000000E+02
       1321   0.464175193424E+07   0.320531617599E+07   0.133414913109E+01   0.100000000000E+02
       1356   0.463723342320E+07   0.321002926316E+07   0.133401384664E+01   0.100000000000E+02
       1318   0.463639244741E+07   0.320876472402E+07   0.133270912447E+01   0.100000000000E+02
       1145   0.463421060937E+07   0.320706867696E+07   0.132704903918E+01   0.100000000000E+02
       1201   0.463368480730E+07   0.320774259323E+07   0.132711472818E+01   0.100000000000E+02
       1084   0.463694147095E+07   0.320256371347E+07   0.131808750744E+01   0.100000000000E+02
       1085   0.463666040837E+07   0.320331518855E+07   0.132062045242E+01   0.100000000000E+02
       1396   0.462807544396E+07   0.321269272462E+07   0.132266401999E+01   0.100000000000E+02
       1445   0.462680648476E+07   0.321534197647E+07   0.132073845599E+01   0.100000000000E+02
       1147   0.463470080151E+07   0.320647600318E+07   0.132674097798E+01   0.100000000000E+02
       1146   0.463480799361E+07   0.320583073365E+07   0.132608304525E+01   0.100000000000E+02
       1204   0.463542503222E+07   0.320597026660E+07   0.132639909130E+01   0.100000000000E+02
       1252   0.463750410571E+07   0.320469726343E+07   0.133040056771E+01   0.100000000000E+02
       1288   0.464447052320E+07   0.319879507361E+07   0.133222017019E+01   0.100000000000E+02
       1214   0.464163308189E+07   0.319891858374E+07   0.133356724151E+01   0.100000000000E+02
       1209   0.464223683706E+07   0.319749264127E+07   0.133327911841E+01   0.100000000000E+02
       1254   0.464331108453E+07   0.319770345229E+07   0.133179335184E+01   0.100000000000E+02
        907   0.465234298169E+07   0.318135152369E+07   0.139725204313E+01   0.100000000000E+02
       1024   0.464901686504E+07   0.318453395008E+07   0.140412405352E+01   0.999652777778E+01
       1023   0.464802663417E+07   0.318504373493E+07   0.144226443492E+01   0.999652777778E+01
       1093   0.464411657776E+07   0.319168224484E+07   0.132981929142E+01   0.100000000000E+02
       1091   0.464456864165E+07   0.319026263353E+07   0.137440344905E+01   0.999652777778E+01
       1083   0.463727803457E+07   0.320187260260E+07   0.132210956203E+01   0.100000000000E+02
       1018   0.463734161194E+07   0.320129351981E+07   0.134720187668E+01   0.100000000000E+02
       1151   0.463733514436E+07   0.320292634205E+07   0.132602947739E+01   0.100000000000E+02
       1152   0.463687816508E+07   0.320370690392E+07   0.132728876345E+01   0.100000000000E+02
       1082   0.463611487449E+07   0.320372320141E+07   0.131969260721E+01   0.100000000000E+02
       1141   0.463503730589E+07   0.320257879252E+07   0.131954347940E+01   0.100000000000E+02
       1248   0.463350855479E+07   0.320869014682E+07   0.132663146350E+01   0.100000000000E+02
       1275   0.462536622070E+07   0.320808855112E+07   0.131658966217E+01   0.100000000000E+02
       1235   0.462575399938E+07   0.320722476391E+07   0.131753214550E+01   0.100000000000E+02
       1273   0.462635348646E+07   0.320701018846E+07   0.131836619706E+01   0.100000000000E+02
       1312   0.463088432802E+07   0.320897149856E+07   0.132862336362E+01   0.100000000000E+02
       1350   0.462948138092E+07   0.321071966296E+07   0.132615555336E+01   0.100000000000E+02
       1200   0.463341604155E+07   0.320538939147E+07   0.132528268551E+01   0.100000000000E+02
       1142   0.463405437910E+07   0.320470988823E+07   0.132422751140E+01   0.100000000000E+02
       1199   0.463399715770E+07   0.320273183450E+07   0.131789497461E+01   0.100000000000E+02
       1193   0.463119188481E+07   0.320197962408E+07   0.132038281462E+01   0.100000000000E+02
       1195   0.463145863180E+07   0.320261221710E+07   0.131911452531E+01   0.100000000000E+02
       1241   0.463059631107E+07   0.320277790358E+07   0.132599327077E+01   0.100000000000E+02
       1063   0.463128445571E+07   0.320086376282E+07   0.131916036680E+01   0.100000000000E+02
       1247   0.463265275572E+07   0.320599703381E+07   0.132315649011E+01   0.100000000000E+02
       1067   0.463543839968E+07   0.319782396984E+07   0.130997800835E+01   0.100000000000E+02
       1068   0.463646999162E+07   0.319803117240E+07   0.131081333969E+01   0.100000000000E+02
       1238   0.462757718504E+07   0.320457745248E+07   0.131651892677E+01   0.100000000000E+02
       1231   0.462663779920E+07   0.320535984256E+07   0.131621722825E+01   0.100000000000E+02
       1189   0.462680886736E+07   0.320438207412E+07   0.131572249135E+01   0.100000000000E+02
       1130   0.462914051768E+07   0.320226735943E+07   0.131897813980E+01   0.100000000000E+02
       1129   0.462861838314E+07   0.320232068672E+07   0.131708928563E+01   0.100000000000E+02
       1060   0.462934677677E+07   0.320163283990E+07   0.131835771945E+01   0.100000000000E+02
       1127   0.462802294761E+07   0.320229283899E+07   0.131669807783E+01   0.100000000000E+02
       1057   0.462849976370E+07   0.320109404979E+07   0.132131810563E+01   0.100000000000E+02
        940   0.463537323880E+07   0.319534363002E+07   0.130257254215E+01   0.100000000000E+02
       1655   0.463511767305E+07   0.319683421801E+07   0.130521193872E+01   0.100000000000E+02
       1007   0.463415004931E+07   0.319706270801E+07   0.130400516502E+01   0.100000000000E+02
        998   0.462862482056E+07   0.320021788258E+07   0.132173168007E+01   0.100000000000E+02
        833   0.463235832173E+07   0.319639387447E+07   0.130012059937E+01   0.100000000000E+02
        800   0.463175785099E+07   0.319651687752E+07   0.129937908209E+01   0.100000000000E+02
        801   0.463225530287E+07   0.319576047698E+07   0.130027251224E+01   0.100000000000E+02
        762   0.463156786976E+07   0.319536509400E+07   0.130104436833E+01   0.100000000000E+02
        761   0.463097965559E+07   0.319585978308E+07   0.130083714431E+01   0.100000000000E+02
        746   0.463130254507E+07   0.319485378598E+07   0.130127757894E+01   0.100000000000E+02
       1011   0.463733760374E+07   0.319817339894E+07   0.132396808555E+01   0.100000000000E+02
       1073   0.463624488843E+07   0.319943834376E+07   0.132634706686E+01   0.100000000000E+02
        936   0.463045374550E+07   0.320007850021E+07   0.131999716497E+01   0.100000000000E+02
       1002   0.462997288384E+07   0.320110698940E+07   0.132093366625E+01   0.100000000000E+02
       1001   0.462967980047E+07   0.320081778808E+07   0.131845713399E+01   0.100000000000E+02
        778   0.463142501267E+07   0.319612828211E+07   0.130071552927E+01   0.100000000000E+02
       1008   0.463631924901E+07   0.319578018093E+07   0.130357203415E+01   0.100000000000E+02
        946   0.463752524707E+07   0.319518998844E+07   0.130483307065E+01   0.100000000000E+02
       1010   0.463691004474E+07   0.319653704152E+07   0.130697696973E+01   0.100000000000E+02
        781   0.463271325436E+07   0.319432182987E+07   0.129794097960E+01   0.100000000000E+02
        779   0.463215449867E+07   0.319518517275E+07   0.130051401030E+01   0.100000000000E+02
        763   0.463198449599E+07   0.319455978689E+07   0.130190767244E+01   0.100000000000E+02
        939   0.463408046655E+07   0.319619733965E+07   0.130195379200E+01   0.100000000000E+02
        804   0.463376608423E+07   0.319355202147E+07   0.129164095962E+01   0.100000000000E+02
        782   0.463310545470E+07   0.319334819752E+07   0.129626579215E+01   0.100000000000E+02
        803   0.463404787946E+07   0.319205991694E+07   0.129759011738E+01   0.100000000000E+02
        941   0.463690420841E+07   0.319385731234E+07   0.129960555189E+01   0.100000000000E+02
        942   0.463746995515E+07   0.319435343683E+07   0.129946344381E+01   0.100000000000E+02
        945   0.463809099671E+07   0.319540631059E+07   0.131287954392E+01   0.100000000000E+02
       1009   0.463766093604E+07   0.319677776671E+07   0.130738131554E+01   0.100000000000E+02
       1140   0.463521434778E+07   0.320111126567E+07   0.131790907674E+01   0.100000000000E+02
        951   0.463772878714E+07   0.320024143543E+07   0.136695132916E+01   0.100000000000E+02
       1027   0.464384144490E+07   0.318980346714E+07   0.138406081977E+01   0.999652777778E+01
       1028   0.464317555572E+07   0.319171691991E+07   0.133547868207E+01   0.999652777778E+01
        839   0.463935604355E+07   0.319142393246E+07   0.130372118908E+01   0.100000000000E+02
        885   0.463851320447E+07   0.319284522244E+07   0.130033547554E+01   0.100000000000E+02
        884   0.463775793251E+07   0.319201843574E+07   0.128703275050E+01   0.100000000000E+02
        842   0.463967752798E+07   0.319428540341E+07   0.131566409622E+01   0.100000000000E+02
        889   0.463892784469E+07   0.319494250905E+07   0.131537278125E+01   0.100000000000E+02
        888   0.463896449636E+07   0.319435175461E+07   0.131783997396E+01   0.100000000000E+02
        891   0.463825698823E+07   0.319400971392E+07   0.130597592558E+01   0.100000000000E+02
        818   0.464140528327E+07   0.319147777172E+07   0.132866934048E+01   0.100000000000E+02
        791   0.464077677499E+07   0.319241234571E+07   0.132372856042E+01   0.100000000000E+02
        792   0.464051081113E+07   0.319203168343E+07   0.132480893872E+01   0.100000000000E+02
        809   0.464012583723E+07   0.319284519488E+07   0.132111741459E+01   0.100000000000E+02
        841   0.463959672468E+07   0.319360686113E+07   0.131877509719E+01   0.100000000000E+02
        811   0.463960155343E+07   0.319287658426E+07   0.132123137559E+01   0.100000000000E+02
       1022   0.464711682179E+07   0.318506449217E+07   0.147765001663E+01   0.999652777778E+01
        954   0.464782142773E+07   0.318348406930E+07   0.148689745140E+01   0.100000000000E+02
       1153   0.464225154147E+07   0.319548666345E+07   0.132607932759E+01   0.100000000000E+02
        902   0.464232934745E+07   0.318952751628E+07   0.131088181152E+01   0.100000000000E+02
        852   0.464158089542E+07   0.319071157668E+07   0.131323685230E+01   0.999652777778E+01
        850   0.464162673527E+07   0.319007062306E+07   0.130812225103E+01   0.100000000000E+02
        904   0.465118255238E+07   0.318155077619E+07   0.139021393631E+01   0.100000000000E+02
        952   0.465005174197E+07   0.318244557230E+07   0.142045870268E+01   0.999652777778E+01
       1157   0.464730967205E+07   0.318805730075E+07   0.132533714886E+01   0.999652777778E+01
       1090   0.464559762376E+07   0.318853491529E+07   0.134930386516E+01   0.999652777778E+01
       1088   0.464703934373E+07   0.318655752943E+07   0.141184130920E+01   0.100000000000E+02
        955   0.464811122860E+07   0.318401382144E+07   0.159549355399E+01   0.100000000000E+02
        895   0.464872480421E+07   0.318329606000E+07   0.146026610799E+01   0.999652777778E+01
        844   0.464909971849E+07   0.318254546381E+07   0.142756479164E+01   0.100000000000E+02
        958   0.464391975278E+07   0.318730020313E+07   0.133504217359E+01   0.999652777778E+01
        808   0.464123003728E+07   0.319258888770E+07   0.133021804370E+01   0.100000000000E+02
        900   0.464470603152E+07   0.318591865113E+07   0.131506937927E+01   0.999652777778E+01
        847   0.464472490710E+07   0.318471634691E+07   0.131062454102E+01   0.100000000000E+02
        898   0.464532088541E+07   0.318490150312E+07   0.132766119000E+01   0.100000000000E+02
        836   0.463514551424E+07   0.319234812983E+07   0.129482492158E+01   0.100000000000E+02
        835   0.463416486285E+07   0.319432690448E+07   0.129736957208E+01   0.100000000000E+02
        760   0.466681243304E+07   0.317295084839E+07   0.133308945201E+01   0.100000000000E+02
        777   0.466643957699E+07   0.317360853965E+07   0.133249776119E+01   0.100000000000E+02
        775   0.466612732821E+07   0.317330001698E+07   0.133078350847E+01   0.100000000000E+02
        874   0.462420115607E+07   0.320385048564E+07   0.130994349996E+01   0.100000000000E+02
        928   0.462502836043E+07   0.320342181724E+07   0.131089206705E+01   0.100000000000E+02
        929   0.462451197368E+07   0.320428459433E+07   0.131055661382E+01   0.100000000000E+02
        832   0.462577026099E+07   0.320070213660E+07   0.131166161546E+01   0.100000000000E+02
        878   0.462636627633E+07   0.320072352494E+07   0.131185865246E+01   0.100000000000E+02
        877   0.462564735450E+07   0.320149686049E+07   0.131195348208E+01   0.100000000000E+02
        932   0.462820598155E+07   0.320010800937E+07   0.131577565895E+01   0.100000000000E+02
        933   0.462879283584E+07   0.319936255925E+07   0.131982758133E+01   0.100000000000E+02
        879   0.462733794253E+07   0.320002545512E+07   0.131101809859E+01   0.100000000000E+02
        931   0.462764527243E+07   0.320040179340E+07   0.131228820570E+01   0.100000000000E+02
        935   0.462698232333E+07   0.320101369678E+07   0.131098166019E+01   0.100000000000E+02
        934   0.462618978806E+07   0.320177083002E+07   0.131241910443E+01   0.100000000000E+02
        994   0.462582953722E+07   0.320289276381E+07   0.131233634279E+01   0.100000000000E+02
        995   0.462530623758E+07   0.320410103089E+07   0.131197734858E+01   0.100000000000E+02
        798   0.462355693588E+07   0.320318269922E+07   0.130924804297E+01   0.100000000000E+02
        797   0.462370092048E+07   0.320249292876E+07   0.130897871686E+01   0.100000000000E+02
        828   0.462445174654E+07   0.320227901010E+07   0.130968372567E+01   0.100000000000E+02
        996   0.462551605349E+07   0.320479718671E+07   0.131221422675E+01   0.100000000000E+02
        993   0.462497578857E+07   0.320502754664E+07   0.131166753947E+01   0.100000000000E+02
        927   0.462541685222E+07   0.320244561377E+07   0.131181421685E+01   0.100000000000E+02
        872   0.462503755073E+07   0.320210408308E+07   0.131084099712E+01   0.100000000000E+02
       1347   0.460148095039E+07   0.325627114875E+07   0.130607636184E+01   0.100000000000E+02
       1391   0.460247388706E+07   0.325463501200E+07   0.130486398350E+01   0.100000000000E+02
       1591   0.460439000184E+07   0.323666328515E+07   0.128860638476E+01   0.100000000000E+02
       1576   0.460400508786E+07   0.323647187548E+07   0.128759152379E+01   0.100000000000E+02
       1468   0.460561372704E+07   0.323138457014E+07   0.128418131171E+01   0.100000000000E+02
       1508   0.460550627044E+07   0.323205319678E+07   0.128423481037E+01   0.100000000000E+02
       1509   0.460496649058E+07   0.323220651580E+07   0.128391523219E+01   0.100000000000E+02
       1579   0.460528398287E+07   0.323573932651E+07   0.128813300663E+01   0.100000000000E+02
       1618   0.460287879629E+07   0.324026119568E+07   0.128768452129E+01   0.100000000000E+02
       1612   0.460203222265E+07   0.324021260865E+07   0.128709914787E+01   0.100000000000E+02
       1613   0.460556933539E+07   0.323907033021E+07   0.129079959075E+01   0.100000000000E+02
       1614   0.460416259619E+07   0.323906634285E+07   0.128864052376E+01   0.100000000000E+02
       1632   0.459999379880E+07   0.324399113617E+07   0.128850827399E+01   0.100000000000E+02
       1631   0.460063307971E+07   0.324398301029E+07   0.128907313798E+01   0.100000000000E+02
       1635   0.459998776704E+07   0.324457691121E+07   0.128864461549E+01   0.100000000000E+02
       1609   0.460616131092E+07   0.324046853091E+07   0.129204488080E+01   0.100000000000E+02
       1604   0.460781802675E+07   0.323809494672E+07   0.129557784309E+01   0.100000000000E+02
       1646   0.459880232420E+07   0.324685099619E+07   0.128812419777E+01   0.100000000000E+02
       1644   0.459875682983E+07   0.324623312022E+07   0.128775765790E+01   0.100000000000E+02
       1610   0.460366907740E+07   0.324403897130E+07   0.129213003428E+01   0.100000000000E+02
       1615   0.460464846529E+07   0.324250837301E+07   0.129088385721E+01   0.100000000000E+02
       1607   0.460465401425E+07   0.324379956713E+07   0.129289101353E+01   0.100000000000E+02
       1640   0.459957046228E+07   0.324544757335E+07   0.128782777486E+01   0.100000000000E+02
       1637   0.459951733570E+07   0.324470078907E+07   0.128790469952E+01   0.100000000000E+02
       1619   0.460172661124E+07   0.324124459547E+07   0.128721039936E+01   0.100000000000E+02
       1602   0.460222594378E+07   0.323926586046E+07   0.128658487006E+01   0.100000000000E+02
       1601   0.460277332054E+07   0.323841208701E+07   0.128671790688E+01   0.100000000000E+02
       1536   0.460598750877E+07   0.323214916343E+07   0.128462739715E+01   0.100000000000E+02
       1537   0.460490248489E+07   0.323313809166E+07   0.128445789191E+01   0.100000000000E+02
       1559   0.460586046511E+07   0.323332059711E+07   0.128548138406E+01   0.100000000000E+02
       1500   0.461470033822E+07   0.322441879024E+07   0.129258561830E+01   0.100000000000E+02
       1459   0.461538030348E+07   0.322179185197E+07   0.129459902750E+01   0.100000000000E+02
       1465   0.460825854942E+07   0.322948467096E+07   0.128848050296E+01   0.100000000000E+02
       1505   0.460816847077E+07   0.323015874906E+07   0.128760079340E+01   0.100000000000E+02
       1504   0.460764894310E+07   0.323036693533E+07   0.128666314639E+01   0.100000000000E+02
       1265   0.461946680814E+07   0.321437642286E+07   0.130827172985E+01   0.100000000000E+02
       1266   0.461986599466E+07   0.321356791201E+07   0.130788520439E+01   0.100000000000E+02
       1299   0.462037381748E+07   0.321383742013E+07   0.130924121467E+01   0.100000000000E+02
       1552   0.461986760159E+07   0.323013008807E+07   0.131437081274E+01   0.100000000000E+02
       1458   0.461383803205E+07   0.322331624106E+07   0.129243878696E+01   0.100000000000E+02
       1499   0.461270345731E+07   0.322549316427E+07   0.129185523970E+01   0.100000000000E+02
       1457   0.461239785602E+07   0.322424539501E+07   0.129050646989E+01   0.100000000000E+02
       1412   0.461508112463E+07   0.322043403407E+07   0.129464379911E+01   0.100000000000E+02
       1327   0.461665066580E+07   0.321795482084E+07   0.129814667886E+01   0.100000000000E+02
       1466   0.460878592238E+07   0.322932097313E+07   0.128901169363E+01   0.100000000000E+02
       1539   0.460449318590E+07   0.323442385535E+07   0.128560822620E+01   0.100000000000E+02
       1364   0.460885467642E+07   0.322719823922E+07   0.128734712250E+01   0.100000000000E+02
       1339   0.460838603648E+07   0.322700642814E+07   0.128700199905E+01   0.100000000000E+02
       1326   0.460908519828E+07   0.322633034493E+07   0.128701402705E+01   0.100000000000E+02
       1531   0.461312285736E+07   0.322710799400E+07   0.129141785725E+01   0.100000000000E+02
       1177   0.462147035411E+07   0.321005920164E+07   0.131417226265E+01   0.100000000000E+02
       1179   0.462228658344E+07   0.320945630691E+07   0.131426934893E+01   0.100000000000E+02
       1226   0.462168947195E+07   0.321045146114E+07   0.131435461650E+01   0.100000000000E+02
       1229   0.461982710432E+07   0.321294017104E+07   0.130740438359E+01   0.100000000000E+02
       1225   0.461929011940E+07   0.321374929471E+07   0.130765653846E+01   0.100000000000E+02
       1510   0.460686475539E+07   0.323106140168E+07   0.128444736769E+01   0.100000000000E+02
       1470   0.460671632363E+07   0.323057053023E+07   0.128413577935E+01   0.100000000000E+02
       1471   0.460741586734E+07   0.323000934731E+07   0.128455564620E+01   0.100000000000E+02
       1184   0.462593258137E+07   0.320605732727E+07   0.131646317010E+01   0.100000000000E+02
       1188   0.462561928591E+07   0.320682091698E+07   0.131694829504E+01   0.100000000000E+02
       1124   0.462531443766E+07   0.320641208974E+07   0.131644379160E+01   0.100000000000E+02
       1053   0.462503239512E+07   0.320557113558E+07   0.131174746566E+01   0.100000000000E+02
        992   0.462443521224E+07   0.320574529561E+07   0.131119604656E+01   0.100000000000E+02
       1051   0.462383536310E+07   0.320660231104E+07   0.131132424868E+01   0.100000000000E+02
       1052   0.462442183999E+07   0.320631424586E+07   0.131160436316E+01   0.100000000000E+02
       1121   0.462403447857E+07   0.320708895725E+07   0.131355729632E+01   0.100000000000E+02
       1178   0.462302556639E+07   0.320874754574E+07   0.131452937285E+01   0.100000000000E+02
       1227   0.462285800587E+07   0.320941050490E+07   0.131387443269E+01   0.100000000000E+02
       1181   0.462097216315E+07   0.321081299276E+07   0.131363069747E+01   0.100000000000E+02
       1123   0.462482393980E+07   0.320642038302E+07   0.131328402549E+01   0.100000000000E+02
       1125   0.462647851397E+07   0.320382477237E+07   0.131290747385E+01   0.100000000000E+02
       1058   0.462708231556E+07   0.320276135917E+07   0.131238774087E+01   0.100000000000E+02
       1128   0.462726414530E+07   0.320334891112E+07   0.131432754602E+01   0.100000000000E+02
       1187   0.462512536524E+07   0.320665719217E+07   0.131629098929E+01   0.100000000000E+02
       1186   0.462436712628E+07   0.320737070293E+07   0.131493392819E+01   0.100000000000E+02
       1419   0.462581903390E+07   0.321366526980E+07   0.132640021133E+01   0.100000000000E+02
       1300   0.462227659573E+07   0.321139559010E+07   0.131331768585E+01   0.100000000000E+02
       1270   0.462147151542E+07   0.321174299346E+07   0.131348480343E+01   0.100000000000E+02
       1267   0.462189510631E+07   0.321089059583E+07   0.131359872945E+01   0.100000000000E+02
       1230   0.462109900386E+07   0.321142713459E+07   0.131357169831E+01   0.100000000000E+02
       1302   0.462326586978E+07   0.321105037676E+07   0.131610108179E+01   0.100000000000E+02
       1334   0.462382762957E+07   0.321173455864E+07   0.131705439890E+01   0.100000000000E+02
       1333   0.462246419319E+07   0.321238490862E+07   0.131437832642E+01   0.100000000000E+02
       1269   0.462046159321E+07   0.321272106041E+07   0.130885636940E+01   0.100000000000E+02
       1180   0.461901832346E+07   0.321328653631E+07   0.130728885598E+01   0.100000000000E+02
       1330   0.461909207141E+07   0.321611892480E+07   0.130826139669E+01   0.100000000000E+02
       1296   0.461880552051E+07   0.321536609584E+07   0.130756688586E+01   0.100000000000E+02
       1298   0.461960064592E+07   0.321499442392E+07   0.130844229614E+01   0.100000000000E+02
       1295   0.461772013964E+07   0.321684720740E+07   0.130178713492E+01   0.100000000000E+02
       1331   0.462030278990E+07   0.321513265207E+07   0.130874320832E+01   0.100000000000E+02
       1263   0.461890458520E+07   0.321451942695E+07   0.130778581863E+01   0.100000000000E+02
       1530   0.461117755922E+07   0.322917809614E+07   0.129068273167E+01   0.100000000000E+02
       1460   0.461730783029E+07   0.322036488165E+07   0.129967384926E+01   0.100000000000E+02
       1503   0.462233902295E+07   0.322124101747E+07   0.131436625308E+01   0.100000000000E+02
       1418   0.462310002646E+07   0.321556928407E+07   0.131604592100E+01   0.100000000000E+02
       1372   0.462139849573E+07   0.321539621164E+07   0.130894237325E+01   0.100000000000E+02
       1373   0.462282041416E+07   0.321360524528E+07   0.131544178552E+01   0.100000000000E+02
       1371   0.461980031926E+07   0.321666464931E+07   0.130848978431E+01   0.100000000000E+02
       1233   0.462316816216E+07   0.320969115523E+07   0.131436680139E+01   0.100000000000E+02
       1271   0.462298400005E+07   0.321049250912E+07   0.131429447678E+01   0.100000000000E+02
       1268   0.462255876718E+07   0.321033165825E+07   0.131332887072E+01   0.100000000000E+02
       1417   0.462068878608E+07   0.321751788113E+07   0.130845526051E+01   0.100000000000E+02
       1332   0.462143126063E+07   0.321383425340E+07   0.131200048151E+01   0.100000000000E+02
       1307   0.462875639128E+07   0.320634106342E+07   0.131848857972E+01   0.100000000000E+02
       1308   0.463012244462E+07   0.320647242386E+07   0.132043970030E+01   0.100000000000E+02
       1313   0.463084832438E+07   0.321016593468E+07   0.132678878117E+01   0.100000000000E+02
       1398   0.463024696034E+07   0.321417783458E+07   0.132962963593E+01   0.100000000000E+02
       1463   0.462426755253E+07   0.321729082854E+07   0.131690707572E+01   0.100000000000E+02
       1374   0.462460101999E+07   0.321269981079E+07   0.131874638806E+01   0.100000000000E+02
       1316   0.463324875797E+07   0.321076114375E+07   0.133401534034E+01   0.100000000000E+02
       1353   0.463192000366E+07   0.321240057000E+07   0.133349150681E+01   0.100000000000E+02
       1315   0.463207019713E+07   0.321082790650E+07   0.133709158529E+01   0.100000000000E+02
       1399   0.463167598026E+07   0.321465077371E+07   0.133092294194E+01   0.100000000000E+02
       1401   0.463621450817E+07   0.321380039262E+07   0.133297788703E+01   0.100000000000E+02
       1403   0.463815732560E+07   0.322158686804E+07   0.132374101141E+01   0.100000000000E+02
       1314   0.463093637379E+07   0.321122225083E+07   0.132457473138E+01   0.100000000000E+02
       1491   0.462593989706E+07   0.321902344331E+07   0.132142416032E+01   0.100000000000E+02
       1447   0.462931034218E+07   0.321720620628E+07   0.132539795953E+01   0.100000000000E+02
       1492   0.462773733512E+07   0.322119263727E+07   0.131868017200E+01   0.100000000000E+02
       1446   0.462824545016E+07   0.321591654102E+07   0.132725907183E+01   0.100000000000E+02
       1400   0.463366567195E+07   0.321404651071E+07   0.133286304512E+01   0.100000000000E+02
       1526   0.462336802568E+07   0.322406919090E+07   0.131514879520E+01   0.100000000000E+02
       1584   0.461094377779E+07   0.324002449773E+07   0.130113710238E+01   0.100000000000E+02
       1567   0.460908547905E+07   0.324411655420E+07   0.129949343669E+01   0.100000000000E+02
       1585   0.460787631034E+07   0.324309106181E+07   0.129907526598E+01   0.100000000000E+02
       1476   0.461744948725E+07   0.324299648449E+07   0.131871980623E+01   0.100000000000E+02
       1513   0.461792509028E+07   0.324057546715E+07   0.131790451307E+01   0.100000000000E+02
       1497   0.461998326326E+07   0.324042286680E+07   0.132160009529E+01   0.100000000000E+02
       1516   0.461222148132E+07   0.324731949601E+07   0.130836286505E+01   0.100000000000E+02
       1484   0.461105134161E+07   0.324965340252E+07   0.130530984404E+01   0.100000000000E+02
       1451   0.463265823251E+07   0.322949010488E+07   0.132125747241E+01   0.100000000000E+02
       1546   0.460740756984E+07   0.324719292821E+07   0.129853455760E+01   0.100000000000E+02
       1547   0.460950117264E+07   0.324640074332E+07   0.129898972872E+01   0.100000000000E+02
       1477   0.461554055360E+07   0.324478512872E+07   0.131199496434E+01   0.100000000000E+02
       1514   0.461576949684E+07   0.324266581115E+07   0.130954219132E+01   0.100000000000E+02
       1544   0.461172976202E+07   0.324556220347E+07   0.130437993066E+01   0.100000000000E+02
       1565   0.461159240402E+07   0.324284093629E+07   0.130041598816E+01   0.100000000000E+02
       1543   0.461392424148E+07   0.324246023935E+07   0.130259126142E+01   0.100000000000E+02
       1529   0.461998297380E+07   0.323715815381E+07   0.131954421917E+01   0.100000000000E+02
       1598   0.460360520555E+07   0.324474205742E+07   0.129266523647E+01   0.100000000000E+02
       1594   0.460395460797E+07   0.324498875706E+07   0.129356751392E+01   0.100000000000E+02
       1589   0.460933339926E+07   0.323508676032E+07   0.129064895354E+01   0.100000000000E+02
       1588   0.460782879500E+07   0.323445185899E+07   0.128898600682E+01   0.100000000000E+02
       1571   0.460928737154E+07   0.323281275157E+07   0.128808413274E+01   0.100000000000E+02
       1590   0.461065374680E+07   0.323698684748E+07   0.130110179643E+01   0.100000000000E+02
       1597   0.460800704664E+07   0.324056772566E+07   0.129891569774E+01   0.100000000000E+02
       1583   0.460578936890E+07   0.324531213114E+07   0.129817440725E+01   0.100000000000E+02
       1566   0.460678475911E+07   0.324591083556E+07   0.129897618871E+01   0.100000000000E+02
       1562   0.460536289600E+07   0.324712535611E+07   0.129813760614E+01   0.100000000000E+02
       1629   0.460143855338E+07   0.324381320881E+07   0.128904619903E+01   0.100000000000E+02
       1626   0.460202037083E+07   0.324412462095E+07   0.128930934810E+01   0.100000000000E+02
       1630   0.460121225043E+07   0.324477679192E+07   0.128922446138E+01   0.100000000000E+02
       1442   0.460219229456E+07   0.324936364767E+07   0.129292750113E+01   0.100000000000E+02
       1487   0.460284553444E+07   0.324845035387E+07   0.129280035452E+01   0.100000000000E+02
       1441   0.460282916220E+07   0.324916663918E+07   0.129287620775E+01   0.100000000000E+02
       1627   0.460142974040E+07   0.324291800583E+07   0.128712321167E+01   0.100000000000E+02
       1621   0.460373943676E+07   0.324219189923E+07   0.129015753477E+01   0.100000000000E+02
       1616   0.460481795623E+07   0.324094167841E+07   0.128993419084E+01   0.100000000000E+02
       1472   0.460347377859E+07   0.324818430611E+07   0.129431727716E+01   0.100000000000E+02
       1652   0.460123956094E+07   0.325213100003E+07   0.129600395271E+01   0.100000000000E+02
       1393   0.460063018295E+07   0.325173284152E+07   0.129536371206E+01   0.100000000000E+02
       1394   0.460143858969E+07   0.325103998083E+07   0.129435276650E+01   0.100000000000E+02
       1639   0.460018213718E+07   0.324616925728E+07   0.128858211650E+01   0.100000000000E+02
       1638   0.460018729682E+07   0.324543764294E+07   0.128868162187E+01   0.100000000000E+02
       1475   0.460350124774E+07   0.324904890778E+07   0.129404698395E+01   0.100000000000E+02
       1344   0.460054150054E+07   0.325459691558E+07   0.130050388415E+01   0.100000000000E+02
       1427   0.460209025397E+07   0.325184985498E+07   0.129695338827E+01   0.100000000000E+02
       1426   0.460205800237E+07   0.325098712352E+07   0.129407927747E+01   0.100000000000E+02
       1474   0.460275203551E+07   0.325074815705E+07   0.129601035798E+01   0.100000000000E+02
       1438   0.460353403196E+07   0.325271561402E+07   0.130264283413E+01   0.100000000000E+02
       1440   0.460452727951E+07   0.325370923917E+07   0.130513184576E+01   0.100000000000E+02
       1515   0.461384566997E+07   0.324492843982E+07   0.130830474369E+01   0.100000000000E+02
       1483   0.460902588796E+07   0.325233133260E+07   0.130009545805E+01   0.100000000000E+02
       1519   0.460593693767E+07   0.324941062568E+07   0.129930451127E+01   0.100000000000E+02
       1324   0.461629947284E+07   0.325043981056E+07   0.132465490571E+01   0.100000000000E+02
       1363   0.461895141683E+07   0.324906135711E+07   0.132940483708E+01   0.100000000000E+02
       1325   0.461626036452E+07   0.325288657034E+07   0.132905494016E+01   0.100000000000E+02
       1362   0.461769190682E+07   0.324803052112E+07   0.132543545164E+01   0.100000000000E+02
       1361   0.461617771780E+07   0.324851496371E+07   0.132174041338E+01   0.100000000000E+02
       1404   0.461750617341E+07   0.324626988799E+07   0.132014091497E+01   0.100000000000E+02
        987   0.467036330700E+07   0.317470102315E+07   0.133395351320E+01   0.999652777778E+01
       1108   0.466791092805E+07   0.317832293943E+07   0.133352473443E+01   0.100000000000E+02
       1172   0.466545444245E+07   0.318031098750E+07   0.133900067408E+01   0.100000000000E+02
       1105   0.466485974993E+07   0.317940378475E+07   0.135646765407E+01   0.999652777778E+01
        982   0.466481228961E+07   0.317713693196E+07   0.137358129803E+01   0.999652777778E+01
        985   0.466698138309E+07   0.317688656087E+07   0.132586667776E+01   0.999652777778E+01
        980   0.466384776702E+07   0.317695705148E+07   0.134787509609E+01   0.999652777778E+01
        918   0.466440738098E+07   0.317604734605E+07   0.133479533863E+01   0.999652777778E+01
        919   0.466454979115E+07   0.317644185497E+07   0.134504523220E+01   0.100000000000E+02
       1106   0.466591733767E+07   0.317890129559E+07   0.134249950397E+01   0.999652777778E+01
        823   0.466552734037E+07   0.317510057984E+07   0.133207203820E+01   0.100000000000E+02
        824   0.466616993243E+07   0.317492094427E+07   0.133359235458E+01   0.100000000000E+02
        867   0.466565175710E+07   0.317572840929E+07   0.133269615864E+01   0.999652777778E+01
       1043   0.466588826424E+07   0.317783115736E+07   0.134684615492E+01   0.100000000000E+02
        983   0.466545430456E+07   0.317687741386E+07   0.133920732409E+01   0.100000000000E+02
        827   0.466801937898E+07   0.317366525754E+07   0.132583421543E+01   0.100000000000E+02
        870   0.466910395410E+07   0.317310728086E+07   0.132720011924E+01   0.100000000000E+02
        868   0.466726626733E+07   0.317491498475E+07   0.132576929709E+01   0.100000000000E+02
        825   0.466723610929E+07   0.317354159992E+07   0.132446045453E+01   0.100000000000E+02
        826   0.466815136324E+07   0.317246913254E+07   0.132501491765E+01   0.100000000000E+02
        793   0.466583919689E+07   0.317398120156E+07   0.133086648452E+01   0.100000000000E+02
        866   0.466504454784E+07   0.317577519656E+07   0.133273168821E+01   0.999652777778E+01
        795   0.466600068219E+07   0.317438678721E+07   0.133162702012E+01   0.100000000000E+02
        796   0.466659748123E+07   0.317408736611E+07   0.133498685638E+01   0.100000000000E+02
        759   0.466679693702E+07   0.317244648862E+07   0.133181465289E+01   0.100000000000E+02
        776   0.466615699517E+07   0.317262884076E+07   0.133081656910E+01   0.100000000000E+02
        966   0.466297814703E+07   0.317657812705E+07   0.137762068871E+01   0.999652777778E+01
        981   0.466426084021E+07   0.317718492349E+07   0.140193953809E+01   0.100000000000E+02
        965   0.466371521958E+07   0.317639535325E+07   0.135311261661E+01   0.100000000000E+02
        905   0.466426297545E+07   0.317563515216E+07   0.133148395931E+01   0.100000000000E+02
        920   0.466502305603E+07   0.317635948431E+07   0.133363084748E+01   0.999652777778E+01
        974   0.466022099793E+07   0.317754759674E+07   0.134610152123E+01   0.100000000000E+02
        864   0.465872247734E+07   0.317745278380E+07   0.132851489872E+01   0.100000000000E+02
        863   0.465624885775E+07   0.317914172246E+07   0.135080652287E+01   0.999652777778E+01
        915   0.465576767797E+07   0.317993886651E+07   0.140124943333E+01   0.999652777778E+01
        916   0.465640578231E+07   0.317948781625E+07   0.133053925342E+01   0.100000000000E+02
        977   0.465702095602E+07   0.317953270657E+07   0.140116968043E+01   0.999305555556E+01
       1218   0.465973165388E+07   0.318412785137E+07   0.133480133896E+01   0.999652777778E+01
       1173   0.466668481245E+07   0.318012245032E+07   0.133781141646E+01   0.100000000000E+02
       1262   0.466161529762E+07   0.318754932039E+07   0.133192752636E+01   0.100000000000E+02
       1217   0.465062037540E+07   0.318933673150E+07   0.133602571655E+01   0.999652777778E+01
       1034   0.465446161596E+07   0.318195387026E+07   0.140178482251E+01   0.999652777778E+01
       1156   0.464908467403E+07   0.318683108182E+07   0.137424348994E+01   0.999652777778E+01
       1293   0.465650333176E+07   0.319500890021E+07   0.133037570658E+01   0.100000000000E+02
       1360   0.464224126274E+07   0.321569948268E+07   0.133635757883E+01   0.100000000000E+02
       1357   0.463964008619E+07   0.320961601056E+07   0.133360374842E+01   0.100000000000E+02
       1283   0.463315900745E+07   0.320981585224E+07   0.133451375294E+01   0.100000000000E+02
       1284   0.463416099127E+07   0.320898865258E+07   0.133100593434E+01   0.100000000000E+02
       1148   0.463563761350E+07   0.320497420514E+07   0.132434919606E+01   0.100000000000E+02
       1149   0.463625076999E+07   0.320419108276E+07   0.132301307571E+01   0.100000000000E+02
       1143   0.463372902069E+07   0.320714424047E+07   0.132641703800E+01   0.100000000000E+02
       1144   0.463318219248E+07   0.320795515155E+07   0.132644359471E+01   0.100000000000E+02
       1080   0.463420504008E+07   0.320646442969E+07   0.132642805742E+01   0.100000000000E+02
       1078   0.463324196857E+07   0.320728137440E+07   0.132618788809E+01   0.100000000000E+02
       1077   0.463372250949E+07   0.320645547287E+07   0.132604234088E+01   0.100000000000E+02
       1154   0.464189125898E+07   0.319675565474E+07   0.133199540312E+01   0.100000000000E+02
        810   0.464034398160E+07   0.319328124869E+07   0.132036624731E+01   0.100000000000E+02
       1089   0.464834853123E+07   0.318601587338E+07   0.132201345953E+01   0.100000000000E+02
        855   0.465387429719E+07   0.317942335657E+07   0.132300155181E+01   0.100000000000E+02
        820   0.465443899582E+07   0.317870826192E+07   0.132750417612E+01   0.999652777778E+01
        949   0.463766602409E+07   0.319914974971E+07   0.134839099706E+01   0.100000000000E+02
        950   0.463800185830E+07   0.319938999487E+07   0.137827828180E+01   0.100000000000E+02
        948   0.463777488933E+07   0.319845793786E+07   0.134763603344E+01   0.100000000000E+02
       1012   0.463707100851E+07   0.319929083928E+07   0.133435833684E+01   0.100000000000E+02
        892   0.463822336225E+07   0.319858524050E+07   0.137737315664E+01   0.100000000000E+02
        944   0.463866540493E+07   0.319616407901E+07   0.131905583321E+01   0.100000000000E+02
        947   0.463811721257E+07   0.319718932869E+07   0.132174454795E+01   0.100000000000E+02
       1066   0.463413564662E+07   0.319824587722E+07   0.131308512726E+01   0.100000000000E+02
       1245   0.463279425128E+07   0.320318139076E+07   0.131731574540E+01   0.100000000000E+02
       1197   0.463248325759E+07   0.320226043950E+07   0.131802158015E+01   0.100000000000E+02
       1137   0.463306383196E+07   0.320100377141E+07   0.132014521162E+01   0.100000000000E+02
       1136   0.463207841907E+07   0.320155735029E+07   0.131946211027E+01   0.100000000000E+02
       1131   0.463175830118E+07   0.320103823331E+07   0.132027307274E+01   0.100000000000E+02
       1244   0.463156620813E+07   0.320358188737E+07   0.132284691105E+01   0.100000000000E+02
       1072   0.463449892918E+07   0.320505290747E+07   0.131944369852E+01   0.100000000000E+02
       1079   0.463425278606E+07   0.320576529745E+07   0.132648621462E+01   0.100000000000E+02
       1015   0.463321216459E+07   0.320649160723E+07   0.132568267198E+01   0.100000000000E+02
       1016   0.463380001487E+07   0.320561788638E+07   0.132585346669E+01   0.100000000000E+02
       1282   0.463152391838E+07   0.320745158806E+07   0.132210347782E+01   0.100000000000E+02
       1309   0.463037130219E+07   0.320779075699E+07   0.131906225137E+01   0.100000000000E+02
       1190   0.462787437565E+07   0.320341090800E+07   0.131606415047E+01   0.100000000000E+02
       1277   0.462835458939E+07   0.320501435602E+07   0.131748419759E+01   0.100000000000E+02
       1132   0.463098439079E+07   0.320157265509E+07   0.131901888764E+01   0.100000000000E+02
       1133   0.463042421222E+07   0.320224673860E+07   0.131805336257E+01   0.100000000000E+02
       1335   0.462703808942E+07   0.320850832544E+07   0.131701663734E+01   0.100000000000E+02
       1375   0.462660286906E+07   0.321076016638E+07   0.131690372478E+01   0.100000000000E+02
       1336   0.462539618423E+07   0.321047790664E+07   0.131607252447E+01   0.100000000000E+02
       1234   0.462513049339E+07   0.320754527187E+07   0.131703722343E+01   0.100000000000E+02
       1191   0.462873777773E+07   0.320285833813E+07   0.131631391388E+01   0.100000000000E+02
       1304   0.462635997463E+07   0.320788359281E+07   0.131755479865E+01   0.100000000000E+02
       1055   0.462590539981E+07   0.320415851261E+07   0.131206798681E+01   0.100000000000E+02
       1272   0.462714664342E+07   0.320580158506E+07   0.131771942520E+01   0.100000000000E+02
       1061   0.462963056976E+07   0.320206239384E+07   0.132268677978E+01   0.100000000000E+02
       1059   0.462893607382E+07   0.320143921765E+07   0.131831306787E+01   0.100000000000E+02
       1000   0.462930993999E+07   0.320055167730E+07   0.131767817950E+01   0.100000000000E+02
       1069   0.463268310086E+07   0.320046250743E+07   0.132066759616E+01   0.100000000000E+02
        937   0.463065300008E+07   0.320014433392E+07   0.131771127114E+01   0.100000000000E+02
       1062   0.463221568638E+07   0.320005914766E+07   0.132194214161E+01   0.100000000000E+02
       1003   0.463167037770E+07   0.320007076370E+07   0.132011033147E+01   0.100000000000E+02
       1065   0.463297356651E+07   0.319940269061E+07   0.132206441617E+01   0.100000000000E+02
       1006   0.463323841385E+07   0.319821822860E+07   0.130633109826E+01   0.100000000000E+02
        938   0.463297149573E+07   0.319747871529E+07   0.130037299511E+01   0.100000000000E+02
        883   0.463588048698E+07   0.319325898845E+07   0.128328157642E+01   0.100000000000E+02
        802   0.463302428789E+07   0.319478721144E+07   0.130061987079E+01   0.100000000000E+02
        882   0.463467247919E+07   0.319491611752E+07   0.130037171260E+01   0.100000000000E+02
        837   0.463709571814E+07   0.319057400051E+07   0.130020668567E+01   0.100000000000E+02
        903   0.464206403500E+07   0.319055194955E+07   0.131252610828E+01   0.100000000000E+02
        851   0.464178816591E+07   0.318922471515E+07   0.130698514011E+01   0.999652777778E+01
        819   0.464102629524E+07   0.319106178109E+07   0.132433466874E+01   0.100000000000E+02
        843   0.463899336185E+07   0.319366240999E+07   0.132001288494E+01   0.100000000000E+02
        890   0.463843627672E+07   0.319441840215E+07   0.131576529738E+01   0.100000000000E+02
        943   0.463846257321E+07   0.319570471519E+07   0.131373519626E+01   0.100000000000E+02
        886   0.463912897661E+07   0.319530317285E+07   0.131497298420E+01   0.100000000000E+02
        887   0.463976314335E+07   0.319509154533E+07   0.132514385718E+01   0.100000000000E+02
        840   0.464063894903E+07   0.319377426239E+07   0.132945404151E+01   0.100000000000E+02
        963   0.464255671427E+07   0.319130634754E+07   0.132229618285E+01   0.999652777778E+01
        962   0.464287081181E+07   0.319003357829E+07   0.132050679353E+01   0.999652777778E+01
        961   0.464336928983E+07   0.318875148829E+07   0.136526551728E+01   0.100000000000E+02
        894   0.464845638660E+07   0.318299262149E+07   0.144320391558E+01   0.999652777778E+01
        893   0.464970788221E+07   0.318226757625E+07   0.153099129763E+01   0.999652777778E+01
        897   0.464356454921E+07   0.318617957308E+07   0.131232791061E+01   0.100000000000E+02
        846   0.464428394891E+07   0.318442850249E+07   0.130854889353E+01   0.100000000000E+02
        901   0.464266642268E+07   0.318800355304E+07   0.131651269327E+01   0.999652777778E+01
        848   0.464203987378E+07   0.318695931343E+07   0.130886683568E+01   0.100000000000E+02
        845   0.464313855679E+07   0.318540984228E+07   0.130953941922E+01   0.100000000000E+02
        812   0.464326036801E+07   0.318423598849E+07   0.130682476733E+01   0.100000000000E+02
        876   0.462806697129E+07   0.319965107128E+07   0.131361381635E+01   0.100000000000E+02
        831   0.462505463498E+07   0.320138092159E+07   0.131100395238E+01   0.100000000000E+02
       1054   0.462622900903E+07   0.320327481658E+07   0.131225104184E+01   0.100000000000E+02
        799   0.462513341839E+07   0.320070832107E+07   0.131117401153E+01   0.100000000000E+02
        873   0.462470726883E+07   0.320289557395E+07   0.131058484878E+01   0.100000000000E+02
        829   0.462412128209E+07   0.320313144368E+07   0.130958722361E+01   0.100000000000E+02
        830   0.462362847023E+07   0.320383341956E+07   0.130954118974E+01   0.100000000000E+02
        930   0.462454004668E+07   0.320498462077E+07   0.131104586520E+01   0.100000000000E+02
       1126   0.462599138010E+07   0.320457523206E+07   0.131561599157E+01   0.100000000000E+02
       1120   0.462523777646E+07   0.320589316729E+07   0.131586925936E+01   0.100000000000E+02
       1183   0.462593196795E+07   0.320539632370E+07   0.131591412255E+01   0.100000000000E+02
        925   0.462402198162E+07   0.320512148052E+07   0.131030662895E+01   0.100000000000E+02
        990   0.462393356741E+07   0.320583077998E+07   0.131078370866E+01   0.100000000000E+02
       1117   0.462041391581E+07   0.321100740096E+07   0.131340053839E+01   0.100000000000E+02
       1050   0.461923078915E+07   0.321225082367E+07   0.131287432685E+01   0.100000000000E+02
       1048   0.461924079253E+07   0.321150829025E+07   0.131259326618E+01   0.100000000000E+02
       1174   0.461824955844E+07   0.321365279694E+07   0.130770589455E+01   0.100000000000E+02
       1224   0.461790468150E+07   0.321454667301E+07   0.130746728165E+01   0.100000000000E+02
       1175   0.461750526290E+07   0.321422755342E+07   0.130779338951E+01   0.100000000000E+02
       1111   0.461676161556E+07   0.321470275695E+07   0.130741900430E+01   0.100000000000E+02
       1176   0.461707348698E+07   0.321516398706E+07   0.130733205782E+01   0.100000000000E+02
       1110   0.461756755257E+07   0.321345509653E+07   0.130838941936E+01   0.100000000000E+02
       1109   0.461832930236E+07   0.321285026356E+07   0.130839566454E+01   0.100000000000E+02
       1395   0.460868428468E+07   0.322798716673E+07   0.128773769669E+01   0.100000000000E+02
       1420   0.460824546300E+07   0.322886094406E+07   0.128811761471E+01   0.100000000000E+02
       1377   0.460817764289E+07   0.322784190558E+07   0.128737477469E+01   0.100000000000E+02
       1423   0.460687004386E+07   0.322995373246E+07   0.128407890582E+01   0.100000000000E+02
       1421   0.460661786630E+07   0.322961879286E+07   0.128383438379E+01   0.100000000000E+02
       1379   0.460725952306E+07   0.322912124379E+07   0.128417726385E+01   0.100000000000E+02
       1378   0.460703925043E+07   0.322868467407E+07   0.128378417669E+01   0.100000000000E+02
       1556   0.460408299029E+07   0.323555070707E+07   0.128647155383E+01   0.100000000000E+02
       1469   0.460512338123E+07   0.323147489320E+07   0.128388557909E+01   0.100000000000E+02
       1422   0.460561288339E+07   0.323084568328E+07   0.128426191457E+01   0.100000000000E+02
       1507   0.460616118984E+07   0.323128219804E+07   0.128427700992E+01   0.100000000000E+02
       1467   0.460619302662E+07   0.323055196793E+07   0.128427507319E+01   0.100000000000E+02
       1506   0.460871082371E+07   0.322998106367E+07   0.129026266402E+01   0.100000000000E+02
       1538   0.460667484078E+07   0.323194379425E+07   0.128494585652E+01   0.100000000000E+02
       1628   0.460049063533E+07   0.324328481280E+07   0.128753898341E+01   0.100000000000E+02
       1636   0.460019780089E+07   0.324488521467E+07   0.128816964464E+01   0.100000000000E+02
       1641   0.459913188804E+07   0.324539620641E+07   0.128738062277E+01   0.100000000000E+02
       1633   0.460074488396E+07   0.324467988732E+07   0.128959653487E+01   0.100000000000E+02
       1586   0.460317350542E+07   0.324547397255E+07   0.129281340207E+01   0.100000000000E+02
       1587   0.460258908040E+07   0.324597126784E+07   0.129267713556E+01   0.100000000000E+02
       1599   0.460295589902E+07   0.324497808582E+07   0.129262015584E+01   0.100000000000E+02
       1634   0.460064808804E+07   0.324544582235E+07   0.128878279311E+01   0.100000000000E+02
       1622   0.460291803570E+07   0.324335078009E+07   0.129057698618E+01   0.100000000000E+02
       1624   0.460117900548E+07   0.324213491716E+07   0.128693640153E+01   0.100000000000E+02
       1550   0.460930162156E+07   0.323102511065E+07   0.129029815897E+01   0.100000000000E+02
       1525   0.460913244690E+07   0.323013509274E+07   0.129058447729E+01   0.100000000000E+02
       1464   0.460771581777E+07   0.322964988781E+07   0.128810236720E+01   0.100000000000E+02
       1572   0.461095596031E+07   0.323245984780E+07   0.128862830261E+01   0.100000000000E+02
       1524   0.461009201465E+07   0.322928289659E+07   0.129049466434E+01   0.100000000000E+02
       1551   0.461055727097E+07   0.323100751069E+07   0.129100634980E+01   0.100000000000E+02
       1498   0.461113571785E+07   0.322754653027E+07   0.129021584551E+01   0.100000000000E+02
       1367   0.461596300978E+07   0.321897340947E+07   0.129602558636E+01   0.100000000000E+02
       1456   0.461132362947E+07   0.322579863815E+07   0.128944478628E+01   0.100000000000E+02
       1411   0.461341052514E+07   0.322248893047E+07   0.129046472575E+01   0.100000000000E+02
       1413   0.461432599364E+07   0.322151371147E+07   0.129234960022E+01   0.100000000000E+02
       1408   0.461031689155E+07   0.322615831912E+07   0.128822976394E+01   0.100000000000E+02
       1407   0.460943068526E+07   0.322735321377E+07   0.128800994118E+01   0.100000000000E+02
       1409   0.461106892307E+07   0.322443852730E+07   0.128867157277E+01   0.100000000000E+02
       1366   0.460992142957E+07   0.322574960294E+07   0.128731739956E+01   0.100000000000E+02
       1365   0.460948271613E+07   0.322662208028E+07   0.128748013950E+01   0.100000000000E+02
       1410   0.461238416235E+07   0.322321387320E+07   0.128880732009E+01   0.100000000000E+02
       1424   0.460731931581E+07   0.322958010826E+07   0.128447247647E+01   0.100000000000E+02
       1112   0.461632016521E+07   0.321565327203E+07   0.130709905772E+01   0.100000000000E+02
       1223   0.461858636542E+07   0.321415491504E+07   0.130732224424E+01   0.100000000000E+02
       1264   0.461827965670E+07   0.321512108544E+07   0.130777782359E+01   0.100000000000E+02
       1297   0.461837044651E+07   0.321624664543E+07   0.130503666813E+01   0.100000000000E+02
       1294   0.461721896790E+07   0.321715153427E+07   0.129945401637E+01   0.100000000000E+02
       1301   0.462134713798E+07   0.321269246737E+07   0.131204320482E+01   0.100000000000E+02
       1049   0.461993352961E+07   0.321079600040E+07   0.131290565381E+01   0.100000000000E+02
       1115   0.462073328882E+07   0.321023595211E+07   0.131354708254E+01   0.100000000000E+02
        989   0.461866857145E+07   0.321215987611E+07   0.131242721135E+01   0.100000000000E+02
        875   0.462385855237E+07   0.320466180237E+07   0.131004640517E+01   0.100000000000E+02
       1113   0.462209155417E+07   0.320910663451E+07   0.131417089971E+01   0.100000000000E+02
       1114   0.462273089545E+07   0.320845019449E+07   0.131437336637E+01   0.100000000000E+02
        991   0.462333157877E+07   0.320655666982E+07   0.131133658222E+01   0.100000000000E+02
        926   0.462346130230E+07   0.320577194326E+07   0.131054658166E+01   0.100000000000E+02
       1119   0.462559917971E+07   0.320511121822E+07   0.131566581297E+01   0.100000000000E+02
       1228   0.462227951454E+07   0.321004887805E+07   0.131413629522E+01   0.100000000000E+02
       1237   0.462453268050E+07   0.320818002979E+07   0.131643973895E+01   0.100000000000E+02
       1276   0.462459130955E+07   0.320907677808E+07   0.131581713869E+01   0.100000000000E+02
       1236   0.462388498771E+07   0.320906791121E+07   0.131597231532E+01   0.100000000000E+02
       1122   0.462372486158E+07   0.320788727609E+07   0.131378222311E+01   0.100000000000E+02
       1232   0.462629565604E+07   0.320631034816E+07   0.131692707468E+01   0.100000000000E+02
       1303   0.462743340750E+07   0.320668217010E+07   0.131891039087E+01   0.100000000000E+02
       1306   0.462551016981E+07   0.320910426237E+07   0.131580884375E+01   0.100000000000E+02
       1305   0.462438823122E+07   0.321021636718E+07   0.131623185001E+01   0.100000000000E+02
       1274   0.462371844815E+07   0.320991818565E+07   0.131620264041E+01   0.100000000000E+02
       1185   0.462358061820E+07   0.320884351721E+07   0.131463364415E+01   0.100000000000E+02
       1370   0.461858597979E+07   0.321745065292E+07   0.130636808997E+01   0.100000000000E+02
       1416   0.461886021291E+07   0.321847588785E+07   0.130549911778E+01   0.100000000000E+02
       1596   0.460615324512E+07   0.324339588450E+07   0.129738969599E+01   0.100000000000E+02
       1608   0.460588437515E+07   0.324217268567E+07   0.129332355709E+01   0.100000000000E+02
       1511   0.460349112579E+07   0.324755245876E+07   0.129343381132E+01   0.100000000000E+02
       1573   0.461469704338E+07   0.323497176079E+07   0.130469499527E+01   0.100000000000E+02
       1564   0.461423676569E+07   0.323907953478E+07   0.130187253435E+01   0.100000000000E+02
       1383   0.461487496885E+07   0.324778941078E+07   0.130836175479E+01   0.100000000000E+02
       1431   0.461528711825E+07   0.324646128231E+07   0.131173343702E+01   0.100000000000E+02
       1382   0.461600937236E+07   0.324709831628E+07   0.131541791049E+01   0.100000000000E+02
       1542   0.461654975333E+07   0.323951400933E+07   0.131180217719E+01   0.100000000000E+02
       1553   0.461817499053E+07   0.323528944699E+07   0.131361132114E+01   0.100000000000E+02
       1462   0.462150137229E+07   0.321898616199E+07   0.131304945450E+01   0.100000000000E+02
       1428   0.461678630283E+07   0.324522018147E+07   0.131741038639E+01   0.100000000000E+02
       1454   0.462216345023E+07   0.324109175725E+07   0.132328275212E+01   0.100000000000E+02
       1452   0.462714129776E+07   0.323738923040E+07   0.132468871186E+01   0.100000000000E+02
       1453   0.461897051256E+07   0.324352405122E+07   0.132248892349E+01   0.100000000000E+02
       1406   0.462234284027E+07   0.324423654444E+07   0.132418149886E+01   0.100000000000E+02
       1405   0.461953377831E+07   0.324549251853E+07   0.132482116276E+01   0.100000000000E+02
       1381   0.461506922181E+07   0.324863596291E+07   0.131219162069E+01   0.100000000000E+02
       1380   0.461405029233E+07   0.324989848403E+07   0.130861998510E+01   0.100000000000E+02
       1430   0.461435956200E+07   0.324834142296E+07   0.131538660949E+01   0.100000000000E+02
       1343   0.461480583090E+07   0.325045597936E+07   0.131261117660E+01   0.100000000000E+02
       1479   0.461399100703E+07   0.324667950498E+07   0.131128357641E+01   0.100000000000E+02
       1478   0.461315184723E+07   0.324857882067E+07   0.131367923225E+01   0.100000000000E+02
       1429   0.461315029752E+07   0.324986986712E+07   0.131683224282E+01   0.100000000000E+02
       1432   0.461442933641E+07   0.324759514778E+07   0.131284652309E+01   0.100000000000E+02
       1437   0.461160215620E+07   0.325100480973E+07   0.130794811909E+01   0.100000000000E+02
       1342   0.461408828580E+07   0.325307104334E+07   0.131594305549E+01   0.100000000000E+02
       1387   0.461278592017E+07   0.325189391611E+07   0.131168330593E+01   0.100000000000E+02
       1341   0.461321118268E+07   0.325720899656E+07   0.132207358180E+01   0.100000000000E+02
       1436   0.461064627494E+07   0.325330799567E+07   0.130718283335E+01   0.100000000000E+02
       1386   0.461144750028E+07   0.325508296103E+07   0.131379240745E+01   0.100000000000E+02
       1435   0.460821718628E+07   0.325600025289E+07   0.131139721100E+01   0.100000000000E+02
       1485   0.460547283273E+07   0.325142044895E+07   0.130195591280E+01   0.100000000000E+02
       1545   0.460546038768E+07   0.324823464573E+07   0.129785247961E+01   0.100000000000E+02
       1434   0.460287702325E+07   0.325137777505E+07   0.129846010938E+01   0.100000000000E+02
       1518   0.460415841312E+07   0.324948864416E+07   0.129648106743E+01   0.100000000000E+02
       1541   0.460412405391E+07   0.324867545216E+07   0.129547642296E+01   0.100000000000E+02
       1482   0.460453578010E+07   0.325106930288E+07   0.130053672298E+01   0.100000000000E+02
       1563   0.460452982311E+07   0.324715011615E+07   0.129780428306E+01   0.100000000000E+02
       1512   0.460330446725E+07   0.324983432141E+07   0.129507039147E+01   0.100000000000E+02
       1473   0.460270066647E+07   0.324996838342E+07   0.129300538332E+01   0.100000000000E+02
       1595   0.460482426585E+07   0.324485723521E+07   0.129564917613E+01   0.100000000000E+02
       1581   0.460378200944E+07   0.324574891583E+07   0.129507138680E+01   0.100000000000E+02
       1582   0.460453115717E+07   0.324607180143E+07   0.129660103872E+01   0.100000000000E+02
       1517   0.460462100585E+07   0.324997845033E+07   0.129838654270E+01   0.100000000000E+02
       1561   0.460330412120E+07   0.324648141687E+07   0.129346704589E+01   0.100000000000E+02
       1548   0.460273503046E+07   0.324703407832E+07   0.129270851150E+01   0.100000000000E+02
       1568   0.460281182284E+07   0.324637315170E+07   0.129259468796E+01   0.100000000000E+02
       1522   0.460273500083E+07   0.324778889186E+07   0.129269377356E+01   0.100000000000E+02
       1540   0.460331848607E+07   0.324702956825E+07   0.129322037782E+01   0.100000000000E+02
       1580   0.460330583532E+07   0.324585169803E+07   0.129291011999E+01   0.100000000000E+02
       1617   0.460371720359E+07   0.324329337149E+07   0.129066073833E+01   0.100000000000E+02
       1569   0.460214723899E+07   0.324694612309E+07   0.129249926653E+01   0.100000000000E+02
       1549   0.460217176005E+07   0.324766656575E+07   0.129241980753E+01   0.100000000000E+02
       1488   0.460229295155E+07   0.324866270652E+07   0.129271665826E+01   0.100000000000E+02
       1481   0.460355184122E+07   0.325048700424E+07   0.129786143773E+01   0.100000000000E+02
       1425   0.460208020551E+07   0.325012328912E+07   0.129311321954E+01   0.100000000000E+02
       1489   0.460171505909E+07   0.324930595189E+07   0.129261375657E+01   0.100000000000E+02
       1443   0.460135002581E+07   0.325028978290E+07   0.129343977464E+01   0.100000000000E+02
       1523   0.460196506760E+07   0.324843724409E+07   0.129232867837E+01   0.100000000000E+02
       1349   0.460031091843E+07   0.325274602354E+07   0.129593774870E+01   0.100000000000E+02
       1340   0.460060237399E+07   0.325342943742E+07   0.129785661033E+01   0.100000000000E+02
       1346   0.460073747489E+07   0.325553945599E+07   0.130377372510E+01   0.100000000000E+02
       1480   0.460359597137E+07   0.325135140567E+07   0.130010356157E+01   0.100000000000E+02
       1310   0.460049383544E+07   0.325667085189E+07   0.130635722212E+01   0.100000000000E+02
       1311   0.460025655969E+07   0.325789342125E+07   0.130686194923E+01   0.100000000000E+02
       1345   0.460887867436E+07   0.326311189168E+07   0.132261205588E+01   0.100000000000E+02
       1385   0.460888352532E+07   0.325884874010E+07   0.131915464676E+01   0.100000000000E+02
