         827           2
        741   0.463001795539E+07   0.318728553607E+07   0.861648547247E-02   0.626975353390E-02   0.591050019215E-02
        750   0.463251610674E+07   0.318610315983E+07   0.751671626383E-02   0.628752239463E-02   0.411923360929E-02
        754   0.463123101790E+07   0.318921004234E+07   0.278064391722E-01   0.181215164657E-01   0.210904883875E-01
       1074   0.463643152173E+07   0.320041381513E+07   0.766247715051E-01  -0.270143671720E-01   0.717048085870E-01
       1013   0.463726553191E+07   0.319996351200E+07   0.494050143220E-01  -0.289421041458E-01   0.400401054915E-01
       1014   0.463690539152E+07   0.320093256009E+07   0.127423536290E+00  -0.365067928477E-01   0.122081987519E+00
       1081   0.463568052716E+07   0.320444238203E+07   0.287426954871E+00   0.148814638473E+00   0.245903350449E+00
       1071   0.463519951960E+07   0.320429396694E+07   0.268998087516E+00   0.387518982301E-01   0.266192151407E+00
       1070   0.463571495144E+07   0.320362467648E+07   0.388130419254E+00   0.472027360854E-01   0.385249430962E+00
       1169   0.465623885433E+07   0.318452214252E+07   0.211201936619E-02  -0.895896597596E-03   0.191258858346E-02
       1167   0.465454208064E+07   0.318493427253E+07   0.288603873305E-02  -0.939454436404E-03   0.272885414241E-02
       1101   0.465575342005E+07   0.318283525206E+07   0.333239385554E-02   0.149843297013E-03   0.332902324936E-02
       1290   0.464245705023E+07   0.320196044459E+07   0.676899213785E-02  -0.538401796759E-02   0.410263392066E-02
       1258   0.464025574724E+07   0.320223036318E+07   0.465650613286E-02  -0.345166262323E-02   0.312555187139E-02
       1257   0.464196017013E+07   0.320014549567E+07   0.517755001807E-02  -0.444676183346E-02   0.265204324741E-02
       1104   0.466366541976E+07   0.317978204532E+07   0.324225860137E-03  -0.264507177580E-03   0.187505630289E-03
       1103   0.466265617753E+07   0.317963502661E+07   0.273088151630E-03  -0.272905900429E-03   0.997537326051E-05
       1041   0.466394422022E+07   0.317832784497E+07   0.967461031588E-03  -0.555185804222E-03   0.792306487687E-03
        960   0.464501884725E+07   0.318666364965E+07   0.359689746501E-01   0.125842551048E-01   0.336957513767E-01
       1026   0.464594085276E+07   0.318667547079E+07   0.134845686307E-01   0.517389657340E-02   0.124524851096E-01
       1025   0.464457414775E+07   0.318806102967E+07   0.145817292968E-01   0.403538597708E-02   0.140122264220E-01
        856   0.465419692154E+07   0.317955513189E+07   0.656956757687E-02   0.439167249752E-02   0.488594216315E-02
        857   0.465464346188E+07   0.317911901773E+07   0.619188183313E-02   0.160829819919E-02   0.597936263643E-02
        910   0.465443970750E+07   0.318001142403E+07   0.650880338348E-02   0.283093062302E-02   0.586091744460E-02
        679   0.462233777128E+07   0.319435869975E+07   0.166182692597E+00   0.522819679534E-01   0.157744360108E+00
        650   0.462094209961E+07   0.319483505759E+07   0.260208954219E+00   0.905472197555E-01   0.243946512273E+00
        676   0.462174764828E+07   0.319266754129E+07   0.570892377286E-01   0.242794301794E-01   0.516690461940E-01
       1213   0.464621249239E+07   0.319227662972E+07   0.562548699645E-02  -0.174801332004E-02   0.534701350103E-02
       1158   0.464591219533E+07   0.319031567495E+07   0.573203827002E-02  -0.258907162973E-02   0.511399753863E-02
       1212   0.464819216834E+07   0.318954392720E+07   0.517881142500E-02  -0.117079200958E-02   0.504473327799E-02
        644   0.463411086824E+07   0.317417353579E+07   0.625981481781E-01   0.481169206643E-02  -0.624129455705E-01
        672   0.463291531443E+07   0.317563723705E+07   0.584559032683E-01   0.201318204583E-02  -0.584212266643E-01
        643   0.463350599702E+07   0.317374384420E+07   0.601546052004E-01  -0.181385017679E-03  -0.601543317334E-01
        727   0.462780363713E+07   0.318651562580E+07   0.906005235940E-02   0.731774980159E-02   0.534182427606E-02
        729   0.462768109438E+07   0.318957030388E+07   0.134238428056E-01   0.925542471224E-02   0.972299691796E-02
        686   0.463486036721E+07   0.317779255351E+07   0.374198344270E-01   0.206178866121E-01  -0.312273399475E-01
        675   0.463454569642E+07   0.317676200066E+07   0.455296472188E-01   0.713862595756E-02  -0.449665297228E-01
        659   0.463579431272E+07   0.317580147128E+07   0.382786557804E-01   0.419278289960E-02  -0.380483384645E-01
        602   0.462346843555E+07   0.317539816016E+07   0.615564996682E-01  -0.431734848853E-01  -0.438777033841E-01
        630   0.462288013289E+07   0.317737152588E+07   0.608423620080E-01  -0.419992069387E-01  -0.440211271009E-01
        601   0.462247084728E+07   0.317607908203E+07   0.803427051490E-01  -0.614280216520E-01  -0.517836694971E-01
        742   0.462897321614E+07   0.319064231150E+07   0.255330893620E-01   0.171669001567E-01   0.189006928810E-01
        751   0.463443783683E+07   0.318442857053E+07   0.722584717804E-02   0.385285009673E-02   0.611297092848E-02
        736   0.463494269979E+07   0.318267524856E+07   0.774474906544E-02   0.445890233433E-02   0.633240302409E-02
        739   0.463587164041E+07   0.318259712823E+07   0.907818273084E-02   0.364021357795E-02   0.831638423845E-02
       1317   0.463464884357E+07   0.321001596060E+07   0.893684067996E-02  -0.890014194710E-02   0.809070244376E-03
       1355   0.463516879552E+07   0.321149691715E+07   0.432360778971E-02  -0.426321558710E-02   0.720123029217E-03
       1354   0.463336984392E+07   0.321221801454E+07   0.893315273002E-02  -0.884726279947E-02  -0.123578260829E-02
       1162   0.463867546851E+07   0.320100530325E+07   0.121190370073E-01   0.111730975988E-01   0.469392671787E-02
       1207   0.463824464961E+07   0.320232781871E+07   0.251010703616E-01   0.150204610705E-01   0.201109294297E-01
       1150   0.463775945843E+07   0.320206650308E+07   0.132474004708E+00   0.294990542801E-01   0.129147852169E+00
       1415   0.461760571784E+07   0.321884071909E+07   0.684192649031E-02   0.638538426963E-02   0.245740225195E-02
       1414   0.461631488670E+07   0.321989338668E+07   0.561262528027E-02   0.558227784030E-02   0.582869325334E-03
       1368   0.461689276474E+07   0.321855994909E+07   0.101826140305E-01  -0.942549297516E-02   0.385301319355E-02
       1042   0.466483204619E+07   0.317816460228E+07   0.119662743048E-02  -0.555909248284E-03   0.105966132092E-02
       1037   0.465545678455E+07   0.318172299318E+07   0.345432817842E-02   0.609843150739E-03   0.340006977807E-02
       1038   0.465690495993E+07   0.318075696182E+07   0.570318091930E-02   0.243752447748E-02   0.515603985826E-02
       1222   0.466476490440E+07   0.318293871430E+07   0.382829727407E-03  -0.367703603406E-03  -0.106548863103E-03
       1221   0.466178881052E+07   0.318425362253E+07   0.760703430848E-03  -0.717867709095E-03   0.251665774276E-03
       1171   0.466375741264E+07   0.318145917427E+07   0.382407511635E-03  -0.382056774573E-03  -0.163745521606E-04
       1160   0.464083190133E+07   0.319837272033E+07   0.122862606863E-01  -0.122823906537E-01   0.308352851188E-03
       1215   0.464041640506E+07   0.320020503142E+07   0.923799249857E-02  -0.918440272311E-02   0.993605567235E-03
       1161   0.463995476635E+07   0.319938212201E+07   0.107035545160E-01   0.107015987986E-01   0.204603105953E-03
        978   0.465806296155E+07   0.317918084812E+07   0.130852861561E-01   0.112654990467E-01   0.665681943700E-02
        917   0.465862161237E+07   0.317820876372E+07   0.567135493687E-02   0.565246793077E-02  -0.462464173231E-03
        979   0.465881987337E+07   0.317888058406E+07   0.812948849290E-02   0.745642776394E-02   0.323886834516E-02
       1099   0.466001509333E+07   0.317994712931E+07   0.840991387150E-03  -0.447815842174E-03   0.711847936541E-03
       1168   0.465866474078E+07   0.318261439156E+07   0.144672120140E-02  -0.628409120701E-03   0.130311327658E-02
       1100   0.465874618690E+07   0.318068135316E+07   0.106105421914E-02   0.363201200477E-03   0.996955838505E-03
       1102   0.465730890037E+07   0.318202431723E+07   0.164620459821E-02   0.247041910003E-03   0.162756255605E-02
       1206   0.463680502509E+07   0.320442942272E+07   0.225978036754E-01   0.115942957372E-01   0.193967274897E-01
       1251   0.463635703807E+07   0.320565235121E+07   0.866149637695E-02  -0.820520617030E-02   0.277418658182E-02
       1205   0.463610396515E+07   0.320507469090E+07   0.138154546832E-01   0.138154109450E-01   0.347638241502E-04
       1033   0.465333045977E+07   0.318254945764E+07   0.469258448092E-02   0.468619361887E-02   0.244823358855E-03
        969   0.465361231410E+07   0.318116119502E+07   0.418424578997E-02   0.394694331769E-02   0.138908289092E-02
        970   0.465434723379E+07   0.318106385607E+07   0.268737864165E-02   0.926625754764E-03   0.252257183727E-02
       1261   0.465448471916E+07   0.319151881710E+07   0.335413777292E-02  -0.165822703912E-02   0.291556568894E-02
       1220   0.465689950502E+07   0.318649692634E+07   0.217371642836E-02  -0.107254563301E-02   0.189068479024E-02
       1260   0.465835874202E+07   0.318852962586E+07   0.234254693056E-02  -0.123938916106E-02   0.198782308803E-02
       1098   0.465403264108E+07   0.318354962849E+07   0.384194890228E-02   0.271371773277E-02   0.271961531004E-02
       1166   0.465260507831E+07   0.318622033952E+07   0.253860296757E-02   0.357932460265E-03   0.251324280181E-02
       1097   0.465222708520E+07   0.318462184057E+07   0.498341101983E-02   0.357605444109E-02   0.347076648983E-02
        914   0.465507338769E+07   0.318001843225E+07   0.524555505586E-02   0.135282456869E-02   0.506810749002E-02
        861   0.465511713255E+07   0.317910463896E+07   0.839343052547E-02   0.229849464848E-02   0.807258312666E-02
        899   0.464594072626E+07   0.318448612188E+07   0.740793158089E-01   0.447948902602E-01   0.590013799609E-01
        953   0.464687409811E+07   0.318439360630E+07   0.506107573349E-01   0.284437748182E-01   0.418616821462E-01
        959   0.464589794259E+07   0.318542468260E+07   0.439447100783E-01   0.206454362663E-01   0.387930857916E-01
       1501   0.461686326367E+07   0.322258733521E+07   0.195012536256E-01   0.194947299906E-01   0.504376411231E-03
       1461   0.461905698666E+07   0.322010554332E+07   0.187792947865E-01   0.186368354919E-01   0.230873894751E-02
       1502   0.461911887216E+07   0.322258707752E+07   0.165863482045E-01   0.165465293725E-01   0.114861328701E-02
       1280   0.463160327269E+07   0.320478074468E+07   0.484947615409E-01  -0.483807697015E-01   0.332310397023E-02
       1246   0.463291047975E+07   0.320456343879E+07   0.436627699102E-01  -0.430327981730E-01   0.739024746758E-02
       1281   0.463153936394E+07   0.320614049311E+07   0.441941838224E-01  -0.440786672441E-01   0.319327069249E-02
       1163   0.463936999976E+07   0.320038163071E+07   0.101623527193E-01   0.100945284219E-01   0.117213852867E-02
       1338   0.462943588469E+07   0.320941382160E+07   0.722479115723E-01  -0.416419215479E-01   0.590399110464E-01
       1376   0.462791656674E+07   0.321098619407E+07   0.589246712568E-01  -0.221758294460E-01   0.545925770696E-01
       1337   0.462859049977E+07   0.320849249212E+07   0.539401076763E-01  -0.803920845491E-02   0.533376634617E-01
       1076   0.463583862354E+07   0.320267205199E+07   0.335609111491E+00  -0.161527757757E-01   0.335220171753E+00
       1020   0.463631765014E+07   0.320294499547E+07   0.426079222094E+00   0.240916276220E-01   0.425397575191E+00
       1278   0.462964234836E+07   0.320423350716E+07   0.651725630881E-01   0.521832085126E-01   0.390432545877E-01
       1243   0.463068037452E+07   0.320362070837E+07   0.135855090325E+00   0.119579859461E+00   0.644768390857E-01
       1279   0.463035405917E+07   0.320491371070E+07   0.740955583013E-01   0.561990188672E-01   0.482889432308E-01
       1019   0.463661762797E+07   0.320199740011E+07   0.369534504574E+00  -0.463552308357E-01   0.366615524282E+00
       1075   0.463600675402E+07   0.320160654692E+07   0.164937250748E+00  -0.123352060606E-01   0.164475345800E+00
       1155   0.464326474232E+07   0.319424821121E+07   0.157887357341E-01  -0.101133074364E-01   0.121245696327E-01
       1086   0.464232387253E+07   0.319430198802E+07   0.195569764666E-01  -0.149758856643E-01   0.125776856807E-01
       1092   0.464279078955E+07   0.319319393045E+07   0.256826778039E-01  -0.193203256395E-01   0.169211393340E-01
       1134   0.463395247447E+07   0.319960589335E+07   0.104957312993E+00  -0.790414859958E-01   0.690541891721E-01
       1135   0.463515223044E+07   0.319960139118E+07   0.112285254450E+00  -0.849943500168E-01   0.733753284980E-01
       1196   0.463386299945E+07   0.320128333707E+07   0.596498043344E-01  -0.462010268743E-01   0.377301507140E-01
        957   0.464942136098E+07   0.318347230035E+07   0.220159103617E-01  -0.612294326310E-02   0.211473372993E-01
        956   0.464873345463E+07   0.318393396549E+07   0.158457959484E-01   0.118734235645E-01   0.104933818237E-01
        896   0.464929077114E+07   0.318296945578E+07   0.203518611692E-01   0.820141182111E-02   0.186261938460E-01
       1159   0.464437803849E+07   0.319268951715E+07   0.750428080393E-02  -0.417757626406E-02   0.623394633777E-02
       1210   0.464327652776E+07   0.319587785637E+07   0.890839012021E-02  -0.737426620591E-02   0.499796082999E-02
       1211   0.464451672817E+07   0.319413423550E+07   0.647950007069E-02  -0.298387628086E-02   0.575155661597E-02
       1255   0.464534414590E+07   0.319543025313E+07   0.517785405724E-02  -0.308741182339E-02   0.415668869064E-02
        967   0.465166511807E+07   0.318248463899E+07   0.671904005090E-02  -0.586889281388E-02  -0.327132944607E-02
        964   0.465079989162E+07   0.318257332616E+07   0.682438698156E-02   0.497145345134E-02   0.467513724455E-02
        906   0.465165465914E+07   0.318168105788E+07   0.922861329050E-02   0.622090934618E-02   0.681671403040E-02
       1032   0.465191092838E+07   0.318343281185E+07   0.619495307831E-02   0.440307602149E-02   0.435779361506E-02
       1029   0.465078977621E+07   0.318368152512E+07   0.635159167998E-02   0.921658188383E-03   0.628436655940E-02
        853   0.465267738115E+07   0.318079416867E+07   0.144591014358E-01   0.137771708843E-01   0.438807210020E-02
        854   0.465327965894E+07   0.318037437327E+07   0.102812148619E-01   0.914364365643E-02   0.470076161079E-02
        908   0.465306179508E+07   0.318105468465E+07   0.840011104390E-02   0.481249346519E-02   0.688489449428E-02
       1021   0.464999391794E+07   0.318354110823E+07   0.768329474881E-02  -0.364939771421E-02   0.676128053853E-02
       1087   0.464966392518E+07   0.318493678086E+07   0.101137843812E-01   0.492962972495E-03   0.101017633123E-01
        849   0.464133084725E+07   0.318868405319E+07   0.207101574160E+00   0.641385252417E-01   0.196919556163E+00
        817   0.464093077702E+07   0.319007709385E+07   0.237153154991E+00   0.742773141294E-01   0.225221001525E+00
        816   0.464012021305E+07   0.319015034421E+07   0.131007763055E+00   0.662258505706E-01   0.113036147744E+00
        752   0.463757096730E+07   0.318287591282E+07   0.177557128297E-01   0.446436558979E-02   0.171853070375E-01
        764   0.463795480017E+07   0.318378216484E+07   0.157557640849E-01   0.506669597333E-02   0.149188703934E-01
        768   0.463632772206E+07   0.318527081637E+07   0.812487427240E-02   0.314035987162E-02   0.749344525696E-02
        662   0.463605180110E+07   0.317903197810E+07   0.249816621383E-01   0.241073074169E-01  -0.655142521127E-02
        688   0.463586333143E+07   0.317971940900E+07   0.204425346392E-01   0.628403277616E-02   0.194527158655E-01
        687   0.463525198886E+07   0.317958086625E+07   0.341588440942E-01   0.329643893391E-01  -0.895408651688E-02
        753   0.463581641033E+07   0.318412703848E+07   0.743582796871E-02   0.153969558276E-02   0.727467353856E-02
        740   0.463688110917E+07   0.318232840691E+07   0.184121306530E-01   0.216648689113E-02   0.182842251609E-01
        848   0.464203987378E+07   0.318695931343E+07   0.123934841959E+00   0.318210668192E-01   0.119780068283E+00
        813   0.464088329503E+07   0.318642581727E+07   0.217249204881E-01   0.584182926028E-02   0.209247509210E-01
        814   0.464224794097E+07   0.318527759585E+07   0.519305192943E-01   0.682173893475E-02   0.514805080791E-01
        728   0.463051956435E+07   0.318400127409E+07   0.711136603705E-02   0.540772971625E-02  -0.461822327620E-02
        767   0.463400758662E+07   0.318685317243E+07   0.826620709697E-02   0.381118934172E-02   0.733519022054E-02
        769   0.463299464477E+07   0.318948563092E+07   0.608644849915E-01   0.292880470168E-01   0.533544359470E-01
        723   0.463472853518E+07   0.318174215858E+07   0.126458530670E-01  -0.165778859187E-03   0.126447663942E-01
        735   0.463370183043E+07   0.318362281433E+07   0.925699384382E-02   0.584067836132E-02  -0.718181114372E-02
        913   0.466046869962E+07   0.317643977127E+07   0.203822934399E-02   0.848871385722E-03   0.185305051987E-02
        859   0.465979295305E+07   0.317668429446E+07   0.516264195672E-03   0.215063204044E-03   0.469336273901E-03
        860   0.465991819100E+07   0.317597280625E+07   0.336016413259E-03  -0.266452747595E-03  -0.204719230358E-03
        722   0.463355775895E+07   0.318239478479E+07   0.142260709339E-01   0.794470229288E-02  -0.118009660491E-01
        706   0.463426925131E+07   0.318089447999E+07   0.261869093186E-01   0.186075566868E-01  -0.184258800008E-01
        642   0.462852007888E+07   0.317589273566E+07   0.659488103480E-01  -0.177363255108E-01  -0.635190392220E-01
        619   0.462937901957E+07   0.317413772367E+07   0.731076927251E-01  -0.351282504312E-01  -0.641150587399E-01
        641   0.462994815725E+07   0.317500855224E+07   0.742402082602E-01  -0.351672475894E-01  -0.653825146312E-01
        660   0.463624241524E+07   0.317641200095E+07   0.312697050260E-01   0.116905746771E-01  -0.290021536464E-01
        622   0.463283993108E+07   0.317332284770E+07   0.527331190677E-01  -0.592586775105E-02  -0.523991024542E-01
        645   0.463122527756E+07   0.317473706149E+07   0.555011040324E-01  -0.193774588293E-01  -0.520085246679E-01
        621   0.463208123180E+07   0.317309412477E+07   0.461203799011E-01  -0.125992810104E-01  -0.443660631591E-01
        607   0.462661950553E+07   0.317387368668E+07   0.767366019074E-01  -0.184426758972E-01  -0.744874068420E-01
        606   0.462535867456E+07   0.317521629873E+07   0.712963380295E-01  -0.257395235286E-01  -0.664879293176E-01
        584   0.462527982225E+07   0.317372293701E+07   0.591938375333E-01  -0.146265997316E-01  -0.573582860815E-01
        531   0.462112303315E+07   0.317506754891E+07   0.561445500175E-02  -0.542176248458E-02   0.145828547528E-02
        533   0.462096030569E+07   0.317565413172E+07   0.681019211364E-01  -0.609632872971E-01  -0.303537355922E-01
        511   0.462048012512E+07   0.317552982608E+07   0.247081760278E-01   0.247075693597E-01  -0.173144332924E-03
        638   0.461619873383E+07   0.319112537279E+07   0.176530072830E-01   0.103127774871E-01   0.143274312643E-01
        667   0.461907719159E+07   0.318718966341E+07   0.788243614279E-02   0.556888094107E-02   0.557856295200E-02
        668   0.461855126722E+07   0.319115418787E+07   0.257960672355E-01   0.145856513164E-01   0.212766505939E-01
        576   0.462221988369E+07   0.317512431733E+07   0.610735907743E-01  -0.431235019047E-01  -0.432475094490E-01
        560   0.462146797528E+07   0.317567791683E+07   0.808826632407E-01  -0.676353593261E-01  -0.443560974584E-01
        554   0.462160153638E+07   0.317499925308E+07   0.316099191780E-01  -0.292765758615E-01  -0.119192741501E-01
        690   0.462298884343E+07   0.318338684715E+07   0.121156158007E-01  -0.269280010961E-02  -0.118125769331E-01
        691   0.462602768221E+07   0.318081709329E+07   0.138882019268E-01  -0.887815258536E-03  -0.138597956993E-01
        711   0.462565782990E+07   0.318470995430E+07   0.694232161891E-02   0.429419522066E-02  -0.545488009651E-02
        715   0.462577837046E+07   0.319009474274E+07   0.127126318923E-01   0.857180712143E-02   0.938803133265E-02
        717   0.462584161098E+07   0.319211678019E+07   0.237094298406E-01   0.153606694206E-01   0.180606450138E-01
        623   0.461838310904E+07   0.319550456550E+07   0.347552131676E+00   0.153159750883E+00   0.311984895375E+00
        599   0.461797206952E+07   0.319677071969E+07   0.364312465000E+00   0.171011345497E+00   0.321681040576E+00
        598   0.461700146483E+07   0.319690584292E+07   0.382823739094E+00   0.157873262562E+00   0.348754997358E+00
        664   0.462265251439E+07   0.318014867503E+07   0.203887007936E-01  -0.100593991843E-01  -0.177343623539E-01
        631   0.462094862467E+07   0.317983467533E+07   0.391272621459E-01  -0.221115305542E-01  -0.322803788637E-01
        649   0.461984589692E+07   0.319458750068E+07   0.229023388774E+00   0.761313944334E-01   0.215999359692E+00
        624   0.461898125843E+07   0.319646042907E+07   0.295474149005E+00   0.121591866514E+00   0.269296102326E+00
        697   0.462366967102E+07   0.319143988924E+07   0.203311536411E-01   0.111584228701E-01   0.169954525515E-01
        712   0.462527685250E+07   0.318839830858E+07   0.116006846891E-01   0.767139220078E-02   0.870204728543E-02
        700   0.462421246718E+07   0.319282908472E+07   0.349540379839E-01   0.178039318755E-01   0.300799730909E-01
        693   0.462307774285E+07   0.318929783880E+07   0.148828010666E-01   0.101824409148E-01   0.108542924507E-01
        720   0.462714578225E+07   0.319533276380E+07   0.376366540011E-01   0.190389145270E-01   0.324659430486E-01
        719   0.462665137222E+07   0.319487075832E+07   0.574296844460E-01   0.382430718422E-01   0.428443241472E-01
        731   0.462783474288E+07   0.319337852098E+07   0.631581397163E-01   0.416732262812E-01   0.474583272329E-01
        730   0.462713017071E+07   0.319225936194E+07   0.274153630998E-01   0.188593739436E-01   0.198978930630E-01
        834   0.463301963140E+07   0.319561084159E+07   0.736999991844E-01  -0.336230109901E-01   0.655834050027E-01
        881   0.463350061922E+07   0.319596476194E+07   0.110253043980E+00  -0.526474000895E-01   0.968709707324E-01
        880   0.463259262867E+07   0.319684931754E+07   0.100526483730E+00  -0.272251582631E-01   0.967696475586E-01
        732   0.462816580304E+07   0.319453160896E+07   0.627573167709E-01   0.392204219963E-01   0.489922372087E-01
       1004   0.463106967487E+07   0.320047597128E+07   0.603765076319E-02  -0.200085719194E-02  -0.569647235012E-02
       1064   0.463052063745E+07   0.320151411759E+07   0.178109937926E-01  -0.121786047769E-01   0.129966567073E-01
       1005   0.463033736864E+07   0.320103247297E+07   0.107701136061E-01  -0.598418035673E-02   0.895460398605E-02
        639   0.461725612751E+07   0.319399287337E+07   0.120024401373E+00   0.690861242981E-01   0.981476660673E-01
        616   0.461599046556E+07   0.319574100637E+07   0.176995513852E+00   0.101317965498E+00   0.145127811915E+00
        637   0.461596358746E+07   0.319384700686E+07   0.551670068559E-01   0.311268734851E-01   0.455468593043E-01
       1118   0.461989410215E+07   0.321222661467E+07   0.351337297892E-02   0.285703781562E-02   0.204477984369E-02
       1116   0.461985708741E+07   0.321160102956E+07   0.135988040165E-02   0.378807051829E-03   0.130605510001E-02
       1182   0.462050369661E+07   0.321162428549E+07   0.640818376604E-02   0.339754397227E-02   0.543337042137E-02
        640   0.461870571470E+07   0.319369010501E+07   0.191896947855E+00   0.863010218568E-01   0.171395951593E+00
        669   0.462061151061E+07   0.319159108300E+07   0.339083348076E-01   0.186081426181E-01   0.283462907225E-01
        590   0.461389119409E+07   0.319724443488E+07   0.184962862879E+00   0.548918315031E-01   0.176629973330E+00
        612   0.461417976470E+07   0.319562531097E+07   0.162627042662E+00   0.581771543000E-01   0.151864985176E+00
        613   0.461495761100E+07   0.319593962455E+07   0.136972034107E+00   0.620109258677E-01   0.122131008349E+00
       1240   0.462926692971E+07   0.320353425192E+07   0.169932322636E-01   0.840745883471E-02   0.147676869789E-01
       1194   0.462979215505E+07   0.320254108384E+07   0.724585851905E-02   0.788241856552E-03   0.720285640935E-02
       1242   0.463001822979E+07   0.320285356161E+07   0.327948137906E-01   0.150455231617E-01   0.291398703558E-01
        680   0.462369353754E+07   0.319570401469E+07   0.150056727170E+00   0.620835092670E-01   0.136611343768E+00
        655   0.462265800915E+07   0.319645711354E+07   0.197025093046E+00   0.723718522946E-01   0.183251745654E+00
        681   0.462315996846E+07   0.319498900925E+07   0.153302686452E+00   0.680006790261E-01   0.137395856289E+00
        999   0.462681979966E+07   0.320205413823E+07   0.358356986654E-02  -0.150145849712E-02   0.325385853562E-02
        997   0.462775947605E+07   0.320100645337E+07   0.952834431916E-02   0.978324149694E-03  -0.947798645929E-02
       1056   0.462767048172E+07   0.320182336263E+07   0.605752251042E-02  -0.305065514272E-02   0.523326687304E-02
       1017   0.463504640881E+07   0.320493650148E+07   0.186254472295E+00   0.118672468914E+00   0.143553382307E+00
       1239   0.462855664648E+07   0.320366131332E+07   0.148589205049E-01   0.261521142597E-02   0.146269678255E-01
       1192   0.462943878898E+07   0.320249819478E+07   0.645772839083E-02   0.204289524364E-02   0.612607827188E-02
       1139   0.463476577864E+07   0.320427975717E+07   0.192276826689E+00  -0.216175895422E-01   0.191057734478E+00
       1198   0.463416063387E+07   0.320390678422E+07   0.111554904747E+00   0.269719770248E-01   0.108245134895E+00
       1138   0.463514553178E+07   0.320348799707E+07   0.293253122058E+00  -0.283138096559E-02   0.293239453142E+00
       1494   0.462865566403E+07   0.322786021384E+07   0.496865457450E-02  -0.406677993626E-02   0.285461542607E-02
       1527   0.462525045578E+07   0.322654661004E+07   0.345408144149E-02  -0.234171534404E-02   0.253910374974E-02
       1493   0.463028422542E+07   0.322253007461E+07   0.523534380530E-02  -0.373552546680E-02   0.366806137442E-02
       1369   0.461771091308E+07   0.321789678262E+07   0.370941780863E-02  -0.369949450877E-02   0.271147300483E-03
       1328   0.461736782830E+07   0.321759578386E+07   0.163928434358E-01  -0.162733066028E-01  -0.197605873376E-02
       1329   0.461815091054E+07   0.321702422475E+07   0.990683039214E-02  -0.804222950751E-02  -0.578513897563E-02
       1533   0.461929496965E+07   0.322583854692E+07   0.118194714000E-01   0.117483608752E-01  -0.129457364413E-02
       1532   0.461597684231E+07   0.322614160874E+07   0.358691525717E-01   0.344808850125E-01  -0.988254395223E-02
        922   0.466711454502E+07   0.317624794042E+07   0.216302448513E-02  -0.160269743886E-02   0.145259624216E-02
        921   0.466779433690E+07   0.317535449352E+07   0.170459028026E-02  -0.170262913287E-02   0.817438649094E-04
        984   0.466769405542E+07   0.317614661576E+07   0.127239674209E-02   0.235904314801E-03   0.125033700398E-02
        924   0.466858032602E+07   0.317506999270E+07   0.608368177050E-03  -0.961668835658E-04   0.600719376541E-03
        871   0.466840332504E+07   0.317432217181E+07   0.148042077089E-02  -0.114586767984E-02   0.937354212226E-03
        923   0.466976314204E+07   0.317356217003E+07   0.100895693173E-02  -0.109168690774E-03  -0.100303354233E-02
       1047   0.466778620023E+07   0.317742415457E+07   0.936869232858E-03  -0.918815786890E-03  -0.183034175054E-03
       1107   0.466683319063E+07   0.317855838369E+07   0.110381390737E-02  -0.971752925524E-03  -0.523546935650E-03
       1044   0.466725474831E+07   0.317716943905E+07   0.180606207764E-02   0.180379746332E-02  -0.904153725753E-04
       1095   0.466223174912E+07   0.317877339171E+07   0.418235532182E-03  -0.335683845408E-03  -0.249474079438E-03
       1040   0.466333425828E+07   0.317805138198E+07   0.814294899259E-03  -0.879967867402E-05   0.814247351002E-03
        869   0.466723572984E+07   0.317565788256E+07   0.159872691770E-02  -0.157860263651E-02   0.252866513003E-03
        821   0.466537419110E+07   0.317457937349E+07   0.692173752932E-02  -0.588719692729E-02   0.364024212986E-02
        822   0.466479685460E+07   0.317463948362E+07   0.403991527932E-02  -0.242590981644E-02   0.323046080716E-02
        794   0.466526387303E+07   0.317396844485E+07   0.338827452893E-02  -0.295621802992E-02   0.165565070079E-02
        865   0.466489228754E+07   0.317523269293E+07   0.452808758779E-02  -0.442695524365E-02   0.951653546958E-03
       1036   0.465951694865E+07   0.317898068690E+07   0.167595100023E-02   0.960598506578E-03   0.137333982114E-02
       1039   0.465819613605E+07   0.318008484971E+07   0.475174624892E-02   0.353864622938E-02   0.317128921377E-02
        972   0.466192922867E+07   0.317643500985E+07   0.432591558735E-02   0.139037985886E-02   0.409638737389E-02
       1031   0.466204165537E+07   0.317760468173E+07   0.959861472050E-03   0.717518248965E-04   0.957175909198E-03
       1035   0.466084671085E+07   0.317793722861E+07   0.139053516946E-02   0.298381972813E-03   0.135814441640E-02
       1030   0.466299374388E+07   0.317746590581E+07   0.141796417539E-02   0.372014299120E-03   0.136829374183E-02
        912   0.465985235466E+07   0.317719503995E+07   0.195872288815E-02   0.113108937175E-02   0.159913482410E-02
        973   0.465938454813E+07   0.317799624097E+07   0.302034520695E-02   0.224443934586E-02   0.202113265074E-02
        911   0.465925935669E+07   0.317739601850E+07   0.139931041799E-02   0.122457589289E-02   0.677114117740E-03
       1170   0.466203863515E+07   0.318167642091E+07   0.330881430885E-03  -0.327570511245E-03   0.466913425256E-04
       1165   0.466088247739E+07   0.318092748527E+07   0.570274762993E-03  -0.421545370943E-03   0.384073958429E-03
       1096   0.466124513981E+07   0.317896092965E+07   0.529913237354E-03  -0.518878417540E-03   0.107578933504E-03
        858   0.465928206215E+07   0.317678492556E+07   0.470939539023E-03   0.412787289733E-03  -0.226695176063E-03
        862   0.465575255629E+07   0.317932337433E+07   0.935930839409E-02   0.327063058953E-02   0.876924336317E-02
        909   0.465377661627E+07   0.318024565885E+07   0.771999296856E-02   0.702375091823E-02   0.320393733916E-02
        968   0.465261548956E+07   0.318205943665E+07   0.747139840931E-02  -0.175364319186E-02  -0.726268061712E-02
        976   0.465612600454E+07   0.318041470474E+07   0.479078673015E-02   0.550135811101E-03   0.475909530091E-02
        975   0.465519087348E+07   0.318084530696E+07   0.322910526194E-02   0.139443453179E-02   0.291250289773E-02
       1094   0.465070668074E+07   0.318506923466E+07   0.764254309075E-02   0.460774113225E-02   0.609730977991E-02
       1164   0.465049658286E+07   0.318700237006E+07   0.503083406096E-02   0.521843234163E-03   0.500369573295E-02
        971   0.466108565954E+07   0.317640474641E+07   0.434415506925E-02   0.196093658150E-02   0.387639149068E-02
       1219   0.465377831103E+07   0.318801738590E+07   0.291234993222E-02  -0.113681649501E-02   0.268131131806E-02
       1045   0.466656841593E+07   0.317779691983E+07   0.409364820760E-02   0.402600291771E-02   0.741118178264E-03
       1292   0.465077759585E+07   0.319739003002E+07   0.382639397237E-02  -0.242712912621E-02   0.295809652251E-02
       1289   0.464756892606E+07   0.319639142180E+07   0.494577868729E-02  -0.329032932605E-02   0.369248693292E-02
       1259   0.465093534584E+07   0.319255619920E+07   0.415667024289E-02  -0.200091905294E-02   0.364338173291E-02
        986   0.466922540586E+07   0.317526358890E+07   0.374650232480E-03   0.343893683089E-03   0.148660456842E-03
        988   0.466825519485E+07   0.317630173920E+07   0.623117931800E-03  -0.400682339249E-05   0.623105049166E-03
       1322   0.464748455171E+07   0.320357619690E+07   0.371817845496E-02  -0.243543143769E-02   0.280954173047E-02
       1323   0.465160240310E+07   0.320214204316E+07   0.279359571151E-02   0.544668364420E-06   0.279359565841E-02
       1359   0.464648437519E+07   0.320956473689E+07   0.279359572612E-02   0.280159081157E-06   0.279359571207E-02
       1046   0.466896558196E+07   0.317677145939E+07   0.961096404418E-03  -0.928921692999E-03   0.246598432399E-03
       1216   0.463925334115E+07   0.320159419253E+07   0.919196364116E-02   0.709942439143E-02   0.583869582106E-02
       1256   0.464810920496E+07   0.319255407283E+07   0.493657884258E-02  -0.198851077384E-02   0.451836647156E-02
       1287   0.463865557988E+07   0.320471444183E+07   0.459864621620E-02  -0.340476874998E-02   0.309113195786E-02
       1291   0.464030351309E+07   0.320425634669E+07   0.570813305318E-02  -0.467761709312E-02   0.327149526715E-02
       1319   0.463865446173E+07   0.320706463028E+07   0.452619449943E-02  -0.423015618166E-02   0.161003581494E-02
       1448   0.463202777748E+07   0.321762761912E+07   0.485500210664E-02  -0.276428075920E-02   0.399121502049E-02
       1449   0.463530257768E+07   0.321867013415E+07   0.518129987741E-02  -0.395469496535E-02   0.334757466693E-02
       1208   0.463760894715E+07   0.320350282688E+07   0.241095998795E-01   0.125724333694E-01   0.205719888567E-01
       1253   0.463862444043E+07   0.320318669861E+07   0.644292546823E-02   0.919093355952E-03   0.637703347900E-02
       1320   0.464559792376E+07   0.320147062726E+07   0.522382262627E-02  -0.409199303466E-02   0.324713963899E-02
       1402   0.464010498139E+07   0.321393110925E+07   0.381308134170E-02  -0.274409020757E-02   0.264755703454E-02
       1358   0.464344201442E+07   0.320743485058E+07   0.386497551739E-02  -0.306151721907E-02   0.235905660538E-02
       1450   0.463320404298E+07   0.322411422953E+07   0.432137399124E-02  -0.318793262886E-02   0.291742330251E-02
       1249   0.463456499978E+07   0.320788608214E+07   0.111096867934E-01   0.109897726391E-01  -0.162789372734E-02
       1202   0.463414079258E+07   0.320767870054E+07   0.727126203424E-02   0.418775258220E-02   0.594423921801E-02
       1203   0.463484290760E+07   0.320695364794E+07   0.114807179283E-01   0.113309932917E-01  -0.184810042278E-02
       1250   0.463558879461E+07   0.320686079117E+07   0.812437421075E-02  -0.675178552859E-02   0.451872199768E-02
       1286   0.463693887879E+07   0.320657818490E+07   0.490329851236E-02  -0.437993158953E-02   0.220420860453E-02
       1285   0.463540696613E+07   0.320819210408E+07   0.788181494293E-02  -0.733811478561E-02   0.287664356288E-02
       1351   0.462992449617E+07   0.321165430041E+07   0.949084932290E-01  -0.498606717753E-01   0.807560245253E-01
       1352   0.463081466370E+07   0.321206279474E+07   0.835897051426E-01  -0.505275179503E-01   0.665898545997E-01
       1397   0.462906619546E+07   0.321358141689E+07   0.788746794882E-01  -0.314776763508E-01   0.723213036105E-01
       1321   0.464175193424E+07   0.320531617599E+07   0.592868301527E-02  -0.527026484462E-02   0.271543564886E-02
       1356   0.463723342320E+07   0.321002926316E+07   0.382316935117E-02  -0.355174978905E-02   0.141481352966E-02
       1318   0.463639244741E+07   0.320876472402E+07   0.398083273224E-02  -0.383301470749E-02   0.107472205439E-02
       1145   0.463421060937E+07   0.320706867696E+07   0.484899310803E-02   0.289361259505E-02   0.389098192125E-02
       1201   0.463368480730E+07   0.320774259323E+07   0.143687557597E-01   0.387855721929E-02   0.138353870917E-01
       1084   0.463694147095E+07   0.320256371347E+07   0.341262287580E+00   0.215848449806E-01   0.340578982604E+00
       1085   0.463666040837E+07   0.320331518855E+07   0.244576227053E+00   0.497022934559E-01   0.239472781052E+00
       1396   0.462807544396E+07   0.321269272462E+07   0.590016807855E-01  -0.298553230804E-01   0.508906476603E-01
       1445   0.462680648476E+07   0.321534197647E+07   0.467281321499E-01  -0.100988976277E-01   0.456237942408E-01
       1147   0.463470080151E+07   0.320647600318E+07   0.781898659353E-02   0.686315019337E-02  -0.374616080449E-02
       1146   0.463480799361E+07   0.320583073365E+07   0.823173621114E-02   0.741854615831E-02  -0.356744361510E-02
       1204   0.463542503222E+07   0.320597026660E+07   0.172363616371E-01   0.140588889902E-01  -0.997195080436E-02
       1252   0.463750410571E+07   0.320469726343E+07   0.655593477727E-02  -0.452671700172E-02   0.474226886524E-02
       1288   0.464447052320E+07   0.319879507361E+07   0.558363732910E-02  -0.412325719914E-02   0.376507050301E-02
       1214   0.464163308189E+07   0.319891858374E+07   0.103614794521E-01  -0.101544321687E-01   0.206101037556E-02
       1209   0.464223683706E+07   0.319749264127E+07   0.141696995433E-01  -0.131495166702E-01   0.527926097932E-02
       1254   0.464331108453E+07   0.319770345229E+07   0.512924448325E-02  -0.403694277535E-02   0.316421269789E-02
        907   0.465234298169E+07   0.318135152369E+07   0.117858509363E-01   0.110712883131E-01   0.404139300008E-02
       1024   0.464901686504E+07   0.318453395008E+07   0.103773301996E-01   0.587954335766E-03   0.103606607787E-01
       1023   0.464802663417E+07   0.318504373493E+07   0.145496987379E-01   0.794837714185E-02   0.121867565075E-01
       1093   0.464411657776E+07   0.319168224484E+07   0.909570813246E-02  -0.360681458022E-02   0.835001766554E-02
       1091   0.464456864165E+07   0.319026263353E+07   0.778804669107E-02  -0.239740067438E-02   0.740986783072E-02
       1083   0.463727803457E+07   0.320187260260E+07   0.370396118832E+00  -0.102437427717E+00   0.355949235493E+00
       1018   0.463734161194E+07   0.320129351981E+07   0.288535312360E+00  -0.161300951640E+00   0.239237600470E+00
       1151   0.463733514436E+07   0.320292634205E+07   0.104080586823E+00   0.379060743489E-01   0.969324408078E-01
       1152   0.463687816508E+07   0.320370690392E+07   0.716305826302E-01   0.295660076228E-01   0.652440921554E-01
       1082   0.463611487449E+07   0.320372320141E+07   0.342168805903E+00   0.831886862025E-01   0.331902296198E+00
       1141   0.463503730589E+07   0.320257879252E+07   0.162276118381E+00   0.342592570243E-02   0.162239950783E+00
       1248   0.463350855479E+07   0.320869014682E+07   0.335663689236E-02  -0.722113954902E-03   0.327804250480E-02
       1275   0.462536622070E+07   0.320808855112E+07   0.647845565061E-01   0.607680041308E-01   0.224563673743E-01
       1235   0.462575399938E+07   0.320722476391E+07   0.471015774122E-01   0.429990618281E-01   0.192260052174E-01
       1273   0.462635348646E+07   0.320701018846E+07   0.367975965555E-01   0.309102302164E-01   0.199654897317E-01
       1312   0.463088432802E+07   0.320897149856E+07   0.701263906336E-01  -0.515911699387E-01   0.474980194077E-01
       1350   0.462948138092E+07   0.321071966296E+07   0.588372564653E-01  -0.340567510546E-01   0.479787500459E-01
       1200   0.463341604155E+07   0.320538939147E+07   0.272187215521E-01  -0.264573200759E-01  -0.639288802760E-02
       1142   0.463405437910E+07   0.320470988823E+07   0.924025245770E-01   0.686395539409E-01   0.618614434280E-01
       1199   0.463399715770E+07   0.320273183450E+07   0.785255660647E-01   0.141933153217E-01   0.772322104174E-01
       1193   0.463119188481E+07   0.320197962408E+07   0.842325652951E-01   0.789459665314E-01   0.293710644105E-01
       1195   0.463145863180E+07   0.320261221710E+07   0.148078670435E+00   0.131901690581E+00   0.672996037114E-01
       1241   0.463059631107E+07   0.320277790358E+07   0.123987499679E+00   0.113175501605E+00   0.506379888330E-01
       1063   0.463128445571E+07   0.320086376282E+07   0.699577830042E-02  -0.381621480491E-02  -0.586322595432E-02
       1247   0.463265275572E+07   0.320599703381E+07   0.423766135587E-01  -0.408328244451E-01  -0.113339236165E-01
       1067   0.463543839968E+07   0.319782396984E+07   0.151949816481E+00  -0.107856676390E+00   0.107031229493E+00
       1068   0.463646999162E+07   0.319803117240E+07   0.117200172982E+00  -0.890899810192E-01   0.761502188380E-01
       1238   0.462757718504E+07   0.320457745248E+07   0.234560300103E-01   0.162670269669E-01   0.168987921905E-01
       1231   0.462663779920E+07   0.320535984256E+07   0.368688885620E-01   0.300624687389E-01   0.213439199098E-01
       1189   0.462680886736E+07   0.320438207412E+07   0.193604727913E-01  -0.140568646883E-01   0.133128682800E-01
       1130   0.462914051768E+07   0.320226735943E+07   0.106190212101E-01  -0.106186416745E-01  -0.897800057673E-04
       1129   0.462861838314E+07   0.320232068672E+07   0.113688808242E-01  -0.901585625465E-02   0.692573369330E-02
       1060   0.462934677677E+07   0.320163283990E+07   0.534441295920E-02  -0.534070745979E-02  -0.198981676117E-03
       1127   0.462802294761E+07   0.320229283899E+07   0.961089681106E-02  -0.450439910692E-02   0.848997798574E-02
       1057   0.462849976370E+07   0.320109404979E+07   0.864386087795E-02   0.349643472322E-02  -0.790514232026E-02
        940   0.463537323880E+07   0.319534363002E+07   0.149981699629E+00  -0.936757736029E-01   0.117129670295E+00
       1655   0.463511767305E+07   0.319683421801E+07   0.163353020570E+00  -0.103461949026E+00   0.126411369873E+00
       1007   0.463415004931E+07   0.319706270801E+07   0.163791528324E+00  -0.865341107454E-01   0.139066575525E+00
        998   0.462862482056E+07   0.320021788258E+07   0.820839771421E-02   0.414565228399E-02  -0.708458609764E-02
        833   0.463235832173E+07   0.319639387447E+07   0.623296414108E-01  -0.435294153422E-02   0.621774565128E-01
        800   0.463175785099E+07   0.319651687752E+07   0.378238457345E-01   0.686630209559E-02   0.371953922103E-01
        801   0.463225530287E+07   0.319576047698E+07   0.370497890012E-01  -0.102385752683E-01   0.356069998949E-01
        762   0.463156786976E+07   0.319536509400E+07   0.131928069298E-01   0.112003039938E-01  -0.697160993842E-02
        761   0.463097965559E+07   0.319585978308E+07   0.151155349509E-01  -0.271792960151E-02   0.148691713129E-01
        746   0.463130254507E+07   0.319485378598E+07   0.189633209652E-01   0.168129485275E-01   0.877110619245E-02
       1011   0.463733760374E+07   0.319817339894E+07   0.658885672756E-01  -0.471140898360E-01   0.460604584926E-01
       1073   0.463624488843E+07   0.319943834376E+07   0.933600835493E-01  -0.697509839113E-01   0.620556640746E-01
        936   0.463045374550E+07   0.320007850021E+07   0.104423514102E-02  -0.828030841835E-03   0.636232626248E-03
       1002   0.462997288384E+07   0.320110698940E+07   0.202313030180E-02  -0.200257599724E-02   0.287655337718E-03
       1001   0.462967980047E+07   0.320081778808E+07   0.220574312604E-02  -0.214746280771E-02  -0.503692592331E-03
        778   0.463142501267E+07   0.319612828211E+07   0.148999276952E-01  -0.659682471292E-02   0.133600055774E-01
       1008   0.463631924901E+07   0.319578018093E+07   0.139158341407E+00  -0.896051763466E-01   0.106470448270E+00
        946   0.463752524707E+07   0.319518998844E+07   0.105098497488E+00  -0.503868713608E-01   0.922326263785E-01
       1010   0.463691004474E+07   0.319653704152E+07   0.107289475440E+00  -0.669503433332E-01   0.838372415322E-01
        781   0.463271325436E+07   0.319432182987E+07   0.325862919894E-01  -0.313404369883E-01   0.892431706062E-02
        779   0.463215449867E+07   0.319518517275E+07   0.210318694835E-01  -0.192042075250E-01   0.857542694595E-02
        763   0.463198449599E+07   0.319455978689E+07   0.262073434705E-01   0.239831377283E-01   0.105656971604E-01
        815   0.464039619150E+07   0.318842070045E+07   0.117362921101E+00   0.594401054726E-01   0.101197475812E+00
        838   0.463893139981E+07   0.319012125678E+07   0.707780756012E-01   0.475647099996E-01   0.524131123715E-01
        807   0.463900719148E+07   0.318828103850E+07   0.294127035725E-01   0.154935966570E-01   0.250011118568E-01
        784   0.463893254934E+07   0.318527717585E+07   0.134290045530E-01   0.376326838352E-02   0.128909260473E-01
        805   0.463744601904E+07   0.318791132252E+07   0.120075562995E-01   0.653373787483E-02   0.100743078009E-01
        783   0.463746919422E+07   0.318574344512E+07   0.859694449017E-02   0.203629308715E-02   0.835230297764E-02
        939   0.463408046655E+07   0.319619733965E+07   0.138312710202E+00  -0.699185525210E-01   0.119339020512E+00
        804   0.463376608423E+07   0.319355202147E+07   0.492546033529E-01  -0.466003974792E-01   0.159505142938E-01
        782   0.463310545470E+07   0.319334819752E+07   0.175627712033E-01   0.131570476990E-01   0.116337022561E-01
        803   0.463404787946E+07   0.319205991694E+07   0.194343153691E-01   0.109094738361E-01   0.160834074277E-01
        837   0.463709571814E+07   0.319057400051E+07   0.477439671955E-01   0.218372569177E-01   0.424572798690E-01
        941   0.463690420841E+07   0.319385731234E+07   0.132769767745E+00  -0.915327569276E-01   0.961746621330E-01
        942   0.463746995515E+07   0.319435343683E+07   0.120997111281E+00  -0.803969438395E-01   0.904247331183E-01
        945   0.463809099671E+07   0.319540631059E+07   0.557799762388E-01  -0.328716180002E-02   0.556830343686E-01
       1009   0.463766093604E+07   0.319677776671E+07   0.540131057970E-01  -0.388969773804E-01   0.374758688826E-01
       1140   0.463521434778E+07   0.320111126567E+07   0.876226034111E-01  -0.122983671989E-01   0.867552349589E-01
        951   0.463772878714E+07   0.320024143543E+07   0.701564654883E-01  -0.539291695447E-01   0.448728684399E-01
       1027   0.464384144490E+07   0.318980346714E+07   0.178211240696E-01  -0.190396390207E-02   0.177191248250E-01
       1028   0.464317555572E+07   0.319171691991E+07   0.338003419964E-01  -0.120285622048E-01   0.315876053280E-01
        839   0.463935604355E+07   0.319142393246E+07   0.231377567444E-01   0.222729067360E-01   0.626685030080E-02
        885   0.463851320447E+07   0.319284522244E+07   0.934282556356E-01  -0.738132715528E-01   0.572751245637E-01
        884   0.463775793251E+07   0.319201843574E+07   0.736206168992E-01  -0.382966293488E-01   0.628757776345E-01
        842   0.463967752798E+07   0.319428540341E+07   0.480878107854E-01   0.476170212631E-01   0.671243861536E-02
        889   0.463892784469E+07   0.319494250905E+07   0.462138603920E-01   0.417994376960E-01   0.197111110958E-01
        888   0.463896449636E+07   0.319435175461E+07   0.501369109653E-01   0.465349767627E-01   0.186602727429E-01
        891   0.463825698823E+07   0.319400971392E+07   0.105694227193E+00  -0.546611185220E-01   0.904623224547E-01
        818   0.464140528327E+07   0.319147777172E+07   0.150089791351E+00   0.127243668107E+00  -0.795989597576E-01
        791   0.464077677499E+07   0.319241234571E+07   0.763632495319E-01   0.716683768603E-01  -0.263626561121E-01
        792   0.464051081113E+07   0.319203168343E+07   0.109053471397E+00   0.106695765972E+00  -0.225537834367E-01
        809   0.464012583723E+07   0.319284519488E+07   0.642333505772E-01   0.642333492153E-01   0.132271635599E-04
        841   0.463959672468E+07   0.319360686113E+07   0.482160972254E-01   0.477566636704E-01   0.664026405490E-02
        811   0.463960155343E+07   0.319287658426E+07   0.547810273791E-01   0.524231085210E-01   0.158990142370E-01
       1022   0.464711682179E+07   0.318506449217E+07   0.229651011506E-01   0.167097520411E-01   0.157537315447E-01
        954   0.464782142773E+07   0.318348406930E+07   0.434157029557E-01   0.363568010820E-01   0.237298604763E-01
        789   0.464183945855E+07   0.318455136605E+07   0.476672400356E-01   0.655374330698E-02   0.472145551846E-01
        790   0.464289306983E+07   0.318350601125E+07   0.697469818416E-01  -0.617234794424E-03   0.697442506392E-01
       1153   0.464225154147E+07   0.319548666345E+07   0.230167932266E-01  -0.163650816494E-01   0.161850818054E-01
        902   0.464232934745E+07   0.318952751628E+07   0.144836360323E+00   0.442006577783E-01   0.137927057257E+00
        852   0.464158089542E+07   0.319071157668E+07   0.144790846782E+00   0.138699222684E+00   0.415561660720E-01
        850   0.464162673527E+07   0.319007062306E+07   0.165621098047E+00   0.113205515027E+00   0.120891933089E+00
        904   0.465118255238E+07   0.318155077619E+07   0.154201591460E-01   0.640532542145E-02   0.140268711527E-01
        952   0.465005174197E+07   0.318244557230E+07   0.151695444956E-01  -0.502914991620E-02   0.143116292337E-01
       1157   0.464730967205E+07   0.318805730075E+07   0.736953319174E-02  -0.217940978096E-02   0.703990003273E-02
       1090   0.464559762376E+07   0.318853491529E+07   0.651723212830E-02   0.876365367023E-03   0.645804137163E-02
       1088   0.464703934373E+07   0.318655752943E+07   0.883615681690E-02   0.213380997551E-02   0.857464414896E-02
        955   0.464811122860E+07   0.318401382144E+07   0.234010356432E-01   0.186803151933E-01   0.140944774097E-01
        895   0.464872480421E+07   0.318329606000E+07   0.200421726071E-01   0.148827504822E-01   0.134235770530E-01
        844   0.464909971849E+07   0.318254546381E+07   0.293464874382E-01   0.206536507583E-01   0.208480942850E-01
        765   0.463902630361E+07   0.318358567503E+07   0.319947143088E-01   0.886225589218E-02   0.307428392346E-01
        766   0.464010953377E+07   0.318329888988E+07   0.644198484840E-01   0.101152292905E-01   0.636207435912E-01
        958   0.464391975278E+07   0.318730020313E+07   0.113414366398E+00   0.126568403468E-01   0.112705913323E+00
        808   0.464123003728E+07   0.319258888770E+07   0.682515256664E-01   0.590784004231E-01  -0.341762104283E-01
        747   0.463923174273E+07   0.318184604738E+07   0.378809257394E-01   0.796489745851E-02   0.370341051377E-01
        900   0.464470603152E+07   0.318591865113E+07   0.115821447546E+00   0.282290569241E-01   0.112328660888E+00
        847   0.464472490710E+07   0.318471634691E+07   0.115720794816E+00   0.120018950787E-01   0.115096728309E+00
        898   0.464532088541E+07   0.318490150312E+07   0.101261825662E+00   0.427955308155E-01   0.917741787141E-01
        725   0.463687302077E+07   0.318107914591E+07   0.208787286466E-01   0.164287773300E-02   0.208139919922E-01
        724   0.463582182805E+07   0.318138222874E+07   0.119888075382E-01  -0.169904799031E-02   0.118678027501E-01
        710   0.463650323174E+07   0.318063617878E+07   0.112934009681E-01  -0.258048786226E-02   0.109946345013E-01
        787   0.463954160678E+07   0.318626940545E+07   0.142879916024E-01   0.554739914801E-02   0.131671206694E-01
        785   0.463533959176E+07   0.318807783811E+07   0.122707774865E-01   0.941579492988E-02   0.786859491657E-02
        788   0.464089433365E+07   0.318480598683E+07   0.293872992544E-01   0.505219541930E-02   0.289497612929E-01
        772   0.464025488810E+07   0.318432401965E+07   0.626080462828E-01   0.120504232681E-01   0.614374052057E-01
        773   0.464119930647E+07   0.318358184479E+07   0.615189262578E-01   0.254279049565E-02   0.614663526200E-01
        685   0.463520653735E+07   0.317867194441E+07   0.514109542400E-01   0.439443446925E-01  -0.266829680774E-01
        704   0.463433121343E+07   0.317966257163E+07   0.425928879107E-01   0.328962829818E-01  -0.270552890680E-01
        806   0.463553208758E+07   0.319020450739E+07   0.281630253387E-01   0.151550791497E-01   0.237377246633E-01
        786   0.463356663810E+07   0.319101342360E+07   0.752958161757E-01   0.356164436418E-01   0.663394971029E-01
        718   0.462666902539E+07   0.319384068018E+07   0.485630027061E-01   0.305281852664E-01   0.377676466857E-01
        836   0.463514551424E+07   0.319234812983E+07   0.524000941180E-01  -0.435848061590E-01   0.290883917682E-01
        835   0.463416486285E+07   0.319432690448E+07   0.949873566051E-01  -0.736585823015E-01   0.599750878961E-01
        755   0.463099264921E+07   0.319167579565E+07   0.245465851864E+00   0.149885719135E+00   0.194390729282E+00
        770   0.463215846878E+07   0.319156720693E+07   0.321682844014E+00   0.162062729186E+00   0.277876814330E+00
        756   0.463089094257E+07   0.319344205306E+07   0.314976566394E+00   0.173674056903E+00   0.262769022787E+00
        734   0.463211766262E+07   0.318422566544E+07   0.751157522165E-02   0.397297912756E-02  -0.637488816863E-02
        714   0.463164430711E+07   0.318085733318E+07   0.865217991595E-02   0.533165847571E-02  -0.681422300753E-02
        713   0.462919815165E+07   0.318238679645E+07   0.848860906308E-02   0.447308748081E-02  -0.721442805874E-02
        620   0.463086122514E+07   0.317331976999E+07   0.635545808173E-01  -0.362811529273E-01  -0.521810567652E-01
        670   0.462955881120E+07   0.317682285683E+07   0.350971872437E-01  -0.886748244792E-02  -0.339585086165E-01
        671   0.462787411294E+07   0.317822555628E+07   0.144586590300E-01  -0.238259367796E-02  -0.142609981527E-01
        721   0.463279806292E+07   0.318169129172E+07   0.132115072561E-01   0.969597403021E-02  -0.897396298101E-02
        708   0.463568968528E+07   0.318055378128E+07   0.240812852583E-01  -0.405747808465E-03   0.240778667744E-01
        709   0.463632063611E+07   0.318018258384E+07   0.189848821317E-01  -0.826781972836E-02   0.170900235955E-01
        689   0.463635853416E+07   0.317956959244E+07   0.220087192282E-01  -0.216613316124E-02   0.219018626878E-01
        674   0.463349489536E+07   0.317658104638E+07   0.494982555447E-01   0.685791473153E-02  -0.490208762417E-01
        696   0.463324433675E+07   0.317829983527E+07   0.226171149309E-01   0.884701803194E-02  -0.208149984323E-01
        760   0.466681243304E+07   0.317295084839E+07   0.220711483710E-02  -0.202895252709E-02   0.868739055737E-03
        777   0.466643957699E+07   0.317360853965E+07   0.482734009957E-02  -0.358127783086E-02   0.323692161399E-02
        775   0.466612732821E+07   0.317330001698E+07   0.330196223805E-02  -0.309806640752E-02   0.114233933492E-02
        695   0.463137861495E+07   0.317866078797E+07   0.160747164500E-01   0.225798190330E-02  -0.159153393515E-01
        694   0.462858886703E+07   0.318006995852E+07   0.120455627804E-01  -0.248817161565E-03  -0.120429926811E-01
        666   0.462677298199E+07   0.317765796787E+07   0.155711732446E-01  -0.439506615214E-02  -0.149380329940E-01
        665   0.462478949793E+07   0.317925694089E+07   0.162662123396E-01  -0.531654994741E-02  -0.153728318970E-01
        633   0.462606543975E+07   0.317618669445E+07   0.394269264753E-01  -0.103137079393E-01  -0.380540399935E-01
        608   0.462750584624E+07   0.317415459704E+07   0.731346575139E-01  -0.164129166649E-01  -0.712691679215E-01
        629   0.461869262832E+07   0.318177107465E+07   0.288231166875E-01  -0.965632046657E-02  -0.271574581032E-01
        603   0.461977362805E+07   0.317887074714E+07   0.135031061788E+00  -0.646064336850E-01  -0.118572325499E+00
        634   0.462744538085E+07   0.317570716453E+07   0.507591532893E-01  -0.128015239357E-01  -0.491183532660E-01
        618   0.462842964889E+07   0.317424360989E+07   0.688850834991E-01  -0.207774548222E-01  -0.656768764466E-01
        605   0.462426664416E+07   0.317552593176E+07   0.607084835276E-01  -0.331816527811E-01  -0.508379571869E-01
        583   0.462432571528E+07   0.317443346334E+07   0.547103421062E-01  -0.288438531231E-01  -0.464892855439E-01
        673   0.463091557611E+07   0.317695144923E+07   0.312695699651E-01  -0.341886209491E-02  -0.310821071966E-01
        581   0.462157969449E+07   0.317633214035E+07   0.116355716335E+00  -0.967657938504E-01  -0.646145019666E-01
        578   0.462396040431E+07   0.317396171136E+07   0.545912844804E-01  -0.335447195414E-01  -0.430692481024E-01
        577   0.462303965056E+07   0.317486315856E+07   0.614636379678E-01  -0.400887116592E-01  -0.465904924822E-01
        556   0.462299029392E+07   0.317399209604E+07   0.542782719240E-01  -0.272026720365E-01  -0.469696224929E-01
        604   0.462146033635E+07   0.317768205497E+07   0.126638920120E+00  -0.961188999909E-01  -0.824534605318E-01
        582   0.462079196674E+07   0.317725598847E+07   0.165083585923E+00  -0.135511818414E+00  -0.942822221372E-01
        632   0.462430195330E+07   0.317732257959E+07   0.296612641066E-01  -0.135212098308E-01  -0.264001415358E-01
        580   0.462008398187E+07   0.317716941635E+07   0.171208335663E+00  -0.121639750639E+00  -0.120482634704E+00
        559   0.462045990187E+07   0.317611735711E+07   0.165045069425E+00  -0.136105396918E+00  -0.933552134141E-01
        561   0.462087149350E+07   0.317638215508E+07   0.144558312833E+00  -0.126168416554E+00  -0.705594534657E-01
        562   0.462482159087E+07   0.317335900835E+07   0.468676531466E-01  -0.201824874168E-01  -0.422994575987E-01
        617   0.461722915352E+07   0.319549910146E+07   0.305965821933E+00   0.162576625934E+00   0.259198620543E+00
        635   0.461737748493E+07   0.318521359520E+07   0.153554921595E-01  -0.200410785150E-02  -0.152241482908E-01
        663   0.462032495630E+07   0.318305255600E+07   0.192747596812E-01  -0.784228459825E-02  -0.176072409266E-01
        716   0.462567650696E+07   0.319383421241E+07   0.519731884457E-01   0.316718593287E-01   0.412080774105E-01
        701   0.462450196379E+07   0.319406854692E+07   0.657647279746E-01   0.307170758306E-01   0.581503284427E-01
        654   0.462171476050E+07   0.319650621486E+07   0.192720376096E+00   0.626075833024E-01   0.182267478930E+00
        682   0.462549340204E+07   0.319558263565E+07   0.481725342776E-01   0.253477718158E-01   0.409644177635E-01
        703   0.462599992299E+07   0.319545277199E+07   0.389181094989E-01   0.323136577980E-01   0.216897848463E-01
        683   0.462527510349E+07   0.319629557748E+07   0.177397388894E-01   0.828949218881E-02   0.156838341969E-01
        874   0.462420115607E+07   0.320385048564E+07   0.926989261179E-02   0.975013025584E-03   0.921847376923E-02
        928   0.462502836043E+07   0.320342181724E+07   0.390528876977E-02  -0.750305555499E-03   0.383253466373E-02
        929   0.462451197368E+07   0.320428459433E+07   0.277714123344E-02  -0.928198079412E-03   0.261743419322E-02
        698   0.462509319177E+07   0.319522018399E+07   0.735589675349E-01   0.372380738436E-01   0.634369573767E-01
        678   0.462414967810E+07   0.319603974767E+07   0.923799838237E-01   0.552062316767E-01   0.740697873315E-01
        699   0.462461061926E+07   0.319499009902E+07   0.104609812785E+00   0.464028364381E-01   0.937549449436E-01
        832   0.462577026099E+07   0.320070213660E+07   0.351939678626E-02  -0.224532427758E-02  -0.271010564880E-02
        878   0.462636627633E+07   0.320072352494E+07   0.106565456532E-01  -0.599031620920E-02  -0.881351671994E-02
        877   0.462564735450E+07   0.320149686049E+07   0.769028835521E-02  -0.584616512028E-02  -0.499628745896E-02
        932   0.462820598155E+07   0.320010800937E+07   0.921854165955E-02  -0.245316617721E-02  -0.888614010894E-02
        933   0.462879283584E+07   0.319936255925E+07   0.600515099036E-02  -0.242008284759E-04  -0.600510222536E-02
        879   0.462733794253E+07   0.320002545512E+07   0.102855617886E-01  -0.731581812152E-02  -0.722990916405E-02
        931   0.462764527243E+07   0.320040179340E+07   0.107689073415E-01  -0.588135666963E-02  -0.902103148504E-02
        935   0.462698232333E+07   0.320101369678E+07   0.940749108485E-02  -0.388959408670E-02  -0.856574260367E-02
        934   0.462618978806E+07   0.320177083002E+07   0.514617177803E-02  -0.212450046453E-02  -0.468717204135E-02
        994   0.462582953722E+07   0.320289276381E+07   0.327033388519E-02   0.196520639590E-02   0.261400985884E-02
        995   0.462530623758E+07   0.320410103089E+07   0.289970188282E-02  -0.216562006673E-02   0.192830514593E-02
        798   0.462355693588E+07   0.320318269922E+07   0.186750646248E-01  -0.125372854680E-01   0.138410444633E-01
        797   0.462370092048E+07   0.320249292876E+07   0.119348511738E-01  -0.115392052232E-01   0.304752610441E-02
        828   0.462445174654E+07   0.320227901010E+07   0.696127223435E-02  -0.635541041379E-02  -0.284043475422E-02
        996   0.462551605349E+07   0.320479718671E+07   0.115215839921E-01  -0.115141590022E-01   0.413570018058E-03
        993   0.462497578857E+07   0.320502754664E+07   0.756230737648E-02  -0.753638711240E-02   0.625589440878E-03
        927   0.462541685222E+07   0.320244561377E+07   0.217302554199E-02  -0.213577406661E-02   0.400635922670E-03
        872   0.462503755073E+07   0.320210408308E+07   0.572443030158E-02  -0.541703017283E-02  -0.185064485633E-02
       1500   0.461470033822E+07   0.322441879024E+07   0.364819175344E-01   0.361653342067E-01   0.479571774670E-02
       1459   0.461538030348E+07   0.322179185197E+07   0.124294783746E-01   0.119080379566E-01   0.356238188445E-02
       1265   0.461946680814E+07   0.321437642286E+07   0.582410474741E-02   0.491371200708E-02   0.312660045742E-02
       1266   0.461986599466E+07   0.321356791201E+07   0.842491318042E-02   0.442448497314E-03  -0.841328719496E-02
       1299   0.462037381748E+07   0.321383742013E+07   0.272188542035E-01   0.264103759789E-01  -0.658468410828E-02
       1412   0.461508112463E+07   0.322043403407E+07   0.937838962776E-02   0.937838922066E-02  -0.276330759676E-05
       1327   0.461665066580E+07   0.321795482084E+07   0.167239517599E-01  -0.166575117340E-01   0.148924991169E-02
       1177   0.462147035411E+07   0.321005920164E+07   0.802341455837E-02  -0.754019227684E-02  -0.274238611502E-02
       1179   0.462228658344E+07   0.320945630691E+07   0.604239168378E-02  -0.384225998555E-02  -0.466342529303E-02
       1226   0.462168947195E+07   0.321045146114E+07   0.195648960118E-02  -0.161723321955E-02   0.110109412545E-02
       1229   0.461982710432E+07   0.321294017104E+07   0.161755427788E-01  -0.883666582228E-02  -0.135484877878E-01
       1225   0.461929011940E+07   0.321374929471E+07   0.103868026512E-01  -0.725514898202E-02  -0.743293229912E-02
       1184   0.462593258137E+07   0.320605732727E+07   0.523435519136E-01   0.474556070742E-01   0.220864841963E-01
       1188   0.462561928591E+07   0.320682091698E+07   0.425851949851E-01   0.363441006566E-01   0.221947106172E-01
       1124   0.462531443766E+07   0.320641208974E+07   0.264975362482E-01   0.500877943474E-02   0.260198300494E-01
       1053   0.462503239512E+07   0.320557113558E+07   0.297286853129E-01  -0.245702826234E-01   0.167360671080E-01
        992   0.462443521224E+07   0.320574529561E+07   0.165174498152E-01  -0.125072241154E-01   0.107886743081E-01
       1051   0.462383536310E+07   0.320660231104E+07   0.424882335222E-01  -0.151493212391E-01   0.396956931396E-01
       1052   0.462442183999E+07   0.320631424586E+07   0.699936319650E-01  -0.399888751624E-01   0.574456123555E-01
       1121   0.462403447857E+07   0.320708895725E+07   0.834467522175E-01  -0.389147088218E-01   0.738173820516E-01
       1178   0.462302556639E+07   0.320874754574E+07   0.437709051576E-02   0.146212049470E-02  -0.412566661791E-02
       1227   0.462285800587E+07   0.320941050490E+07   0.402715141378E-02   0.285157588971E-02  -0.284367077116E-02
       1181   0.462097216315E+07   0.321081299276E+07   0.316687335507E-02  -0.145926579878E-02   0.281062807492E-02
       1123   0.462482393980E+07   0.320642038302E+07   0.964685310100E-01  -0.368676003156E-01   0.891457094997E-01
       1125   0.462647851397E+07   0.320382477237E+07   0.176790880815E-01  -0.176064708952E-01   0.160073046064E-02
       1058   0.462708231556E+07   0.320276135917E+07   0.727550709233E-02  -0.925250938070E-03   0.721643361724E-02
       1128   0.462726414530E+07   0.320334891112E+07   0.146803452236E-01  -0.887549133738E-02   0.116935105680E-01
       1187   0.462512536524E+07   0.320665719217E+07   0.979840405992E-01   0.998480649157E-02   0.974739752522E-01
       1186   0.462436712628E+07   0.320737070293E+07   0.823535376289E-01   0.324886375031E-03   0.823528967848E-01
       1419   0.462581903390E+07   0.321366526980E+07   0.361952744438E-01  -0.322009618595E-01   0.165286402159E-01
       1300   0.462227659573E+07   0.321139559010E+07   0.991297509000E-01   0.986578396936E-01   0.966116869226E-02
       1270   0.462147151542E+07   0.321174299346E+07   0.435078404332E-01   0.431309002373E-01   0.571468493291E-02
       1267   0.462189510631E+07   0.321089059583E+07   0.246033323300E-01   0.241050635670E-01   0.492644620078E-02
       1230   0.462109900386E+07   0.321142713459E+07   0.105949137802E-01   0.363526908603E-02   0.995173435544E-02
       1302   0.462326586978E+07   0.321105037676E+07   0.205856135846E+00   0.204201064197E+00   0.260513732116E-01
       1334   0.462382762957E+07   0.321173455864E+07   0.124514465144E+00   0.124500981695E+00   0.183237203246E-02
       1333   0.462246419319E+07   0.321238490862E+07   0.120164533450E+00   0.120150960355E+00  -0.180605232957E-02
       1269   0.462046159321E+07   0.321272106041E+07   0.207827018209E-01   0.207115266909E-01  -0.171853341883E-02
       1180   0.461901832346E+07   0.321328653631E+07   0.199961999667E-01  -0.138161220182E-01  -0.144555451466E-01
       1330   0.461909207141E+07   0.321611892480E+07   0.474351560409E-02   0.268622251174E-02  -0.390962260373E-02
       1296   0.461880552051E+07   0.321536609584E+07   0.894105939913E-02  -0.129619092274E-02   0.884660569205E-02
       1298   0.461960064592E+07   0.321499442392E+07   0.917468373827E-02   0.916786180571E-02  -0.353739464383E-03
       1295   0.461772013964E+07   0.321684720740E+07   0.203343276355E-01  -0.172295054387E-01  -0.107994917810E-01
       1331   0.462030278990E+07   0.321513265207E+07   0.286480424005E-01   0.269878093180E-01  -0.961085228258E-02
       1263   0.461890458520E+07   0.321451942695E+07   0.138149837098E-01   0.285982888086E-02   0.135157372597E-01
       1555   0.461594428225E+07   0.323004880614E+07   0.242884194536E-01   0.212952042429E-01  -0.116808217094E-01
       1460   0.461730783029E+07   0.322036488165E+07   0.132507181792E-01   0.130344277011E-01   0.238437135718E-02
       1503   0.462233902295E+07   0.322124101747E+07   0.145315524268E-01   0.619535886475E-02   0.131447154579E-01
       1418   0.462310002646E+07   0.321556928407E+07   0.415670360563E-01   0.406148838152E-01   0.884588600342E-02
       1372   0.462139849573E+07   0.321539621164E+07   0.516441127771E-01   0.504510352961E-01  -0.110366399820E-01
       1373   0.462282041416E+07   0.321360524528E+07   0.881948567244E-01   0.879257282979E-01  -0.688469722825E-02
       1371   0.461980031926E+07   0.321666464931E+07   0.194672835607E-01   0.185680369681E-01  -0.584834441406E-02
       1233   0.462316816216E+07   0.320969115523E+07   0.127644865463E+00   0.113711993964E+00   0.579896034459E-01
       1271   0.462298400005E+07   0.321049250912E+07   0.178561988394E+00   0.167850216008E+00   0.609154223931E-01
       1268   0.462255876718E+07   0.321033165825E+07   0.517474650490E-01   0.492403253292E-01   0.159119609247E-01
       1417   0.462068878608E+07   0.321751788113E+07   0.238671503225E-01   0.238622489340E-01   0.483673786600E-03
       1332   0.462143126063E+07   0.321383425340E+07   0.722299327592E-01   0.710353783856E-01  -0.130819801260E-01
       1307   0.462875639128E+07   0.320634106342E+07   0.491403656796E-01   0.272230988851E-01   0.409106150799E-01
       1308   0.463012244462E+07   0.320647242386E+07   0.401271616869E-01   0.866703885030E-02   0.391799890583E-01
       1313   0.463084832438E+07   0.321016593468E+07   0.704063449119E-01  -0.354205851169E-01   0.608476421386E-01
       1398   0.463024696034E+07   0.321417783458E+07   0.327032060773E-01  -0.109767997860E-01   0.308059986722E-01
       1463   0.462426755253E+07   0.321729082854E+07   0.253557089763E-01   0.949226859778E-02   0.235118866652E-01
       1374   0.462460101999E+07   0.321269981079E+07   0.527801734453E-01   0.518557647779E-01   0.983495644201E-02
       1316   0.463324875797E+07   0.321076114375E+07   0.122144940378E-01   0.122144869049E-01  -0.132004202332E-04
       1353   0.463192000366E+07   0.321240057000E+07   0.110898214148E-01  -0.110057220092E-01  -0.136316619249E-02
       1315   0.463207019713E+07   0.321082790650E+07   0.918169592413E-02   0.917713433276E-02   0.289388116128E-03
       1399   0.463167598026E+07   0.321465077371E+07   0.582008182955E-02  -0.549620200419E-02   0.191444927637E-02
       1401   0.463621450817E+07   0.321380039262E+07   0.466091822211E-02  -0.385094025141E-02   0.262572234885E-02
       1403   0.463815732560E+07   0.322158686804E+07   0.279359572189E-02   0.233644483045E-08   0.279359572189E-02
       1314   0.463093637379E+07   0.321122225083E+07   0.121156430526E+00  -0.739766267051E-01   0.959496709694E-01
       1491   0.462593989706E+07   0.321902344331E+07   0.263245511643E-01  -0.147062688225E-02   0.262834406152E-01
       1447   0.462931034218E+07   0.321720620628E+07   0.140591056493E-01  -0.258715078220E-02   0.138190123558E-01
       1492   0.462773733512E+07   0.322119263727E+07   0.681886594348E-02  -0.288155045451E-02   0.618009706503E-02
       1446   0.462824545016E+07   0.321591654102E+07   0.430398904501E-01  -0.772358239522E-02   0.423412144953E-01
       1400   0.463366567195E+07   0.321404651071E+07   0.404432186971E-02  -0.379553636117E-02   0.139658265665E-02
       1552   0.461986760159E+07   0.323013008807E+07   0.401793894375E-02  -0.821238738871E-03   0.393311584999E-02
       1526   0.462336802568E+07   0.322406919090E+07   0.108510275472E-01  -0.848105248769E-02   0.676879217669E-02
       1451   0.463265823251E+07   0.322949010488E+07   0.279359572076E-02   0.822347226959E-08   0.279359572075E-02
        987   0.467036330700E+07   0.317470102315E+07   0.391045542860E-03  -0.270452343494E-03   0.282439633354E-03
       1108   0.466791092805E+07   0.317832293943E+07   0.165921191012E-02  -0.165642637951E-02   0.961031317002E-04
       1172   0.466545444245E+07   0.318031098750E+07   0.514991302123E-03  -0.486991525050E-03  -0.167497151591E-03
       1105   0.466485974993E+07   0.317940378475E+07   0.524386429784E-03  -0.328985493879E-03  -0.408349938850E-03
        982   0.466481228961E+07   0.317713693196E+07   0.314746520477E-02  -0.151762400398E-02   0.275741810356E-02
        985   0.466698138309E+07   0.317688656087E+07   0.505162285783E-03   0.227825980819E-03  -0.450870555083E-03
        980   0.466384776702E+07   0.317695705148E+07   0.272902639878E-02   0.362428817293E-03   0.270485312682E-02
        918   0.466440738098E+07   0.317604734605E+07   0.386425106103E-02  -0.377412509556E-02  -0.829708398034E-03
        919   0.466454979115E+07   0.317644185497E+07   0.273820990947E-02  -0.990455344019E-03   0.255280075992E-02
       1106   0.466591733767E+07   0.317890129559E+07   0.807838409041E-03  -0.706843679220E-03  -0.391120068864E-03
        823   0.466552734037E+07   0.317510057984E+07   0.743830989495E-02  -0.724155166710E-02   0.169952450588E-02
        824   0.466616993243E+07   0.317492094427E+07   0.708495363571E-02  -0.691683891766E-02   0.153424489809E-02
        867   0.466565175710E+07   0.317572840929E+07   0.630346682235E-02  -0.630296403179E-02  -0.796140337371E-04
       1043   0.466588826424E+07   0.317783115736E+07   0.250234291439E-02  -0.702420506359E-03   0.240173385150E-02
        983   0.466545430456E+07   0.317687741386E+07   0.243091198105E-02   0.321110239060E-03   0.240961019129E-02
        827   0.466801937898E+07   0.317366525754E+07   0.146856390498E-02  -0.316363590351E-03   0.143408298983E-02
        870   0.466910395410E+07   0.317310728086E+07   0.104221791005E-02  -0.103588632637E-02   0.114706978273E-03
        868   0.466726626733E+07   0.317491498475E+07   0.359384806318E-03  -0.323216580385E-03   0.157125685921E-03
        825   0.466723610929E+07   0.317354159992E+07   0.112280997215E-02   0.394055655689E-03   0.105139068560E-02
        826   0.466815136324E+07   0.317246913254E+07   0.122704083842E-02   0.401914052362E-03   0.115935081562E-02
        793   0.466583919689E+07   0.317398120156E+07   0.569172966975E-02  -0.498107721548E-02   0.275402549135E-02
        866   0.466504454784E+07   0.317577519656E+07   0.474329666222E-02  -0.474028435764E-02   0.169019036014E-03
        795   0.466600068219E+07   0.317438678721E+07   0.719129900505E-02  -0.611721449349E-02   0.378080258949E-02
        796   0.466659748123E+07   0.317408736611E+07   0.560158270291E-02  -0.439366526152E-02   0.347468478388E-02
        759   0.466679693702E+07   0.317244648862E+07   0.713736123974E-03  -0.713303245127E-03  -0.248542784265E-04
        776   0.466615699517E+07   0.317262884076E+07   0.144626630551E-02  -0.142305142897E-02   0.258090792127E-03
        966   0.466297814703E+07   0.317657812705E+07   0.335847731982E-02   0.111617588244E-02   0.316757340991E-02
        981   0.466426084021E+07   0.317718492349E+07   0.235854236063E-02  -0.132984575856E-02   0.194787892984E-02
        965   0.466371521958E+07   0.317639535325E+07   0.257618291114E-02  -0.226727447433E-02   0.122318635116E-02
        905   0.466426297545E+07   0.317563515216E+07   0.378087872745E-02  -0.341369909590E-02  -0.162533148444E-02
        920   0.466502305603E+07   0.317635948431E+07   0.372950367702E-02  -0.334276712098E-02   0.165381548301E-02
        974   0.466022099793E+07   0.317754759674E+07   0.223454065190E-02   0.133235940269E-02   0.179387578919E-02
        864   0.465872247734E+07   0.317745278380E+07   0.702200308924E-03   0.689075430606E-03  -0.135130769215E-03
        863   0.465624885775E+07   0.317914172246E+07   0.789594588209E-02   0.148422279938E-02   0.775519464969E-02
        915   0.465576767797E+07   0.317993886651E+07   0.756577666146E-02   0.141397091371E-02   0.743247352812E-02
        916   0.465640578231E+07   0.317948781625E+07   0.100242626387E-01   0.437072208875E-03   0.100147296186E-01
        977   0.465702095602E+07   0.317953270657E+07   0.148309609353E-01   0.586452440965E-02   0.136222155215E-01
       1218   0.465973165388E+07   0.318412785137E+07   0.159722738372E-02  -0.102311733893E-02   0.122652608047E-02
       1173   0.466668481245E+07   0.318012245032E+07   0.106432794636E-02  -0.104824266754E-02  -0.184340140373E-03
       1262   0.466161529762E+07   0.318754932039E+07   0.279359572623E-02  -0.133578445190E-05   0.279359540688E-02
       1217   0.465062037540E+07   0.318933673150E+07   0.423611582445E-02  -0.676102616500E-03   0.418181330647E-02
       1034   0.465446161596E+07   0.318195387026E+07   0.521748306788E-02   0.379269388880E-02   0.358296003739E-02
       1156   0.464908467403E+07   0.318683108182E+07   0.742479207471E-02  -0.424950525067E-03   0.741262129101E-02
       1293   0.465650333176E+07   0.319500890021E+07   0.279359551728E-02  -0.231312371594E-06   0.279359550771E-02
       1360   0.464224126274E+07   0.321569948268E+07   0.279359571775E-02   0.813352525864E-07   0.279359571656E-02
       1357   0.463964008619E+07   0.320961601056E+07   0.465808838758E-02  -0.400502970928E-02   0.237855511904E-02
       1283   0.463315900745E+07   0.320981585224E+07   0.196083647370E-01   0.179218207378E-01   0.795589775585E-02
       1284   0.463416099127E+07   0.320898865258E+07   0.124332685154E-01   0.124237271929E-01   0.486999600847E-03
       1148   0.463563761350E+07   0.320497420514E+07   0.261564595081E-01   0.256739043201E-01  -0.500110097478E-02
       1149   0.463625076999E+07   0.320419108276E+07   0.133440481736E+00   0.632236889874E-01   0.117512243263E+00
       1143   0.463372902069E+07   0.320714424047E+07   0.153571550690E-01  -0.201834069447E-02   0.152239453708E-01
       1144   0.463318219248E+07   0.320795515155E+07   0.160807412544E-01  -0.496199696643E-03   0.160730838718E-01
       1080   0.463420504008E+07   0.320646442969E+07   0.396576098823E-02  -0.275450395552E-02  -0.285306294616E-02
       1078   0.463324196857E+07   0.320728137440E+07   0.196580882425E-01  -0.101512212419E-01   0.168342846788E-01
       1077   0.463372250949E+07   0.320645547287E+07   0.855415664512E-02  -0.794874469646E-02   0.316086280307E-02
       1154   0.464189125898E+07   0.319675565474E+07   0.193959450417E-01  -0.165892294461E-01   0.100498831061E-01
        810   0.464034398160E+07   0.319328124869E+07   0.552850215188E-01   0.545893594308E-01  -0.874273648605E-02
       1089   0.464834853123E+07   0.318601587338E+07   0.846355422364E-02   0.371499455461E-03   0.845539698957E-02
        855   0.465387429719E+07   0.317942335657E+07   0.538802127301E-02   0.521441761721E-02   0.135669530542E-02
        820   0.465443899582E+07   0.317870826192E+07   0.275626715495E-02   0.101407009183E-02   0.256294176257E-02
        949   0.463766602409E+07   0.319914974971E+07   0.302379229727E-01  -0.152766557828E-01   0.260951293118E-01
        950   0.463800185830E+07   0.319938999487E+07   0.299707865930E-01  -0.228055562705E-01   0.194461989138E-01
        948   0.463777488933E+07   0.319845793786E+07   0.407611609569E-01  -0.428147459943E-02   0.405356783316E-01
       1012   0.463707100851E+07   0.319929083928E+07   0.593869564883E-01  -0.339020055495E-01   0.487592516418E-01
        892   0.463822336225E+07   0.319858524050E+07   0.194631946561E-01  -0.753726447136E-02   0.179445142177E-01
        944   0.463866540493E+07   0.319616407901E+07   0.289330109933E-01   0.269521569532E-01   0.105214238916E-01
        947   0.463811721257E+07   0.319718932869E+07   0.369627586513E-01  -0.368437259559E-01   0.296401498004E-02
       1066   0.463413564662E+07   0.319824587722E+07   0.165563857322E+00  -0.110391792566E+00   0.123389800977E+00
       1245   0.463279425128E+07   0.320318139076E+07   0.565634317198E-01   0.322985841583E-01   0.464351512251E-01
       1197   0.463248325759E+07   0.320226043950E+07   0.654983939548E-01   0.481903498860E-01   0.443591004025E-01
       1137   0.463306383196E+07   0.320100377141E+07   0.481120534294E-01  -0.394837438336E-01   0.274918834945E-01
       1136   0.463207841907E+07   0.320155735029E+07   0.665161722546E-01   0.518097796284E-01   0.417150800821E-01
       1131   0.463175830118E+07   0.320103823331E+07   0.258444204975E-01   0.221565387742E-01   0.133049562345E-01
       1244   0.463156620813E+07   0.320358188737E+07   0.102778045867E+00   0.886774584602E-01   0.519580125996E-01
       1072   0.463449892918E+07   0.320505290747E+07   0.133523393211E+00  -0.509496640560E-01   0.123420534220E+00
       1079   0.463425278606E+07   0.320576529745E+07   0.116735515805E-01  -0.369400663858E-02  -0.110736679314E-01
       1015   0.463321216459E+07   0.320649160723E+07   0.146008399767E-01  -0.110557258993E-01   0.953705682393E-02
       1016   0.463380001487E+07   0.320561788638E+07   0.873014018620E-02  -0.689363549579E-02  -0.535659755086E-02
       1282   0.463152391838E+07   0.320745158806E+07   0.508200147537E-01  -0.494902552796E-01   0.115493953059E-01
       1309   0.463037130219E+07   0.320779075699E+07   0.577473468074E-01  -0.368930439114E-01   0.444258863080E-01
       1190   0.462787437565E+07   0.320341090800E+07   0.156282539826E-01  -0.461997012649E-02   0.149297755702E-01
       1277   0.462835458939E+07   0.320501435602E+07   0.311071339216E-01   0.192417665497E-01   0.244419352930E-01
       1132   0.463098439079E+07   0.320157265509E+07   0.119108537227E-01   0.565718732248E-02   0.104816347963E-01
       1133   0.463042421222E+07   0.320224673860E+07   0.288282464641E-01  -0.465594535123E-02   0.284497797369E-01
       1335   0.462703808942E+07   0.320850832544E+07   0.413161123045E-01   0.241949397466E-01   0.334906856695E-01
       1375   0.462660286906E+07   0.321076016638E+07   0.411803062321E-01   0.939922300166E-02   0.400932940569E-01
       1336   0.462539618423E+07   0.321047790664E+07   0.641573995976E-01   0.627305977798E-01   0.134552601359E-01
       1234   0.462513049339E+07   0.320754527187E+07   0.728246272059E-01   0.575733004328E-01   0.445953069836E-01
       1191   0.462873777773E+07   0.320285833813E+07   0.118604818973E-01  -0.874976773923E-02   0.800703411666E-02
       1304   0.462635997463E+07   0.320788359281E+07   0.415974954455E-01   0.326395393290E-01   0.257878285190E-01
       1055   0.462590539981E+07   0.320415851261E+07   0.769020009039E-02  -0.767530088039E-02  -0.478470297630E-03
       1272   0.462714664342E+07   0.320580158506E+07   0.317550147492E-01   0.238382282044E-01   0.209790332903E-01
       1061   0.462963056976E+07   0.320206239384E+07   0.327230487125E-02  -0.269855443494E-02  -0.185088712030E-02
       1059   0.462893607382E+07   0.320143921765E+07   0.422411187984E-02  -0.250003487884E-02   0.340484166710E-02
       1000   0.462930993999E+07   0.320055167730E+07   0.119962466311E-02  -0.119417533637E-02   0.114212951792E-03
       1069   0.463268310086E+07   0.320046250743E+07   0.416252598686E-01  -0.365387333268E-01   0.199394891109E-01
        937   0.463065300008E+07   0.320014433392E+07   0.376279038272E-02  -0.365993385486E-02  -0.873770932414E-03
       1062   0.463221568638E+07   0.320005914766E+07   0.130150894234E-01  -0.125688486604E-01  -0.337884537237E-02
       1003   0.463167037770E+07   0.320007076370E+07   0.570141195653E-02  -0.477172749647E-02   0.312037097114E-02
       1065   0.463297356651E+07   0.319940269061E+07   0.857173405440E-01  -0.708691509431E-01   0.482185225256E-01
       1006   0.463323841385E+07   0.319821822860E+07   0.161502249371E+00  -0.880733475851E-01   0.135373786225E+00
        938   0.463297149573E+07   0.319747871529E+07   0.140698554854E+00  -0.475482996600E-01   0.132420702828E+00
        883   0.463588048698E+07   0.319325898845E+07   0.111734862441E+00  -0.796577340867E-01   0.783538440984E-01
        802   0.463302428789E+07   0.319478721144E+07   0.545356360635E-01  -0.449328988139E-01   0.309058280108E-01
        780   0.463269321949E+07   0.319284747630E+07   0.564022546750E-01   0.110346628637E-01   0.553123001502E-01
        882   0.463467247919E+07   0.319491611752E+07   0.130834504303E+00  -0.871678884222E-01   0.975675496476E-01
        845   0.464313855679E+07   0.318540984228E+07   0.776157562452E-01   0.764745806164E-02   0.772380864775E-01
        903   0.464206403500E+07   0.319055194955E+07   0.111781233414E+00   0.352543870986E-01   0.106076257164E+00
        851   0.464178816591E+07   0.318922471515E+07   0.226883202358E+00   0.591610017977E-01   0.219034160300E+00
        819   0.464102629524E+07   0.319106178109E+07   0.197901757760E+00   0.195076778493E+00  -0.333190068499E-01
        843   0.463899336185E+07   0.319366240999E+07   0.480074352778E-01   0.476895802207E-01   0.551523166556E-02
        890   0.463843627672E+07   0.319441840215E+07   0.575672261118E-01   0.621547179358E-02   0.572307035828E-01
        943   0.463846257321E+07   0.319570471519E+07   0.374196601530E-01   0.295565568611E-01   0.229486581848E-01
        886   0.463912897661E+07   0.319530317285E+07   0.438039267953E-01   0.415017473629E-01   0.140138848472E-01
        887   0.463976314335E+07   0.319509154533E+07   0.450735401523E-01   0.442980737766E-01   0.832494333551E-02
        840   0.464063894903E+07   0.319377426239E+07   0.511100228851E-01   0.506480741242E-01  -0.685616706541E-02
        963   0.464255671427E+07   0.319130634754E+07   0.479620994128E-01  -0.877902619018E-02   0.471517940193E-01
        962   0.464287081181E+07   0.319003357829E+07   0.664594796526E-01  -0.118510256280E-01   0.653943088293E-01
        961   0.464336928983E+07   0.318875148829E+07   0.933301408071E-01  -0.442316804125E-02   0.932252689325E-01
        894   0.464845638660E+07   0.318299262149E+07   0.348570260598E-01   0.268303060021E-01   0.222518975723E-01
        893   0.464970788221E+07   0.318226757625E+07   0.367512214632E-01   0.162261348555E-01   0.329752153395E-01
        897   0.464356454921E+07   0.318617957308E+07   0.118414471530E+00   0.104788169754E-01   0.117949910820E+00
        846   0.464428394891E+07   0.318442850249E+07   0.900343022539E-01   0.772318460125E-02   0.897024414493E-01
        901   0.464266642268E+07   0.318800355304E+07   0.164254650596E+00   0.145582180009E-01   0.163608216576E+00
        774   0.464195907013E+07   0.318330341318E+07   0.562215628147E-01  -0.467012101529E-02   0.560272620697E-01
        812   0.464326036801E+07   0.318423598849E+07   0.826651954370E-01   0.872310034947E-03   0.826605928592E-01
        757   0.464110803470E+07   0.318286986146E+07   0.676882476460E-01   0.256598450215E-02   0.676395933823E-01
        749   0.464115874811E+07   0.318189970678E+07   0.705492917706E-01   0.140340640073E-01   0.691393348013E-01
        758   0.464200849836E+07   0.318250682233E+07   0.535929180014E-01  -0.173414502920E-01   0.507097126956E-01
        745   0.464187525314E+07   0.318193934810E+07   0.628593063286E-01  -0.306908396117E-02   0.627843381406E-01
        748   0.464008041876E+07   0.318191632605E+07   0.502859356085E-01   0.123715716976E-01   0.487403275917E-01
        738   0.463869354491E+07   0.318140388673E+07   0.209196645700E-01   0.787316097585E-03   0.209048439144E-01
        737   0.463816287638E+07   0.318103704715E+07   0.139851833912E-01   0.234919956670E-02   0.137864649523E-01
        726   0.463739189666E+07   0.318118597193E+07   0.186269555732E-01   0.343178450824E-02   0.183080946309E-01
        744   0.463013433122E+07   0.319338129921E+07   0.191481774106E+00   0.104408877647E+00   0.160511856519E+00
        876   0.462806697129E+07   0.319965107128E+07   0.966127914607E-02  -0.615601643144E-02  -0.744605777806E-02
        743   0.462944136964E+07   0.319243547817E+07   0.124080978138E+00   0.854015002855E-01   0.900148481341E-01
        733   0.462896195969E+07   0.319442517310E+07   0.811484557365E-01   0.571299783031E-01   0.576301782706E-01
        771   0.463206853704E+07   0.319273571105E+07   0.263439255991E+00   0.138475871418E+00   0.224108622395E+00
        707   0.463514982156E+07   0.318047702289E+07   0.208499813902E-01   0.617163406963E-02   0.199156385004E-01
        705   0.463338470755E+07   0.317962363392E+07   0.192398357818E-01   0.143294873580E-01  -0.128388890862E-01
        702   0.462589513215E+07   0.319477451285E+07   0.666995630398E-01   0.413730187651E-01   0.523173492062E-01
        692   0.462174750008E+07   0.318771287065E+07   0.113893776587E-01   0.826492499721E-02   0.783638553439E-02
        648   0.463482967622E+07   0.317537596645E+07   0.497460566028E-01   0.713109857157E-02  -0.492322818961E-01
        646   0.463223756411E+07   0.317493054040E+07   0.560520972254E-01  -0.724631051948E-02  -0.555817288974E-01
        647   0.463449583293E+07   0.317461545342E+07   0.568870554748E-01   0.998082486249E-02  -0.560046445901E-01
        658   0.463577593094E+07   0.317773147754E+07   0.440403601782E-01   0.282624234508E-01  -0.337755643226E-01
        661   0.463583027547E+07   0.317858004531E+07   0.434989781146E-01   0.375883430322E-01  -0.218924088466E-01
        628   0.463645697175E+07   0.317838361538E+07   0.273147039963E-01   0.225245197856E-01  -0.154511832179E-01
        627   0.463639855971E+07   0.317786451649E+07   0.401458522192E-01   0.234569927583E-01  -0.325800389984E-01
        626   0.463642736491E+07   0.317714637851E+07   0.393172105737E-01   0.196547956698E-01  -0.340519023621E-01
        579   0.461896399631E+07   0.317794449485E+07   0.145563376239E+00  -0.401185644181E-01  -0.139925684887E+00
        555   0.462213640174E+07   0.317419845927E+07   0.304395091745E-01  -0.193450294577E-01  -0.235017776788E-01
        532   0.462153403084E+07   0.317441358959E+07   0.545070074220E-02  -0.428248485190E-02  -0.337201157683E-02
        510   0.462098851350E+07   0.317472181327E+07   0.253299629508E-01   0.245864441085E-01   0.609210876368E-02
        558   0.461969403081E+07   0.317655415297E+07   0.167402182354E+00  -0.858921783796E-01  -0.143687244911E+00
        557   0.461903427716E+07   0.317651988153E+07   0.135815363577E+00  -0.309732970658E-01  -0.132236408951E+00
        600   0.461771607854E+07   0.318018424336E+07   0.683846853934E-01  -0.113729150368E-01  -0.674323512857E-01
        597   0.461615190947E+07   0.319691141836E+07   0.243576470322E+00   0.110852508657E+00   0.216889875788E+00
        596   0.461548901786E+07   0.319705636122E+07   0.140566132572E+00   0.662281566562E-01   0.123986567386E+00
        595   0.461471411427E+07   0.319719707312E+07   0.143892234618E+00   0.626698486163E-01   0.129527855142E+00
        651   0.462086337424E+07   0.319645820541E+07   0.268214966849E+00   0.728939452533E-01   0.258119625730E+00
        625   0.461986260451E+07   0.319639199969E+07   0.288317443433E+00   0.974491689288E-01   0.271349604132E+00
        652   0.462321475715E+07   0.319645926915E+07   0.148928888808E+00   0.296923161869E-01   0.145938960805E+00
        653   0.462345472272E+07   0.319675766202E+07   0.896982585116E-01   0.348824963821E-01   0.826376973672E-01
        677   0.462494763096E+07   0.319599187499E+07   0.527476496883E-01   0.167037221142E-01   0.500329912675E-01
        684   0.462574976208E+07   0.319632521347E+07   0.685622687048E-02   0.557316314856E-02  -0.399345707614E-02
        831   0.462505463498E+07   0.320138092159E+07   0.361118477899E-02  -0.360654056149E-02  -0.183086554250E-03
        656   0.462518388521E+07   0.319698707491E+07   0.273281680841E-02   0.853003105592E-03  -0.259628068787E-02
        657   0.462547637633E+07   0.319730785521E+07   0.850449323820E-03   0.442588728855E-03  -0.726208833240E-03
       1054   0.462622900903E+07   0.320327481658E+07   0.456083739985E-02   0.219355118237E-03   0.455555936411E-02
        799   0.462513341839E+07   0.320070832107E+07   0.931228615662E-03   0.200251779271E-03   0.909442664233E-03
        873   0.462470726883E+07   0.320289557395E+07   0.318858794079E-02  -0.190908844456E-02   0.255391353946E-02
        829   0.462412128209E+07   0.320313144368E+07   0.701656276854E-02  -0.317398773758E-02   0.625763173466E-02
        830   0.462362847023E+07   0.320383341956E+07   0.206424335449E-01  -0.441936908846E-02   0.201638101438E-01
        930   0.462454004668E+07   0.320498462077E+07   0.300276725433E-02  -0.254431489344E-02   0.159470151022E-02
       1126   0.462599138010E+07   0.320457523206E+07   0.460823858787E-01  -0.460680743091E-01   0.114839789510E-02
       1120   0.462523777646E+07   0.320589316729E+07   0.491451519819E-01  -0.345371775915E-01   0.349632568182E-01
       1183   0.462593196795E+07   0.320539632370E+07   0.235491957467E-01  -0.122812135152E-01   0.200931932482E-01
        925   0.462402198162E+07   0.320512148052E+07   0.935452834367E-03  -0.935440175633E-03   0.486653241658E-05
        990   0.462393356741E+07   0.320583077998E+07   0.505085476727E-02  -0.269630516011E-02   0.427095684404E-02
       1117   0.462041391581E+07   0.321100740096E+07   0.115023877587E-02  -0.329526791600E-03   0.110202601382E-02
       1050   0.461923078915E+07   0.321225082367E+07   0.145094014954E-02   0.251579463479E-03   0.142896294252E-02
       1048   0.461924079253E+07   0.321150829025E+07   0.596050173015E-03  -0.595732802195E-03   0.194483197195E-04
       1174   0.461824955844E+07   0.321365279694E+07   0.645131559499E-02  -0.440568871565E-02  -0.471268287146E-02
       1224   0.461790468150E+07   0.321454667301E+07   0.799921263454E-02  -0.216367185570E-02   0.770103414311E-02
       1175   0.461750526290E+07   0.321422755342E+07   0.182588842401E-02  -0.897877092158E-03   0.158986957462E-02
       1111   0.461676161556E+07   0.321470275695E+07   0.485055803781E-03  -0.269694943527E-03  -0.403167174032E-03
       1176   0.461707348698E+07   0.321516398706E+07   0.187017282537E-02   0.128712461099E-02   0.135678171882E-02
       1110   0.461756755257E+07   0.321345509653E+07   0.196592030578E-02  -0.195565321089E-02  -0.200656839896E-03
       1109   0.461832930236E+07   0.321285026356E+07   0.165719243913E-02   0.856577030842E-03  -0.141864814896E-02
       1531   0.461312285736E+07   0.322710799400E+07   0.556275746434E-01   0.556059617204E-01  -0.155051019253E-02
       1458   0.461383803205E+07   0.322331624106E+07   0.228121643098E-01   0.215501232480E-01   0.748244802791E-02
       1367   0.461596300978E+07   0.321897340947E+07   0.124108561927E-01  -0.122601931336E-01   0.192795636919E-02
       1499   0.461270345731E+07   0.322549316427E+07   0.428600015819E-01   0.415246263894E-01   0.106153256578E-01
       1411   0.461341052514E+07   0.322248893047E+07   0.172885033692E-01   0.157751358034E-01   0.707371466286E-02
       1413   0.461432599364E+07   0.322151371147E+07   0.139437752553E-01   0.137219179569E-01   0.247746563179E-02
       1112   0.461632016521E+07   0.321565327203E+07   0.173558768602E-02   0.149106396462E-02   0.888252705742E-03
       1223   0.461858636542E+07   0.321415491504E+07   0.785191456483E-02  -0.342255915997E-02   0.706672846018E-02
       1264   0.461827965670E+07   0.321512108544E+07   0.326485614936E-01   0.960303826503E-02   0.312043302072E-01
       1297   0.461837044651E+07   0.321624664543E+07   0.114183351944E-01  -0.102821969539E-01  -0.496536045159E-02
       1294   0.461721896790E+07   0.321715153427E+07   0.223545844546E-01  -0.204728058003E-01  -0.897728627135E-02
       1301   0.462134713798E+07   0.321269246737E+07   0.741374285763E-01   0.736814065317E-01  -0.821027693931E-02
       1049   0.461993352961E+07   0.321079600040E+07   0.188596724752E-02  -0.185988964293E-02  -0.312542756810E-03
       1115   0.462073328882E+07   0.321023595211E+07   0.453581652215E-02  -0.300366672437E-02  -0.339876708991E-02
        989   0.461866857145E+07   0.321215987611E+07   0.605454458627E-03   0.454423803176E-03   0.400092624999E-03
        875   0.462385855237E+07   0.320466180237E+07   0.219183549276E-02  -0.206532363359E-02  -0.733880859433E-03
       1113   0.462209155417E+07   0.320910663451E+07   0.459449776806E-02  -0.336822867839E-02  -0.312481124402E-02
       1114   0.462273089545E+07   0.320845019449E+07   0.313345044176E-02  -0.313341965887E-02  -0.138892881510E-04
        991   0.462333157877E+07   0.320655666982E+07   0.938865009961E-02  -0.101171718021E-02   0.933397980714E-02
        926   0.462346130230E+07   0.320577194326E+07   0.335938416648E-02  -0.115607304582E-02   0.315419674255E-02
       1119   0.462559917971E+07   0.320511121822E+07   0.508950597641E-01  -0.503506895238E-01   0.742395937934E-02
       1228   0.462227951454E+07   0.321004887805E+07   0.712410024854E-02   0.708663326996E-02  -0.729680237054E-03
       1237   0.462453268050E+07   0.320818002979E+07   0.159417672144E+00   0.157172836196E+00   0.266588400670E-01
       1276   0.462459130955E+07   0.320907677808E+07   0.151802241044E+00   0.150233845355E+00   0.217649281166E-01
       1236   0.462388498771E+07   0.320906791121E+07   0.265302311664E+00   0.255832588449E+00   0.702495783758E-01
       1122   0.462372486158E+07   0.320788727609E+07   0.227044473897E-01   0.552477080016E-02   0.220220080573E-01
       1232   0.462629565604E+07   0.320631034816E+07   0.460699193350E-01   0.413855424793E-01   0.202404135635E-01
       1303   0.462743340750E+07   0.320668217010E+07   0.389566989054E-01   0.253469214096E-01   0.295830688852E-01
       1306   0.462551016981E+07   0.320910426237E+07   0.660913838386E-01   0.630890923755E-01   0.196935888283E-01
       1305   0.462438823122E+07   0.321021636718E+07   0.160715845152E+00   0.160326263561E+00   0.111835636409E-01
       1274   0.462371844815E+07   0.320991818565E+07   0.271500873805E+00   0.261526939725E+00   0.729135397210E-01
       1185   0.462358061820E+07   0.320884351721E+07   0.166636641884E-01  -0.114740097944E-01  -0.120840723030E-01
       1370   0.461858597979E+07   0.321745065292E+07   0.688542341217E-02   0.685295344284E-02  -0.667895706756E-03
       1416   0.461886021291E+07   0.321847588785E+07   0.143384701057E-01   0.143375055612E-01  -0.166310712540E-03
       1462   0.462150137229E+07   0.321898616199E+07   0.204163636277E-01   0.178818479389E-01   0.985227984120E-02
       1528   0.462313207573E+07   0.323216498990E+07   0.393185358049E-02  -0.674056836082E-03   0.387364427383E-02
       1495   0.462697427780E+07   0.323292163223E+07   0.460456477228E-02  -0.362349756386E-02   0.284117619074E-02
