         856           2
        741   0.463001795539E+07   0.318728553607E+07  -0.133935717449E-04
        750   0.463251610674E+07   0.318610315983E+07  -0.105718767408E-04
        754   0.463123101790E+07   0.318921004234E+07  -0.103158309502E-04
        629   0.461869262832E+07   0.318177107465E+07  -0.864599460688E-04
        609   0.461606312089E+07   0.318323567471E+07  -0.120836046181E-03
        600   0.461771607854E+07   0.318018424336E+07  -0.114028471477E-03
        535   0.461583614639E+07   0.317628363820E+07  -0.180923616395E-03
        513   0.461536194138E+07   0.317529394330E+07  -0.199397894540E-03
        514   0.461622538316E+07   0.317501939237E+07  -0.142301230110E-03
        679   0.462233777128E+07   0.319435869975E+07  -0.204484877755E-04
        650   0.462094209961E+07   0.319483505759E+07  -0.237387334590E-04
        676   0.462174764828E+07   0.319266754129E+07  -0.265683027909E-04
        644   0.463411086824E+07   0.317417353579E+07  -0.137927919650E-04
        672   0.463291531443E+07   0.317563723705E+07  -0.160491656720E-04
        643   0.463350599702E+07   0.317374384420E+07  -0.145260753340E-04
        727   0.462780363713E+07   0.318651562580E+07  -0.181383102968E-04
        729   0.462768109438E+07   0.318957030388E+07  -0.155092805629E-04
        686   0.463486036721E+07   0.317779255351E+07  -0.126923353669E-04
        675   0.463454569642E+07   0.317676200066E+07  -0.133188507452E-04
        659   0.463579431272E+07   0.317580147128E+07  -0.111263326517E-04
        453   0.459719425163E+07   0.319317890036E+07  -0.646942521468E-03
        469   0.459832161216E+07   0.319231128249E+07  -0.620488955131E-03
        454   0.459759738095E+07   0.319375633136E+07  -0.571855203131E-03
        122   0.456111757527E+07   0.317732588704E+07   0.925841255789E+00
        102   0.456162788486E+07   0.317519823206E+07   0.925769930741E+00
        123   0.456273674152E+07   0.317512986369E+07   0.925995593525E+00
        602   0.462346843555E+07   0.317539816016E+07  -0.383433330430E-04
        630   0.462288013289E+07   0.317737152588E+07  -0.465959811284E-04
        601   0.462247084728E+07   0.317607908203E+07  -0.425770970671E-04
        742   0.462897321614E+07   0.319064231150E+07  -0.126408408972E-04
        751   0.463443783683E+07   0.318442857053E+07  -0.908141271519E-05
        736   0.463494269979E+07   0.318267524856E+07  -0.942587036265E-05
        739   0.463587164041E+07   0.318259712823E+07  -0.840396601361E-05
        437   0.460771850819E+07   0.317759540259E+07  -0.524681616777E-03
        458   0.460685999522E+07   0.317800765004E+07  -0.560575393056E-03
        436   0.460757769810E+07   0.317709747511E+07  -0.540410174392E-03
        414   0.459776047068E+07   0.317964491753E+07  -0.163502611926E-02
        413   0.459611491969E+07   0.317974489056E+07  -0.200139430298E-02
        402   0.459809267633E+07   0.317773987149E+07  -0.169146650668E-02
        179   0.456545624188E+07   0.318082398986E+07   0.927271356151E+00
        197   0.456789360560E+07   0.317837240406E+07   0.927759845270E+00
        198   0.456730837696E+07   0.318096446312E+07   0.927804135618E+00
        502   0.460189348034E+07   0.318976383514E+07  -0.487670529948E-03
        504   0.460174050937E+07   0.319216610711E+07  -0.384576206188E-03
        486   0.460035032951E+07   0.319216162870E+07  -0.471659479000E-03
        266   0.458049498803E+07   0.317404184832E+07   0.862415071198E+00
        247   0.458050358076E+07   0.317225330237E+07   0.871454999802E+00
        248   0.458161576404E+07   0.317225583822E+07   0.850733892052E+00
        355   0.458598461835E+07   0.318895142205E+07   0.714214507684E-01
        340   0.458527857686E+07   0.318899769553E+07   0.110615261203E+00
        354   0.458589589574E+07   0.318782995792E+07   0.484899687051E-01
        276   0.457513459671E+07   0.318387854460E+07   0.870396037548E+00
        291   0.457732644624E+07   0.318223296248E+07   0.785798180700E+00
        278   0.457612065493E+07   0.318447856826E+07   0.791890141566E+00
        263   0.457462019636E+07   0.318552879217E+07   0.808161537393E+00
        244   0.457364687758E+07   0.318640870583E+07   0.820710859144E+00
        260   0.457337515398E+07   0.318556917281E+07   0.851472349867E+00
        527   0.460539399726E+07   0.319596555232E+07  -0.182413376055E-03
        509   0.460465881231E+07   0.319756099026E+07  -0.163457208133E-03
        508   0.460413917789E+07   0.319670584120E+07  -0.194892767165E-03
        468   0.459798231903E+07   0.319139059336E+07  -0.720378513818E-03
        849   0.464133084725E+07   0.318868405319E+07  -0.211708301854E-05
        817   0.464093077702E+07   0.319007709385E+07  -0.122507516471E-05
        816   0.464012021305E+07   0.319015034421E+07  -0.222785974492E-05
        752   0.463757096730E+07   0.318287591282E+07  -0.669918235797E-05
        764   0.463795480017E+07   0.318378216484E+07  -0.606648311561E-05
        768   0.463632772206E+07   0.318527081637E+07  -0.674957853564E-05
        662   0.463605180110E+07   0.317903197810E+07  -0.647141936751E-05
        688   0.463586333143E+07   0.317971940900E+07  -0.817128421568E-05
        687   0.463525198886E+07   0.317958086625E+07  -0.105539322070E-04
        753   0.463581641033E+07   0.318412703848E+07  -0.773910939796E-05
        740   0.463688110917E+07   0.318232840691E+07  -0.753691569546E-05
        848   0.464203987378E+07   0.318695931343E+07  -0.257774204943E-05
        813   0.464088329503E+07   0.318642581727E+07  -0.353546891945E-05
        814   0.464224794097E+07   0.318527759585E+07  -0.304536786323E-05
        728   0.463051956435E+07   0.318400127409E+07  -0.152481700770E-04
        767   0.463400758662E+07   0.318685317243E+07  -0.817296132646E-05
        769   0.463299464477E+07   0.318948563092E+07  -0.768262370719E-05
        723   0.463472853518E+07   0.318174215858E+07  -0.103412939384E-04
        735   0.463370183043E+07   0.318362281433E+07  -0.106228767320E-04
        722   0.463355775895E+07   0.318239478479E+07  -0.118834747469E-04
        706   0.463426925131E+07   0.318089447999E+07  -0.119894777853E-04
        642   0.462852007888E+07   0.317589273566E+07  -0.269459985971E-04
        619   0.462937901957E+07   0.317413772367E+07  -0.244813641425E-04
        641   0.462994815725E+07   0.317500855224E+07  -0.223358479029E-04
        660   0.463624241524E+07   0.317641200095E+07  -0.100059533141E-04
        622   0.463283993108E+07   0.317332284770E+07  -0.152434495414E-04
        645   0.463122527756E+07   0.317473706149E+07  -0.190044276605E-04
        621   0.463208123180E+07   0.317309412477E+07  -0.161943834063E-04
        607   0.462661950553E+07   0.317387368668E+07  -0.318442100984E-04
        606   0.462535867456E+07   0.317521629873E+07  -0.350501409658E-04
        584   0.462527982225E+07   0.317372293701E+07  -0.328539629343E-04
        531   0.462112303315E+07   0.317506754891E+07  -0.256154770109E-04
        533   0.462096030569E+07   0.317565413172E+07  -0.304705939588E-04
        511   0.462048012512E+07   0.317552982608E+07  -0.238276907367E-04
        638   0.461619873383E+07   0.319112537279E+07  -0.708064480063E-04
        667   0.461907719159E+07   0.318718966341E+07  -0.600097281867E-04
        668   0.461855126722E+07   0.319115418787E+07  -0.507101463468E-04
        576   0.462221988369E+07   0.317512431733E+07  -0.321397080630E-04
        560   0.462146797528E+07   0.317567791683E+07  -0.331319089710E-04
        554   0.462160153638E+07   0.317499925308E+07  -0.272793634897E-04
        526   0.460456043888E+07   0.319500273947E+07  -0.214381950170E-03
        542   0.460523072810E+07   0.319236030222E+07  -0.243842604120E-03
        543   0.460631957072E+07   0.319357937689E+07  -0.197939436413E-03
        690   0.462298884343E+07   0.318338684715E+07  -0.408190721555E-04
        691   0.462602768221E+07   0.318081709329E+07  -0.304548823981E-04
        711   0.462565782990E+07   0.318470995430E+07  -0.263978080116E-04
        715   0.462577837046E+07   0.319009474274E+07  -0.188101898011E-04
        717   0.462584161098E+07   0.319211678019E+07  -0.162812261442E-04
        623   0.461838310904E+07   0.319550456550E+07  -0.327130576815E-04
        599   0.461797206952E+07   0.319677071969E+07  -0.228947995028E-04
        598   0.461700146483E+07   0.319690584292E+07  -0.287662981860E-04
        664   0.462265251439E+07   0.318014867503E+07  -0.478726866933E-04
        631   0.462094862467E+07   0.317983467533E+07  -0.630282325955E-04
        332   0.459295539972E+07   0.317397982103E+07   0.327749038814E+00
        350   0.459369226030E+07   0.317507735214E+07   0.241798847878E+00
        349   0.459228471304E+07   0.317595876420E+07   0.295041367827E+00
        323   0.458473571843E+07   0.318913762308E+07   0.150230527706E+00
        324   0.458453645828E+07   0.318976116127E+07   0.105981176234E+00
        435   0.460695441426E+07   0.317700216475E+07  -0.570491242571E-03
        400   0.459743097918E+07   0.317709255419E+07  -0.185165561141E-02
        399   0.459611516537E+07   0.317773632398E+07  -0.209807430569E-02
        649   0.461984589692E+07   0.319458750068E+07  -0.293120174610E-04
        624   0.461898125843E+07   0.319646042907E+07  -0.238347100223E-04
        697   0.462366967102E+07   0.319143988924E+07  -0.222964356443E-04
        712   0.462527685250E+07   0.318839830858E+07  -0.224756741364E-04
        700   0.462421246718E+07   0.319282908472E+07  -0.185913400332E-04
        693   0.462307774285E+07   0.318929783880E+07  -0.287592611970E-04
        720   0.462714578225E+07   0.319533276380E+07  -0.114318232677E-04
        719   0.462665137222E+07   0.319487075832E+07  -0.124832132453E-04
        731   0.462783474288E+07   0.319337852098E+07  -0.122586311750E-04
        730   0.462713017071E+07   0.319225936194E+07  -0.140601266786E-04
        834   0.463301963140E+07   0.319561084159E+07  -0.363034475740E-06
        881   0.463350061922E+07   0.319596476194E+07  -0.165645727347E-06
        880   0.463259262867E+07   0.319684931754E+07  -0.126836686198E-06
        732   0.462816580304E+07   0.319453160896E+07  -0.107708759110E-04
        338   0.458503673448E+07   0.318834788522E+07   0.154412365451E+00
        392   0.459029051414E+07   0.319059591643E+07  -0.213595250107E-02
        406   0.459121909603E+07   0.318843754137E+07  -0.224838111537E-02
        407   0.459142929592E+07   0.319019180624E+07  -0.195436664737E-02
        299   0.458642548526E+07   0.317468681367E+07   0.609886399740E+00
        288   0.458583209569E+07   0.317410367667E+07   0.675139174973E+00
        289   0.458682838109E+07   0.317340202668E+07   0.701014677189E+00
        348   0.459144210689E+07   0.317523938198E+07   0.323147785218E+00
        330   0.459074706705E+07   0.317427425069E+07   0.335237022336E+00
        331   0.459208417150E+07   0.317333502554E+07   0.349638899865E+00
        245   0.457421797213E+07   0.318679057163E+07   0.785506022493E+00
        333   0.458384849707E+07   0.318255335157E+07   0.366738086852E+00
        316   0.458176665317E+07   0.318471013415E+07   0.486010922640E+00
        315   0.458172774639E+07   0.318217942653E+07   0.510977519257E+00
        292   0.457783736883E+07   0.318376153360E+07   0.661985761364E+00
        302   0.457922000418E+07   0.318413634663E+07   0.652943184026E+00
        293   0.457759201206E+07   0.318565502666E+07   0.656572523375E+00
        347   0.458989715798E+07   0.317639993147E+07   0.376281884870E+00
        201   0.456828702646E+07   0.318213289497E+07   0.929197585055E+00
        215   0.456981999478E+07   0.317891101446E+07   0.929288344584E+00
        271   0.458502579245E+07   0.317345282134E+07   0.684573692027E+00
        269   0.458492890881E+07   0.317272853962E+07   0.733441243430E+00
        254   0.458571943572E+07   0.317255235275E+07   0.682416014919E+00
        216   0.457197267003E+07   0.317623143486E+07   0.929986022102E+00
        204   0.457354749310E+07   0.317382734415E+07   0.926371160749E+00
        219   0.457377353748E+07   0.317553113258E+07   0.926905140025E+00
        182   0.456847180766E+07   0.317572956112E+07   0.927179639223E+00
        178   0.456591740513E+07   0.317797984512E+07   0.926914416987E+00
        180   0.456560435753E+07   0.318279633459E+07   0.927561387027E+00
         47   0.455550052678E+07   0.317776538479E+07   0.924956166691E+00
         39   0.455428105567E+07   0.317781697684E+07   0.924765375934E+00
         40   0.455537806328E+07   0.317612992141E+07   0.924817095325E+00
        304   0.458033372587E+07   0.318675398881E+07   0.541421469821E+00
        303   0.457998835413E+07   0.318523775139E+07   0.550216902198E+00
          8   0.454660663406E+07   0.318356116435E+07   0.923907948895E+00
          1   0.454616222211E+07   0.318354828786E+07   0.923837899807E+00
          7   0.454668446845E+07   0.318288627145E+07   0.923901250520E+00
        243   0.457222310462E+07   0.318547202886E+07   0.872081395873E+00
        224   0.457140378403E+07   0.318652681632E+07   0.874818765416E+00
        223   0.457064756536E+07   0.318638724168E+07   0.897992465351E+00
        142   0.456328301229E+07   0.317651555729E+07   0.926210827540E+00
        158   0.456533854970E+07   0.317599652092E+07   0.926578612919E+00
        157   0.456367161000E+07   0.317844773321E+07   0.926437419871E+00
         64   0.455976779603E+07   0.317428602146E+07   0.925383226859E+00
         81   0.455936470314E+07   0.317566546716E+07   0.925429611678E+00
         63   0.455840797376E+07   0.317550267103E+07   0.925229333840E+00
         24   0.455132556773E+07   0.317954800145E+07   0.924412042259E+00
         25   0.455252611021E+07   0.317763292421E+07   0.924480912197E+00
         34   0.455289435925E+07   0.317878702102E+07   0.924620563144E+00
        124   0.456405428201E+07   0.317439330555E+07   0.926212441930E+00
        143   0.456510772261E+07   0.317452405813E+07   0.926408290813E+00
          5   0.454756721239E+07   0.318001273760E+07   0.923846423579E+00
         10   0.454749894872E+07   0.318089655520E+07   0.923926091954E+00
          3   0.454685221323E+07   0.318059843515E+07   0.923784309971E+00
         20   0.454966525631E+07   0.318015678381E+07   0.924179332198E+00
         23   0.455027029132E+07   0.318158195794E+07   0.924372905598E+00
         19   0.454861986274E+07   0.318219646696E+07   0.924127278626E+00
        258   0.457398342865E+07   0.317927570987E+07   0.996518072763E+00
        236   0.457190192094E+07   0.318065733273E+07   0.933019566083E+00
        235   0.457231544525E+07   0.317834403030E+07   0.931377012054E+00
         44   0.455414447856E+07   0.318243030829E+07   0.925072784751E+00
         37   0.455349900266E+07   0.318369058078E+07   0.925063635479E+00
         36   0.455307348976E+07   0.318285414983E+07   0.924953954150E+00
         33   0.455192846813E+07   0.318084245496E+07   0.924595295490E+00
         42   0.455381447169E+07   0.317968968479E+07   0.924820932420E+00
         58   0.455544010320E+07   0.317949860996E+07   0.925062541679E+00
         59   0.455542765173E+07   0.318133970018E+07   0.925186984990E+00
         60   0.455561765587E+07   0.318279148394E+07   0.925322816581E+00
         45   0.455454401482E+07   0.318332919537E+07   0.925195823708E+00
        135   0.456615949943E+07   0.317276197389E+07   0.926419436474E+00
        136   0.456737137936E+07   0.317157076616E+07   0.926546610904E+00
        152   0.456682600658E+07   0.317345683214E+07   0.926595483555E+00
        191   0.456894640034E+07   0.318539866994E+07   0.926014659580E+00
        176   0.456828849956E+07   0.318610882880E+07   0.925940912410E+00
        187   0.456840531959E+07   0.318527571255E+07   0.928115769291E+00
        342   0.458526663006E+07   0.319108882929E+07   0.883472217331E-01
        356   0.458617150381E+07   0.318983195960E+07   0.596763202174E-01
        357   0.458617286052E+07   0.319081340054E+07   0.135575325097E-01
        186   0.456818934233E+07   0.318462128561E+07   0.929258073841E+00
        172   0.456759546202E+07   0.318570294907E+07   0.928583442576E+00
        127   0.456052664780E+07   0.318260029763E+07   0.926190638684E+00
        110   0.455944672091E+07   0.318308435470E+07   0.926010679525E+00
        126   0.456003599649E+07   0.318148432210E+07   0.925988635621E+00
        339   0.458498690486E+07   0.318988769695E+07   0.111054819908E+00
        639   0.461725612751E+07   0.319399287337E+07  -0.502939275436E-04
        616   0.461599046556E+07   0.319574100637E+07  -0.523732782919E-04
        637   0.461596358746E+07   0.319384700686E+07  -0.606868500368E-04
        470   0.459892806813E+07   0.319289780612E+07  -0.532048987789E-03
        455   0.459791584456E+07   0.319457103554E+07  -0.483072160561E-03
        363   0.459310777085E+07   0.317671495824E+07   0.176377458224E+00
        358   0.458667307101E+07   0.319125119297E+07   0.263856431694E-01
        375   0.458796401163E+07   0.318997832062E+07   0.203707361194E-01
        359   0.458708430400E+07   0.319195757983E+07   0.555744771606E-01
        636   0.461556379629E+07   0.318887964562E+07  -0.890777473644E-04
        610   0.461415485261E+07   0.318694998527E+07  -0.122378957774E-03
        635   0.461737748493E+07   0.318521359520E+07  -0.867675378007E-04
        640   0.461870571470E+07   0.319369010501E+07  -0.401476261923E-04
        669   0.462061151061E+07   0.319159108300E+07  -0.351635170988E-04
        590   0.461389119409E+07   0.319724443488E+07  -0.585401983726E-04
        612   0.461417976470E+07   0.319562531097E+07  -0.654003263237E-04
        613   0.461495761100E+07   0.319593962455E+07  -0.581926554214E-04
        680   0.462369353754E+07   0.319570401469E+07  -0.151187481840E-04
        655   0.462265800915E+07   0.319645711354E+07  -0.152121731513E-04
        681   0.462315996846E+07   0.319498900925E+07  -0.172749998486E-04
         55   0.455598902989E+07   0.318524171150E+07   0.925532023938E+00
         54   0.455555788756E+07   0.318496801667E+07   0.925462602819E+00
         56   0.455630838939E+07   0.318456499398E+07   0.925548163219E+00
        922   0.466711454502E+07   0.317624794042E+07  -0.233918554220E-07
        921   0.466779433690E+07   0.317535449352E+07  -0.228067096898E-07
        984   0.466769405542E+07   0.317614661576E+07  -0.238471461991E-07
        924   0.466858032602E+07   0.317506999270E+07  -0.231817315431E-07
        871   0.466840332504E+07   0.317432217181E+07  -0.221191603784E-07
        923   0.466976314204E+07   0.317356217003E+07  -0.228697759798E-07
        869   0.466723572984E+07   0.317565788256E+07  -0.224822046927E-07
        986   0.466922540586E+07   0.317526358890E+07  -0.236217164023E-07
        988   0.466825519485E+07   0.317630173920E+07  -0.243595292729E-07
       1046   0.466896558196E+07   0.317677145939E+07  -0.246128948001E-07
       1047   0.466778620023E+07   0.317742415457E+07  -0.259880913976E-07
        940   0.463537323880E+07   0.319534363002E+07  -0.633268365385E-07
       1655   0.463511767305E+07   0.319683421801E+07  -0.117021345439E-07
       1007   0.463415004931E+07   0.319706270801E+07  -0.261371971939E-07
        833   0.463235832173E+07   0.319639387447E+07  -0.254736312612E-06
        800   0.463175785099E+07   0.319651687752E+07  -0.301052779648E-06
        801   0.463225530287E+07   0.319576047698E+07  -0.394274074470E-06
        762   0.463156786976E+07   0.319536509400E+07  -0.465056413558E-06
        761   0.463097965559E+07   0.319585978308E+07  -0.368810765414E-06
        746   0.463130254507E+07   0.319485378598E+07  -0.437049814724E-06
        778   0.463142501267E+07   0.319612828211E+07  -0.338774325344E-06
        781   0.463271325436E+07   0.319432182987E+07  -0.207733257411E-05
        779   0.463215449867E+07   0.319518517275E+07  -0.686836706278E-06
        763   0.463198449599E+07   0.319455978689E+07  -0.893889503312E-06
        815   0.464039619150E+07   0.318842070045E+07  -0.322412259129E-05
        838   0.463893139981E+07   0.319012125678E+07  -0.335271010130E-05
        807   0.463900719148E+07   0.318828103850E+07  -0.404711470923E-05
        784   0.463893254934E+07   0.318527717585E+07  -0.492448339024E-05
        805   0.463744601904E+07   0.318791132252E+07  -0.497557582352E-05
        783   0.463746919422E+07   0.318574344512E+07  -0.570239860216E-05
        939   0.463408046655E+07   0.319619733965E+07  -0.104900178904E-06
        804   0.463376608423E+07   0.319355202147E+07  -0.357831147197E-05
        782   0.463310545470E+07   0.319334819752E+07  -0.424747386794E-05
        803   0.463404787946E+07   0.319205991694E+07  -0.500164777243E-05
        837   0.463709571814E+07   0.319057400051E+07  -0.425489088771E-05
        839   0.463935604355E+07   0.319142393246E+07  -0.118586186100E-05
        885   0.463851320447E+07   0.319284522244E+07  -0.333498616163E-06
        884   0.463775793251E+07   0.319201843574E+07  -0.221922624627E-05
        789   0.464183945855E+07   0.318455136605E+07  -0.345530819215E-05
        790   0.464289306983E+07   0.318350601125E+07  -0.318463020802E-05
        765   0.463902630361E+07   0.318358567503E+07  -0.538066602236E-05
        766   0.464010953377E+07   0.318329888988E+07  -0.473408391951E-05
        942   0.463746995515E+07   0.319435343683E+07  -0.900167350230E-07
        941   0.463690420841E+07   0.319385731234E+07  -0.283770017269E-06
        747   0.463923174273E+07   0.318184604738E+07  -0.571524437089E-05
        725   0.463687302077E+07   0.318107914591E+07  -0.809783580709E-05
        724   0.463582182805E+07   0.318138222874E+07  -0.893128409401E-05
        710   0.463650323174E+07   0.318063617878E+07  -0.856442555407E-05
        787   0.463954160678E+07   0.318626940545E+07  -0.427914055065E-05
        785   0.463533959176E+07   0.318807783811E+07  -0.623928660947E-05
        788   0.464089433365E+07   0.318480598683E+07  -0.387546284482E-05
        772   0.464025488810E+07   0.318432401965E+07  -0.435522601058E-05
        773   0.464119930647E+07   0.318358184479E+07  -0.390595940898E-05
        685   0.463520653735E+07   0.317867194441E+07  -0.112196490912E-04
        704   0.463433121343E+07   0.317966257163E+07  -0.128703357830E-04
        806   0.463553208758E+07   0.319020450739E+07  -0.519769564006E-05
        786   0.463356663810E+07   0.319101342360E+07  -0.600970529340E-05
        718   0.462666902539E+07   0.319384068018E+07  -0.133279868735E-04
        836   0.463514551424E+07   0.319234812983E+07  -0.425288846971E-05
        835   0.463416486285E+07   0.319432690448E+07  -0.117962330819E-05
        755   0.463099264921E+07   0.319167579565E+07  -0.886733022154E-05
        770   0.463215846878E+07   0.319156720693E+07  -0.691730523932E-05
        756   0.463089094257E+07   0.319344205306E+07  -0.487513508429E-05
        734   0.463211766262E+07   0.318422566544E+07  -0.125630537183E-04
        714   0.463164430711E+07   0.318085733318E+07  -0.158518956899E-04
        713   0.462919815165E+07   0.318238679645E+07  -0.191846800404E-04
        620   0.463086122514E+07   0.317331976999E+07  -0.176837783068E-04
        670   0.462955881120E+07   0.317682285683E+07  -0.232261916987E-04
        671   0.462787411294E+07   0.317822555628E+07  -0.270453393689E-04
        721   0.463279806292E+07   0.318169129172E+07  -0.136290961886E-04
        708   0.463568968528E+07   0.318055378128E+07  -0.928178865364E-05
        709   0.463632063611E+07   0.318018258384E+07  -0.867236534503E-05
        689   0.463635853416E+07   0.317956959244E+07  -0.778717242773E-05
        674   0.463349489536E+07   0.317658104638E+07  -0.149709372440E-04
        696   0.463324433675E+07   0.317829983527E+07  -0.148669851940E-04
        695   0.463137861495E+07   0.317866078797E+07  -0.176549995751E-04
        694   0.462858886703E+07   0.318006995852E+07  -0.230389105499E-04
        666   0.462677298199E+07   0.317765796787E+07  -0.309004412224E-04
        665   0.462478949793E+07   0.317925694089E+07  -0.369382757227E-04
        633   0.462606543975E+07   0.317618669445E+07  -0.336001301186E-04
        608   0.462750584624E+07   0.317415459704E+07  -0.302787506641E-04
        603   0.461977362805E+07   0.317887074714E+07  -0.816847823251E-04
        634   0.462744538085E+07   0.317570716453E+07  -0.300619556588E-04
        618   0.462842964889E+07   0.317424360989E+07  -0.278923387901E-04
        605   0.462426664416E+07   0.317552593176E+07  -0.378809895187E-04
        583   0.462432571528E+07   0.317443346334E+07  -0.346786500757E-04
        673   0.463091557611E+07   0.317695144923E+07  -0.195853622290E-04
        581   0.462157969449E+07   0.317633214035E+07  -0.437612152956E-04
        578   0.462396040431E+07   0.317396171136E+07  -0.326235970854E-04
        579   0.461896399631E+07   0.317794449485E+07  -0.101950594089E-03
        575   0.461778352610E+07   0.317815842711E+07  -0.128679584567E-03
        557   0.461903427716E+07   0.317651988153E+07  -0.105828618872E-03
        577   0.462303965056E+07   0.317486315856E+07  -0.343702385614E-04
        556   0.462299029392E+07   0.317399209604E+07  -0.282593215378E-04
        604   0.462146033635E+07   0.317768205497E+07  -0.573408084097E-04
        582   0.462079196674E+07   0.317725598847E+07  -0.632537101517E-04
        632   0.462430195330E+07   0.317732257959E+07  -0.397228165018E-04
        519   0.460661758624E+07   0.318313009321E+07  -0.439286996306E-03
        501   0.460408711621E+07   0.318428384485E+07  -0.569572038130E-03
        495   0.460585442088E+07   0.318152403375E+07  -0.538283256171E-03
        534   0.461463380481E+07   0.317698939343E+07  -0.219262650807E-03
        479   0.460893068638E+07   0.317873216535E+07  -0.425488134106E-03
        497   0.461007139083E+07   0.317831812581E+07  -0.363382343780E-03
        499   0.460870841825E+07   0.318044220355E+07  -0.394139691662E-03
        541   0.460600862419E+07   0.318891799183E+07  -0.298029867604E-03
        566   0.460975480026E+07   0.318607108716E+07  -0.230669141869E-03
        567   0.460777880276E+07   0.319025871917E+07  -0.214263454358E-03
        473   0.460596771527E+07   0.317965690644E+07  -0.580152269297E-03
        483   0.460420457849E+07   0.318182871249E+07  -0.653410894049E-03
        467   0.460454504553E+07   0.317998309993E+07  -0.686983828929E-03
        494   0.461348858233E+07   0.317596414485E+07  -0.252793593463E-03
        512   0.461450517644E+07   0.317562889365E+07  -0.231408283670E-03
        518   0.461340874506E+07   0.317744971639E+07  -0.246597642123E-03
        594   0.461291230522E+07   0.319449173359E+07  -0.857004437516E-04
        615   0.461440021538E+07   0.319375531250E+07  -0.744295399380E-04
        593   0.461311512034E+07   0.319571209976E+07  -0.742561901278E-04
        552   0.461750054769E+07   0.317703645516E+07  -0.139063886290E-03
        553   0.461848795171E+07   0.317648061756E+07  -0.118123477916E-03
        580   0.462008398187E+07   0.317716941635E+07  -0.768252847827E-04
        559   0.462045990187E+07   0.317611735711E+07  -0.452998314072E-04
        561   0.462087149350E+07   0.317638215508E+07  -0.406488650236E-04
        585   0.461543283633E+07   0.318074500855E+07  -0.158486467277E-03
        447   0.460278123343E+07   0.317961583941E+07  -0.902055624689E-03
        431   0.460176546080E+07   0.317961240646E+07  -0.102138623321E-02
        430   0.460297222267E+07   0.317816349523E+07  -0.958683927094E-03
        475   0.460812428012E+07   0.317876084729E+07  -0.475959907543E-03
        460   0.460805615561E+07   0.317795508723E+07  -0.499756589409E-03
        461   0.460893620545E+07   0.317753813448E+07  -0.460349599057E-03
        457   0.460590867973E+07   0.317844545219E+07  -0.609882864334E-03
        446   0.460022394550E+07   0.318139116885E+07  -0.111041828383E-02
        428   0.460090609449E+07   0.317922954740E+07  -0.115450562181E-02
        434   0.460587609994E+07   0.317744219460E+07  -0.630057664596E-03
        387   0.459890860002E+07   0.317579624604E+07  -0.167220714147E-02
        450   0.460501463758E+07   0.317856432734E+07  -0.687194850064E-03
        417   0.460223313970E+07   0.317813556279E+07  -0.106551035725E-02
        385   0.459849296750E+07   0.317525725028E+07   0.403739656894E-02
        384   0.459727932930E+07   0.317594953719E+07  -0.189598639299E-02
        369   0.459807188658E+07   0.317470190358E+07   0.297609529850E-01
       1651   0.457800604310E+07   0.318682239932E+07   0.608824558788E+00
        412   0.459333111962E+07   0.318244162675E+07  -0.257671086604E-02
        397   0.459329779958E+07   0.317967677830E+07  -0.296227159793E-02
        401   0.459477395773E+07   0.317946573584E+07  -0.240366401642E-02
        383   0.459626960500E+07   0.317639506687E+07   0.160565628256E-01
        368   0.459705538821E+07   0.317478676612E+07   0.277385724288E-01
        422   0.459406329520E+07   0.318887071672E+07  -0.157324077127E-02
        409   0.459334677891E+07   0.319072836682E+07  -0.151701921408E-02
        408   0.459244585234E+07   0.319043639396E+07  -0.173413716572E-02
        562   0.462482159087E+07   0.317335900835E+07  -0.319480110607E-04
        250   0.458469021750E+07   0.317126871610E+07   0.802574013075E+00
        251   0.458516003284E+07   0.317172992608E+07   0.782773175335E+00
        268   0.458411351462E+07   0.317277055541E+07   0.776386066347E+00
        252   0.458574332586E+07   0.317189741578E+07   0.726919758973E+00
        233   0.458630146254E+07   0.317168410173E+07   0.692820385733E+00
        211   0.457997420877E+07   0.317040383476E+07   0.877402816514E+00
        214   0.457941305657E+07   0.317116702059E+07   0.865701368438E+00
        196   0.457968745792E+07   0.317034324279E+07   0.886507432371E+00
        149   0.456353794791E+07   0.318467558919E+07   0.927258772714E+00
        161   0.456427145553E+07   0.318324549271E+07   0.927275048996E+00
        162   0.456446193819E+07   0.318443779377E+07   0.927409731483E+00
        253   0.458341873691E+07   0.317248866180E+07   0.804172003081E+00
        232   0.458401130477E+07   0.317125659187E+07   0.819494465624E+00
        255   0.458649790069E+07   0.317212842889E+07   0.679698496845E+00
        297   0.458329841680E+07   0.317626057396E+07   0.621258924574E+00
        286   0.458230412065E+07   0.317574524840E+07   0.729755017116E+00
        285   0.458388385852E+07   0.317421235459E+07   0.728860581649E+00
        309   0.458531212247E+07   0.317706114696E+07   0.497157714506E+00
        310   0.458681946708E+07   0.317592644077E+07   0.465497017856E+00
        273   0.458652999650E+07   0.317273538227E+07   0.686546326939E+00
        272   0.458576510832E+07   0.317323603898E+07   0.680894501256E+00
        361   0.459070339321E+07   0.317741783670E+07   0.261974488839E+00
        365   0.458724095216E+07   0.318378622704E+07  -0.242900939208E-02
        351   0.458551139834E+07   0.318339835300E+07   0.174995954566E+00
       1653   0.458788044277E+07   0.318136110548E+07   0.150844754446E+00
        328   0.458801114782E+07   0.317606598465E+07   0.414095691712E+00
        329   0.458942130317E+07   0.317516318248E+07   0.391311280321E+00
        346   0.458820485200E+07   0.317748940930E+07   0.379757729851E+00
        364   0.459457296455E+07   0.317528945343E+07   0.228147378799E+00
        380   0.459385814963E+07   0.317729547872E+07   0.112045298655E+00
        370   0.459502277837E+07   0.317581812224E+07   0.153741033200E+00
        587   0.461070529221E+07   0.318904237966E+07  -0.163705152005E-03
        586   0.461305631150E+07   0.318464861618E+07  -0.167497950073E-03
        570   0.461077363945E+07   0.319609182401E+07  -0.100698940196E-03
        591   0.461169094177E+07   0.319466846900E+07  -0.100009296127E-03
        574   0.461192601706E+07   0.319598269403E+07  -0.862782516939E-04
        617   0.461722915352E+07   0.319549910146E+07  -0.434177271223E-04
        569   0.460809911376E+07   0.319500305850E+07  -0.146030553091E-03
        568   0.460826390839E+07   0.319264622861E+07  -0.169624624593E-03
        588   0.460992163273E+07   0.319273098961E+07  -0.139479687655E-03
        663   0.462032495630E+07   0.318305255600E+07  -0.617950392630E-04
        522   0.460456024766E+07   0.318682325196E+07  -0.436350623702E-03
        523   0.460357132081E+07   0.318998847055E+07  -0.375998450131E-03
        418   0.460828418766E+07   0.317669380110E+07  -0.512060823182E-03
        438   0.460830268309E+07   0.317722172691E+07  -0.503093814592E-03
        537   0.461198013318E+07   0.317973246246E+07  -0.263881008047E-03
        538   0.461357997349E+07   0.317884179933E+07  -0.229487273103E-03
        565   0.461267993538E+07   0.318172823852E+07  -0.216105258406E-03
        471   0.459922560827E+07   0.319397533131E+07  -0.439976271907E-03
        716   0.462567650696E+07   0.319383421241E+07  -0.146733029417E-04
        701   0.462450196379E+07   0.319406854692E+07  -0.162815691777E-04
        654   0.462171476050E+07   0.319650621486E+07  -0.166273015318E-04
        539   0.460752941277E+07   0.318518655567E+07  -0.331889641449E-03
        682   0.462549340204E+07   0.319558263565E+07  -0.129088933653E-04
        703   0.462599992299E+07   0.319545277199E+07  -0.125970438173E-04
        683   0.462527510349E+07   0.319629557748E+07  -0.113498130497E-04
        698   0.462509319177E+07   0.319522018399E+07  -0.138976598697E-04
        678   0.462414967810E+07   0.319603974767E+07  -0.139761031144E-04
        699   0.462461061926E+07   0.319499009902E+07  -0.148480269864E-04
        429   0.459948256341E+07   0.318060107641E+07  -0.126662500967E-02
        427   0.459803447808E+07   0.318107952748E+07  -0.148297139007E-02
        416   0.459977983780E+07   0.317872611789E+07  -0.133609282599E-02
        484   0.459983954294E+07   0.319057458704E+07  -0.604969268157E-03
        540   0.461031660844E+07   0.318242683173E+07  -0.278839250247E-03
        506   0.460191775449E+07   0.319667402172E+07  -0.230424596409E-03
        505   0.460173000469E+07   0.319532183818E+07  -0.267701127574E-03
        525   0.460332360558E+07   0.319474886892E+07  -0.243669741765E-03
        393   0.459020574761E+07   0.319189029613E+07  -0.197885807149E-02
        377   0.458928883049E+07   0.319188832575E+07   0.131556533107E-01
        464   0.459738201511E+07   0.319051713598E+07  -0.862122706759E-03
        481   0.459917778446E+07   0.318904867046E+07  -0.768641589134E-03
        441   0.459566352976E+07   0.318796618604E+07  -0.134511103344E-02
        442   0.459627415365E+07   0.318900858232E+07  -0.114282522813E-02
        423   0.459455604004E+07   0.319031718449E+07  -0.130428901198E-02
        391   0.458958434490E+07   0.318876790735E+07  -0.264960512981E-02
        389   0.458887200363E+07   0.318765928470E+07  -0.320915913614E-02
        405   0.459125629389E+07   0.318606541595E+07  -0.268472034203E-02
        452   0.459698398743E+07   0.319248566904E+07  -0.727670261485E-03
        463   0.459782674765E+07   0.318845575089E+07  -0.969387039311E-03
        443   0.459638257912E+07   0.319047013598E+07  -0.997923312381E-03
        390   0.458949583736E+07   0.319033899803E+07  -0.235891716944E-02
        421   0.459306601548E+07   0.318809179505E+07  -0.186568810840E-02
        394   0.459089086059E+07   0.319209880446E+07  -0.183305849320E-02
        411   0.459420933649E+07   0.319219630837E+07  -0.115540467897E-02
        410   0.459315956912E+07   0.319219500546E+07  -0.135997042663E-02
        376   0.458836240947E+07   0.319082691677E+07   0.141995032045E-01
        374   0.458831811645E+07   0.319209519515E+07  -0.230223719954E-02
        344   0.458611369250E+07   0.319141710966E+07   0.260680685219E-01
        343   0.458545959870E+07   0.319153241944E+07   0.610013952685E-01
        132   0.456311005989E+07   0.318628088313E+07   0.927437145638E+00
        113   0.456238135725E+07   0.318705836685E+07   0.926823332518E+00
        114   0.456254814519E+07   0.318629568567E+07   0.926869477686E+00
        341   0.458534741096E+07   0.319023410437E+07   0.124794483119E+00
        322   0.458428911222E+07   0.319049836547E+07   0.107566511859E+00
        319   0.458326475731E+07   0.318778196299E+07   0.306703489467E+00
        307   0.458209673576E+07   0.318891901205E+07   0.385162459238E+00
        318   0.458245591856E+07   0.318730498409E+07   0.378476015570E+00
        281   0.457672015543E+07   0.318798164869E+07   0.586807692826E+00
        280   0.457648045496E+07   0.318714399008E+07   0.636509846210E+00
        345   0.458644159877E+07   0.318027728053E+07   0.310581206569E+00
        327   0.458651219559E+07   0.317786126191E+07   0.467979242043E+00
        372   0.458724052000E+07   0.318835216728E+07  -0.367205844101E-02
        373   0.458718944471E+07   0.318963490083E+07   0.250294565421E-01
        353   0.458546853128E+07   0.318708656297E+07   0.526801382750E-01
        366   0.458690227668E+07   0.318595912669E+07  -0.504168448533E-02
        321   0.458415562086E+07   0.318912066437E+07   0.205773248474E+00
        326   0.458444728800E+07   0.317983540211E+07   0.443302558999E+00
        257   0.457937869278E+07   0.317389556744E+07   0.903219657258E+00
       1656   0.457932979566E+07   0.317223330021E+07   0.868231017276E+00
        259   0.457634457384E+07   0.317684941385E+07   0.920786859037E+00
        237   0.457471474396E+07   0.317650010785E+07   0.922805455875E+00
        238   0.457655312909E+07   0.317477925769E+07   0.905952734081E+00
        360   0.458891596668E+07   0.317890217010E+07   0.252132800474E+00
        378   0.459028529383E+07   0.317984554366E+07   0.294290243380E-01
        362   0.459172308076E+07   0.317778004576E+07   0.124761817535E+00
        274   0.457851585897E+07   0.317641553729E+07   0.853717290944E+00
        256   0.457795653309E+07   0.317460007218E+07   0.916579820248E+00
        275   0.457623616538E+07   0.317916909977E+07   0.945699686623E+00
        277   0.457589785160E+07   0.318160774113E+07   0.814211266310E+00
        261   0.457393622639E+07   0.318177164379E+07   0.952083886569E+00
        175   0.457383929223E+07   0.317128380270E+07   0.929448621000E+00
        189   0.457429742857E+07   0.317215323980E+07   0.925584471587E+00
        188   0.457307566919E+07   0.317255588177E+07   0.927999927065E+00
        116   0.456660360840E+07   0.317147587650E+07   0.926389905811E+00
        154   0.456983812354E+07   0.317165557264E+07   0.926994656478E+00
        163   0.457073047001E+07   0.317175708778E+07   0.927183489298E+00
        165   0.456919453832E+07   0.317339656977E+07   0.927175758376E+00
        103   0.456369595335E+07   0.317345699735E+07   0.926098450847E+00
        139   0.457016610400E+07   0.317058639643E+07   0.926834529964E+00
        138   0.456928074432E+07   0.317112772403E+07   0.926780421089E+00
        119   0.457008282791E+07   0.316988928774E+07   0.926733429487E+00
         50   0.455939624025E+07   0.317369949652E+07   0.925169345956E+00
        137   0.456821929358E+07   0.317164008438E+07   0.926664367461E+00
        117   0.456824211510E+07   0.317045020528E+07   0.926598617819E+00
         82   0.456251946722E+07   0.317303729136E+07   0.925682692399E+00
         68   0.456178168644E+07   0.317332944505E+07   0.925528623073E+00
         65   0.456226365623E+07   0.317263925355E+07   0.925478453303E+00
        153   0.456840128754E+07   0.317275881036E+07   0.926840428052E+00
        181   0.457048296540E+07   0.317340705828E+07   0.927680928455E+00
         80   0.455838621953E+07   0.317726714607E+07   0.925365039857E+00
        100   0.456007583666E+07   0.317634601850E+07   0.925577337601E+00
         99   0.455887467874E+07   0.317877984933E+07   0.925547348625E+00
         31   0.455379970789E+07   0.317666917424E+07   0.924640485199E+00
        115   0.456563187167E+07   0.317226440250E+07   0.926304743074E+00
        125   0.456512880936E+07   0.317334775652E+07   0.926319557593E+00
        104   0.456463163440E+07   0.317296222950E+07   0.926228951601E+00
         83   0.456316363032E+07   0.317249594434E+07   0.925901720381E+00
         66   0.456288971719E+07   0.317215458550E+07   0.925580130170E+00
        101   0.456278579446E+07   0.317366876980E+07   0.925958120938E+00
         85   0.456199078833E+07   0.317391718400E+07   0.925741387749E+00
         86   0.456352334303E+07   0.317261381051E+07   0.926083663993E+00
         87   0.456443990520E+07   0.317215414539E+07   0.926206790974E+00
        200   0.457214984825E+07   0.317432023888E+07   0.928801184721E+00
        203   0.456917414071E+07   0.318421752150E+07   0.928233339475E+00
        199   0.457032645598E+07   0.317580973267E+07   0.927771942968E+00
        205   0.457471876772E+07   0.317372036170E+07   0.922087698831E+00
        206   0.457581962559E+07   0.317246190600E+07   0.918033642920E+00
        220   0.457565119752E+07   0.317403905870E+07   0.918382304983E+00
        290   0.457857054976E+07   0.317921059993E+07   0.713631702980E+00
        262   0.457377715546E+07   0.318374474932E+07   0.898975875710E+00
        301   0.457992427267E+07   0.318104537624E+07   0.632159141804E+00
        308   0.458287978913E+07   0.317876828519E+07   0.530462316477E+00
        108   0.455867170690E+07   0.318310750807E+07   0.925861337736E+00
         94   0.455869486700E+07   0.318412065128E+07   0.925949005896E+00
        148   0.456286675043E+07   0.318431566049E+07   0.927058561238E+00
        160   0.456350529906E+07   0.318265497874E+07   0.926949385913E+00
        107   0.455857295124E+07   0.318206771703E+07   0.925760072567E+00
       1649   0.456035566393E+07   0.318397683052E+07   0.926283703046E+00
        109   0.455948261625E+07   0.318397438144E+07   0.926096195905E+00
        105   0.455939851499E+07   0.318480265444E+07   0.926148870411E+00
         69   0.455641759659E+07   0.318379794959E+07   0.925514390976E+00
         43   0.455409304137E+07   0.318120967494E+07   0.924983628869E+00
         41   0.455655341485E+07   0.317404503328E+07   0.924731807279E+00
         48   0.455690894593E+07   0.317568808089E+07   0.925007404008E+00
         61   0.456059253219E+07   0.317356079471E+07   0.925450386907E+00
         79   0.456033589363E+07   0.317469519733E+07   0.925508774404E+00
         38   0.455366293011E+07   0.318453468210E+07   0.925133107338E+00
         92   0.455802842387E+07   0.318415323260E+07   0.925828641028E+00
        121   0.455975855168E+07   0.317991677272E+07   0.925797756607E+00
         12   0.454809804963E+07   0.317906081482E+07   0.923855372405E+00
         17   0.454932866727E+07   0.317861230951E+07   0.924033654401E+00
         11   0.454825348371E+07   0.317970689157E+07   0.923945669240E+00
         29   0.455277406312E+07   0.318404725195E+07   0.924997466411E+00
         28   0.455217110895E+07   0.318400735435E+07   0.924906469198E+00
         16   0.454864601771E+07   0.318015641583E+07   0.924038877062E+00
         15   0.454813929883E+07   0.318138095727E+07   0.924028250834E+00
         13   0.454742087633E+07   0.318251721213E+07   0.923984946394E+00
         14   0.454721970261E+07   0.318345828760E+07   0.923983053689E+00
          4   0.454639112671E+07   0.318180024918E+07   0.923816078641E+00
          9   0.454702928255E+07   0.318200676971E+07   0.923920456131E+00
          2   0.454611158386E+07   0.318291289011E+07   0.923829631620E+00
         22   0.454920963995E+07   0.318341368351E+07   0.924295477453E+00
         30   0.455315051020E+07   0.318469386894E+07   0.925093068294E+00
         78   0.455701566503E+07   0.318087370733E+07   0.925395635904E+00
         76   0.455675938286E+07   0.318245203297E+07   0.925471152683E+00
         91   0.455757977151E+07   0.318379510642E+07   0.925718286180E+00
         73   0.455786005514E+07   0.318498862212E+07   0.925865920395E+00
         72   0.455717323362E+07   0.318496359606E+07   0.925730531803E+00
         90   0.455738048151E+07   0.318285548458E+07   0.925609531091E+00
        106   0.455982758144E+07   0.318499471097E+07   0.926233657209E+00
         93   0.455856038431E+07   0.318508714091E+07   0.926008220114E+00
        140   0.456368233104E+07   0.318641949385E+07   0.927369907626E+00
        150   0.456371157094E+07   0.318551456858E+07   0.927403936052E+00
        131   0.456252776721E+07   0.318549915076E+07   0.927128240339E+00
        145   0.456187689893E+07   0.318072027851E+07   0.926296824235E+00
        159   0.456357637427E+07   0.318071283401E+07   0.926692524450E+00
        146   0.456203845543E+07   0.318412652502E+07   0.926709337566E+00
        129   0.456122996436E+07   0.318387149194E+07   0.926470312186E+00
        144   0.456162495356E+07   0.318242013935E+07   0.926411849448E+00
        167   0.456532540192E+07   0.318449348206E+07   0.927759297338E+00
        133   0.456310199825E+07   0.318561817064E+07   0.927329234297E+00
        210   0.456987198466E+07   0.318603642972E+07   0.911197395262E+00
        192   0.456939574239E+07   0.318565964739E+07   0.924448266485E+00
        209   0.457015367351E+07   0.318503598611E+07   0.921420520116E+00
        208   0.456985886239E+07   0.318442945838E+07   0.925321505068E+00
        239   0.457266942476E+07   0.318711036623E+07   0.894619875251E+00
        240   0.457187846755E+07   0.318701459472E+07   0.851963314509E+00
        242   0.457201843114E+07   0.318432122474E+07   0.908183199895E+00
        222   0.457075691229E+07   0.318523353223E+07   0.909447580985E+00
       1650   0.457098900559E+07   0.318383609743E+07   0.923014907144E+00
        279   0.457651968255E+07   0.318564634335E+07   0.746580675252E+00
        264   0.457533346585E+07   0.318609804380E+07   0.764062812300E+00
        325   0.458447408593E+07   0.319101237836E+07   0.124496387290E+00
        226   0.457358377750E+07   0.318762860992E+07   0.786029513869E+00
        225   0.457330264339E+07   0.318731101870E+07   0.798567123668E+00
        173   0.456788638770E+07   0.318601311329E+07   0.927562622414E+00
        171   0.456709945599E+07   0.318524692080E+07   0.927678214971E+00
       1647   0.456692144467E+07   0.318438977580E+07   0.928327604900E+00
        185   0.456797098388E+07   0.318383522332E+07   0.929073964723E+00
        168   0.456503216762E+07   0.318567693689E+07   0.927882383292E+00
       1648   0.456596545762E+07   0.318515624486E+07   0.928095607233E+00
        169   0.456539050436E+07   0.318642543812E+07   0.928058602290E+00
        217   0.457028583235E+07   0.318093230206E+07   0.930304171668E+00
        202   0.456918425062E+07   0.318300438837E+07   0.929235809006E+00
        156   0.456424692823E+07   0.318570132754E+07   0.927509941001E+00
        170   0.456640139553E+07   0.318606590111E+07   0.927737645818E+00
        492   0.460328381749E+07   0.319834081152E+07  -0.167342866860E-03
        507   0.460303166156E+07   0.319680979498E+07  -0.211812136939E-03
        546   0.460736858521E+07   0.319714760506E+07  -0.134542908886E-03
        571   0.460890864259E+07   0.319574609690E+07  -0.127471217445E-03
        547   0.460799488629E+07   0.319721296955E+07  -0.126051691063E-03
        491   0.460169680462E+07   0.319850553991E+07  -0.191158406314E-03
        489   0.460039265842E+07   0.319727657551E+07  -0.238229924318E-03
        490   0.460095336081E+07   0.319807436046E+07  -0.209591940845E-03
        545   0.460692140955E+07   0.319632491482E+07  -0.150113646423E-03
        544   0.460673071231E+07   0.319522845790E+07  -0.167165095722E-03
        551   0.461154983769E+07   0.319709096087E+07  -0.802774594164E-04
        550   0.461066983274E+07   0.319709396141E+07  -0.929576580741E-04
        987   0.467036330700E+07   0.317470102315E+07  -0.234787741450E-07
       1108   0.466791092805E+07   0.317832293943E+07  -0.271472904137E-07
       1044   0.466725474831E+07   0.317716943905E+07  -0.256520165774E-07
        985   0.466698138309E+07   0.317688656087E+07  -0.243407308271E-07
        827   0.466801937898E+07   0.317366525754E+07  -0.191060833776E-07
        870   0.466910395410E+07   0.317310728086E+07  -0.214469500684E-07
        868   0.466726626733E+07   0.317491498475E+07  -0.209923162025E-07
        825   0.466723610929E+07   0.317354159992E+07  -0.150899483554E-07
        826   0.466815136324E+07   0.317246913254E+07  -0.144861590165E-07
        938   0.463297149573E+07   0.319747871529E+07  -0.413331795781E-07
        883   0.463588048698E+07   0.319325898845E+07  -0.224296883498E-05
       1006   0.463323841385E+07   0.319821822860E+07  -0.124083151762E-07
        802   0.463302428789E+07   0.319478721144E+07  -0.100318461520E-05
        780   0.463269321949E+07   0.319284747630E+07  -0.520454820521E-05
       1008   0.463631924901E+07   0.319578018093E+07  -0.159196947471E-07
        882   0.463467247919E+07   0.319491611752E+07  -0.460592262561E-06
        845   0.464313855679E+07   0.318540984228E+07  -0.231704593345E-05
        851   0.464178816591E+07   0.318922471515E+07  -0.115232826621E-05
        901   0.464266642268E+07   0.318800355304E+07  -0.117636597902E-05
        774   0.464195907013E+07   0.318330341318E+07  -0.363008421374E-05
        812   0.464326036801E+07   0.318423598849E+07  -0.273073904671E-05
        846   0.464428394891E+07   0.318442850249E+07  -0.184727861771E-05
        897   0.464356454921E+07   0.318617957308E+07  -0.152569662148E-05
        757   0.464110803470E+07   0.318286986146E+07  -0.399684655227E-05
        749   0.464115874811E+07   0.318189970678E+07  -0.402709086463E-05
        758   0.464200849836E+07   0.318250682233E+07  -0.361903516767E-05
        745   0.464187525314E+07   0.318193934810E+07  -0.351435922326E-05
        748   0.464008041876E+07   0.318191632605E+07  -0.507061192868E-05
        738   0.463869354491E+07   0.318140388673E+07  -0.625372767750E-05
        737   0.463816287638E+07   0.318103704715E+07  -0.669741377515E-05
        726   0.463739189666E+07   0.318118597193E+07  -0.745479559384E-05
        744   0.463013433122E+07   0.319338129921E+07  -0.804765877592E-05
        743   0.462944136964E+07   0.319243547817E+07  -0.107466249741E-04
        733   0.462896195969E+07   0.319442517310E+07  -0.918258828649E-05
        771   0.463206853704E+07   0.319273571105E+07  -0.561181767557E-05
        707   0.463514982156E+07   0.318047702289E+07  -0.103681744410E-04
        705   0.463338470755E+07   0.317962363392E+07  -0.141522194784E-04
        702   0.462589513215E+07   0.319477451285E+07  -0.133935236887E-04
        692   0.462174750008E+07   0.318771287065E+07  -0.390118989387E-04
        648   0.463482967622E+07   0.317537596645E+07  -0.130268371830E-04
        646   0.463223756411E+07   0.317493054040E+07  -0.170862442375E-04
        647   0.463449583293E+07   0.317461545342E+07  -0.133650152533E-04
        658   0.463577593094E+07   0.317773147754E+07  -0.100131255286E-04
        661   0.463583027547E+07   0.317858004531E+07  -0.704257447100E-05
        628   0.463645697175E+07   0.317838361538E+07  -0.556741014598E-05
        627   0.463639855971E+07   0.317786451649E+07  -0.622686758803E-05
        626   0.463642736491E+07   0.317714637851E+07  -0.822422842064E-05
        555   0.462213640174E+07   0.317419845927E+07  -0.244310114357E-04
        532   0.462153403084E+07   0.317441358959E+07  -0.239138368391E-04
        510   0.462098851350E+07   0.317472181327E+07  -0.236000950537E-04
        118   0.456921721568E+07   0.317014693861E+07   0.926661826775E+00
        536   0.461674076819E+07   0.317660927345E+07  -0.156520781492E-03
        530   0.461809522121E+07   0.317577489073E+07  -0.124042697361E-03
        558   0.461969403081E+07   0.317655415297E+07  -0.849433346206E-04
        515   0.461700686658E+07   0.317504575450E+07  -0.127527319054E-03
        516   0.461772895117E+07   0.317518922333E+07  -0.125317572907E-03
        520   0.461050875926E+07   0.317974078246E+07  -0.317867697476E-03
        498   0.461134443241E+07   0.317739194767E+07  -0.313938982212E-03
        517   0.461221817457E+07   0.317770959004E+07  -0.277913453861E-03
        563   0.461501563039E+07   0.317856979083E+07  -0.192431650064E-03
        564   0.461641420256E+07   0.317832405454E+07  -0.157994411571E-03
        477   0.461082992313E+07   0.317652375871E+07  -0.343190417580E-03
        478   0.461194861129E+07   0.317590289273E+07  -0.298498903711E-03
        493   0.461269188801E+07   0.317593504699E+07  -0.275745809574E-03
        476   0.460988961192E+07   0.317722910006E+07  -0.394201557752E-03
        439   0.460872379886E+07   0.317720637025E+07  -0.484073561669E-03
        419   0.460878362222E+07   0.317655664835E+07  -0.494700941014E-03
        474   0.460711856959E+07   0.317944998682E+07  -0.515368886194E-03
        459   0.460719892773E+07   0.317847564685E+07  -0.533250739434E-03
        433   0.460472148842E+07   0.317782839217E+07  -0.755599733421E-03
        449   0.460388243727E+07   0.317930121886E+07  -0.791062863137E-03
        482   0.460201756559E+07   0.318412346730E+07  -0.758052899034E-03
        496   0.460752495531E+07   0.318038213276E+07  -0.466844313191E-03
        521   0.460869855083E+07   0.318222235267E+07  -0.351732595977E-03
        611   0.461248779629E+07   0.319052188169E+07  -0.119037860560E-03
        432   0.460378986365E+07   0.317800511824E+07  -0.866529399330E-03
        466   0.460264979671E+07   0.318152208951E+07  -0.818472492161E-03
        448   0.460155451502E+07   0.318114664116E+07  -0.958700335701E-03
        415   0.460183294860E+07   0.317725496911E+07  -0.116718441081E-02
        465   0.460014243413E+07   0.318350111132E+07  -0.996378981035E-03
        403   0.459903044061E+07   0.317793173185E+07  -0.151552390982E-02
        388   0.459950856639E+07   0.317623549484E+07  -0.155705780873E-02
        426   0.459578937272E+07   0.318269842073E+07  -0.181929483982E-02
        420   0.459345223217E+07   0.318540715874E+07  -0.210430344925E-02
        445   0.459797799734E+07   0.318327280486E+07  -0.132792366004E-02
        404   0.460031739153E+07   0.317671069324E+07  -0.139907844948E-02
        371   0.459593428196E+07   0.317570102964E+07   0.109481328625E+00
        386   0.459496939008E+07   0.317745016179E+07   0.304007613155E-01
        314   0.459152305854E+07   0.317262898597E+07   0.352029543375E+00
        313   0.459027028311E+07   0.317307082207E+07   0.333939228959E+00
        379   0.459223965013E+07   0.317891229697E+07  -0.327379126667E-02
        270   0.458269915621E+07   0.317409415140E+07   0.825005573480E+00
        249   0.458275281018E+07   0.317199542525E+07   0.835819433689E+00
        231   0.458319182436E+07   0.317088314326E+07   0.855475605668E+00
        287   0.458475588087E+07   0.317457283744E+07   0.683949655350E+00
        230   0.458252611090E+07   0.317088158099E+07   0.856225552086E+00
        284   0.458068674153E+07   0.317598272678E+07   0.755561323004E+00
        228   0.458053325090E+07   0.317070244048E+07   0.863701565165E+00
        229   0.458161143201E+07   0.317082463528E+07   0.862277159566E+00
        213   0.457873110976E+07   0.317175160139E+07   0.904810945947E+00
        194   0.457860564896E+07   0.317126038514E+07   0.903161288611E+00
        195   0.457909187059E+07   0.317073134170E+07   0.862121806022E+00
        221   0.457701738179E+07   0.317311033275E+07   0.915125935766E+00
        234   0.457797204061E+07   0.317311527333E+07   0.900435146356E+00
        212   0.457801334517E+07   0.317186605864E+07   0.933087386737E+00
        296   0.458113954853E+07   0.317805210247E+07   0.662456999191E+00
        298   0.458475258526E+07   0.317595146902E+07   0.629782884488E+00
        267   0.458192218383E+07   0.317352588809E+07   0.844908104191E+00
        311   0.458795046617E+07   0.317499303904E+07   0.439419132178E+00
        312   0.458908566875E+07   0.317422421882E+07   0.406370238200E+00
        300   0.458726109248E+07   0.317454457188E+07   0.490198354890E+00
       1654   0.458912238665E+07   0.318214160581E+07  -0.339097713388E-02
        462   0.459768295667E+07   0.318616534729E+07  -0.116068064031E-02
        480   0.459979754638E+07   0.318639807201E+07  -0.868915223575E-03
        398   0.459042631731E+07   0.318464839434E+07  -0.346737954845E-02
        396   0.459122445077E+07   0.318168038413E+07  -0.398244101092E-02
        352   0.458560375419E+07   0.318555129291E+07  -0.484231831610E-02
        440   0.459552524732E+07   0.318585051523E+07  -0.157559868124E-02
        334   0.458324603825E+07   0.318507799533E+07   0.378184646518E+00
        317   0.458146972325E+07   0.318692771446E+07   0.476166932728E+00
        500   0.460171897777E+07   0.318722131516E+07  -0.629976322706E-03
        592   0.461106778106E+07   0.319361784781E+07  -0.115637804112E-03
        572   0.461003734098E+07   0.319574427160E+07  -0.112988739312E-03
        614   0.461349385517E+07   0.319231100497E+07  -0.932359459266E-04
        549   0.460959478441E+07   0.319711581330E+07  -0.107921376934E-03
        548   0.460869674667E+07   0.319745313060E+07  -0.115701276420E-03
        589   0.461310737077E+07   0.319711793756E+07  -0.642427482219E-04
        573   0.461226629055E+07   0.319709159061E+07  -0.715817460733E-04
        597   0.461615190947E+07   0.319691141836E+07  -0.448189848188E-04
        596   0.461548901786E+07   0.319705636122E+07  -0.496898772973E-04
        595   0.461471411427E+07   0.319719707312E+07  -0.543447848987E-04
        651   0.462086337424E+07   0.319645820541E+07  -0.180694825728E-04
        625   0.461986260451E+07   0.319639199969E+07  -0.213719428030E-04
        652   0.462321475715E+07   0.319645926915E+07  -0.138312594047E-04
        653   0.462345472272E+07   0.319675766202E+07  -0.127067779766E-04
        677   0.462494763096E+07   0.319599187499E+07  -0.131614508690E-04
        684   0.462574976208E+07   0.319632521347E+07  -0.984018144512E-05
        656   0.462518388521E+07   0.319698707491E+07  -0.778506175790E-05
        657   0.462547637633E+07   0.319730785521E+07  -0.625046343097E-05
        524   0.460333838687E+07   0.319252780641E+07  -0.298788414939E-03
        456   0.459831128122E+07   0.319520163552E+07  -0.408692656325E-03
        528   0.460569104060E+07   0.319734073123E+07  -0.156474711219E-03
        503   0.460113272780E+07   0.319445285456E+07  -0.317636730967E-03
        488   0.460004038173E+07   0.319648464810E+07  -0.271798583862E-03
        485   0.459979325667E+07   0.319575862092E+07  -0.310546571925E-03
        529   0.460635778154E+07   0.319740223965E+07  -0.143843541694E-03
        487   0.460025261034E+07   0.319398604821E+07  -0.379781808644E-03
        472   0.459923845232E+07   0.319535176038E+07  -0.355152931959E-03
        424   0.459530348712E+07   0.319084727495E+07  -0.111906983378E-02
        425   0.459532294894E+07   0.319201659316E+07  -0.101083269383E-02
        395   0.459225348529E+07   0.319216397858E+07  -0.158190861818E-02
        336   0.458435590627E+07   0.318731713741E+07   0.205691361079E+00
        335   0.458411096260E+07   0.318597603921E+07   0.178779351523E+00
        382   0.458826413974E+07   0.318630136680E+07  -0.406825751119E-02
        367   0.458687409235E+07   0.318745815851E+07  -0.421675105771E-02
        381   0.458885289726E+07   0.318415020180E+07  -0.493141006894E-02
        444   0.459603526448E+07   0.319180752441E+07  -0.929530486181E-03
        451   0.459664109111E+07   0.319192032108E+07  -0.831338402722E-03
        337   0.458448720574E+07   0.318817591908E+07   0.188712635469E+00
        207   0.457682770818E+07   0.317206541590E+07   0.920069959160E+00
        174   0.457302536578E+07   0.317091232465E+07   0.927337462929E+00
        183   0.457183114631E+07   0.317303087280E+07   0.927767041059E+00
        190   0.457502244082E+07   0.317241088711E+07   0.923545235227E+00
        151   0.457099075382E+07   0.317033210089E+07   0.926838824246E+00
        134   0.457077176771E+07   0.316980577137E+07   0.926752907309E+00
        155   0.457184583999E+07   0.317050956500E+07   0.926998414618E+00
        166   0.457201530044E+07   0.317126882761E+07   0.927029072163E+00
        164   0.456727605107E+07   0.317498907698E+07   0.926819457988E+00
         96   0.456514250722E+07   0.317201112438E+07   0.926240914700E+00
         75   0.456513472639E+07   0.317131676314E+07   0.926225714802E+00
         97   0.456586916774E+07   0.317129749797E+07   0.926257434560E+00
         67   0.456116517145E+07   0.317353168322E+07   0.925518057638E+00
         84   0.456113437971E+07   0.317455890701E+07   0.925612924810E+00
         53   0.456177223235E+07   0.317241921096E+07   0.925470904955E+00
        141   0.456160818756E+07   0.317906520921E+07   0.926088697234E+00
        241   0.457226710999E+07   0.318211792140E+07   0.928758491347E+00
        218   0.457053111360E+07   0.318270384718E+07   0.929876982346E+00
        320   0.458329088458E+07   0.318917594834E+07   0.221074200034E+00
         98   0.455811991092E+07   0.318107067985E+07   0.925595157564E+00
        147   0.456241382961E+07   0.318276289246E+07   0.926645083208E+00
        130   0.456157343421E+07   0.318556807211E+07   0.926817017478E+00
         95   0.455973865697E+07   0.318575153621E+07   0.926184108829E+00
         89   0.455929737659E+07   0.318553811882E+07   0.926174614273E+00
         88   0.455879377495E+07   0.318554046484E+07   0.926116020911E+00
         62   0.455697484518E+07   0.317744396210E+07   0.925153272957E+00
         57   0.455575004453E+07   0.318379424220E+07   0.925408859922E+00
         46   0.455470883021E+07   0.318465190976E+07   0.925328463487E+00
         77   0.455702807952E+07   0.317924508081E+07   0.925283459892E+00
         52   0.456115768410E+07   0.317276234746E+07   0.925476357545E+00
         51   0.456042046824E+07   0.317276485986E+07   0.925243021516E+00
         49   0.455839160914E+07   0.317404660676E+07   0.924990784278E+00
         32   0.455495565023E+07   0.317505626720E+07   0.924578085316E+00
         21   0.455096100064E+07   0.317809430563E+07   0.924236087083E+00
         27   0.455190039814E+07   0.318324376391E+07   0.924774929753E+00
         35   0.455260884551E+07   0.318176246421E+07   0.924774417132E+00
         26   0.455078740067E+07   0.318321930072E+07   0.924552720850E+00
          6   0.454732152291E+07   0.317952756752E+07   0.923761869206E+00
         18   0.454808985885E+07   0.318349426676E+07   0.924094303114E+00
         71   0.455691420401E+07   0.318398840228E+07   0.925613267940E+00
         70   0.455671054855E+07   0.318494250216E+07   0.925639392446E+00
        111   0.456032125798E+07   0.318504937007E+07   0.926346215633E+00
         74   0.455908076313E+07   0.318625491231E+07   0.926117879597E+00
        112   0.456183555907E+07   0.318656379940E+07   0.927012546331E+00
        128   0.456083731971E+07   0.318502544671E+07   0.926487554607E+00
        120   0.456290355933E+07   0.318698398518E+07   0.926987515134E+00
        184   0.456660147927E+07   0.318333472559E+07   0.928344536377E+00
        193   0.456902424137E+07   0.318653156074E+07   0.924499797875E+00
        177   0.456862083461E+07   0.318643873836E+07   0.924384077356E+00
        282   0.457696513824E+07   0.318877752060E+07   0.572027348480E+00
        306   0.458089845732E+07   0.318903773550E+07   0.364548330964E+00
        283   0.457788056355E+07   0.318868194185E+07   0.556718948501E+00
        294   0.457900940821E+07   0.318717592796E+07   0.540843611553E+00
        295   0.457920918101E+07   0.318831828052E+07   0.533549974294E+00
        305   0.458014540545E+07   0.318847165582E+07   0.495145691432E+00
        265   0.457568489086E+07   0.318703970647E+07   0.697040192967E+00
        246   0.457472934036E+07   0.318727888466E+07   0.765582517474E+00
        227   0.457406463331E+07   0.318756852296E+07   0.782756210160E+00
